Nº de referencia,Actualizado por,Asunto,Buzón de correo,Cola,Creado por cuenta,Modo de Contacto,UsuarioIntra,Tipo de Incidente,Tipo de estado,Tipo Cobro,Siniestro,Poliza,NroCuenta,ID de producto,ID de incidente,ID de disposición,ID de contacto,ID de categoría,Grupo,FechaEfecto,Fecha de última respuesta,Fecha de última actualización,Fecha de creación,Fecha de cierre,Estado,Cuenta asignada,ID de organización
161111-349121,,Incidente importado desde SAC,,Emisión Masivos,Usuario Importador,Telemarketing,,,Solucionado,,,,,AUS1 - AUTOMOTORES,854185,,2178081,Rechazos/ Reducción de cobertura,,,,'2021-04-28 13:20:00','2016-11-11 08:26:13','2016-11-11 08:26:13',Resuelto,,
161111-349124,,Incidente importado desde SAC,,Inspecciones Autos,Usuario Importador,Telemarketing,,,Solucionado,,,,,AUS1 - AUTOMOTORES,854188,,5104946,Inspección por previa DDJJ,,,,'2021-04-28 13:20:00','2016-11-11 08:26:13','2016-11-11 08:26:13',Resuelto,,
161111-349128,,Incidente importado desde SAC,,Emisión Masivos,Usuario Importador,Canal productor,,,Solucionado,,,,,AUS1 - AUTOMOTORES,854192,,3449254,Corrección de propuesta,,,,'2021-04-28 13:20:00','2016-11-11 08:26:14','2016-11-11 08:26:14',Resuelto,,
161111-349129,,Incidente importado desde SAC,,Fleet Services,Usuario Importador,Telemarketing,,,Solucionado,,,,,AUI1 - AUTOMOTORES INSTITUCIONES,854193,,2469813,Contacto del tercero,,,,'2021-04-28 13:20:00','2016-11-11 08:26:14','2016-11-11 08:26:14',Resuelto,,
161111-349130,,Incidente importado desde SAC,,Emisión Masivos,Usuario Importador,Telemarketing,,,Solucionado,,,,,AUS1 - AUTOMOTORES,854194,,302449,4 cuotas con un descuento del 25 %,,,,'2021-04-28 13:20:00','2016-11-11 08:26:14','2016-11-11 08:26:14',Resuelto,,
161111-349131,,Incidente importado desde SAC,,,Usuario Importador,Telemarketing,,,Solucionado,,,,,AUS1 - AUTOMOTORES,854195,,3706307,Cliente para retención,,,,'2021-04-28 13:20:00','2016-11-11 08:26:14','2016-11-11 08:26:14',Atendido,,
161111-349133,,Incidente importado desde SAC,,Emisión Masivos,Usuario Importador,Telemarketing,,,Solucionado,,,,,AUS1 - AUTOMOTORES,854197,,3768154,Corrección de propuesta,,,,'2021-04-28 13:20:00','2016-11-11 08:26:14','2016-11-11 08:26:14',Resuelto,,
161111-349141,,Incidente importado desde SAC,,Pago Telefonico,Usuario Importador,Telemarketing,,,Solucionado,,,,,AUS1 - AUTOMOTORES,854205,,6031800,Pago telefónico,,,,'2021-04-28 13:20:00','2016-11-11 08:26:14','2016-11-11 08:26:14',Resuelto,,
161111-349142,,Incidente importado desde SAC,,,Usuario Importador,Telemarketing,,,Solucionado,,,,,AUS1 - AUTOMOTORES,854206,,7458715,Cliente para retención,,,,'2021-04-28 13:20:00','2016-11-11 08:26:14','2016-11-11 08:26:14',Atendido,,
161111-349143,,Incidente importado desde SAC,,Emisión Masivos,Usuario Importador,Telemarketing,,,Solucionado,,,,,AUI1 - AUTOMOTORES INSTITUCIONES,854207,,3520861,Rehabilitación de póliza con Inspección,,,,'2021-04-28 13:20:00','2016-11-11 08:26:14','2016-11-11 08:26:14',Resuelto,,
161111-349144,,Incidente importado desde SAC,,Emisión Masivos,Usuario Importador,Telemarketing,,,Solucionado,,,,,AUS1 - AUTOMOTORES,854208,,4413330,4 cuotas con un descuento del 25 %,,,,'2021-04-28 13:20:00','2016-11-11 08:26:14','2016-11-11 08:26:14',Resuelto,,
161111-349150,,Incidente importado desde SAC,,Emisión Masivos,Usuario Importador,Telemarketing,,,Solucionado,,,,,APR1 - AUTOMOTORES,854214,,4418257,Rechazos/ Reducción de cobertura,,,,'2021-04-28 13:20:00','2016-11-11 08:26:15','2016-11-11 08:26:15',Resuelto,,
161111-349154,,Incidente importado desde SAC,,Cleas,Usuario Importador,Telemarketing,,,Solucionado,,,,,AUS1 - AUTOMOTORES,854218,,2787562,Daños materiales Casa Central,,,,'2021-04-28 13:20:00','2016-11-11 08:26:15','2016-11-11 08:26:15',Resuelto,,
161111-349155,,Incidente importado desde SAC,,Cobranzas Automático,Usuario Importador,Telemarketing,,,Solucionado,,,,,ATD1 - ROBO/USUAR.T.DEB-CRE,854219,,6219769,No califica,,,,'2021-04-28 13:20:00','2016-11-11 08:26:16','2016-11-11 08:26:16',Resuelto,,
161111-349157,,Incidente importado desde SAC,,Inspecciones Autos,Usuario Importador,Telemarketing,,,Solucionado,,,,,AUS1 - AUTOMOTORES,854221,,1142673,Inspección por previa DDJJ,,,,'2021-04-28 13:20:00','2016-11-11 08:26:16','2016-11-11 08:26:16',Resuelto,,
161111-349159,,Incidente importado desde SAC,,Emisión Masivos,Usuario Importador,Telemarketing,,,Solucionado,,,,,HOM1 - SEGURO DEL HOGAR,854223,,2215440,Baja de póliza,,,,'2021-04-28 13:20:00','2016-11-11 08:26:16','2016-11-11 08:26:16',Resuelto,,
161111-349161,,Incidente importado desde SAC,,Emisión Masivos,Usuario Importador,Telemarketing,,,Solucionado,,,,,AUS1 - AUTOMOTORES,854225,,6156620,Rechazos/ Reducción de cobertura,,,,'2021-04-28 13:20:00','2016-11-11 08:26:16','2016-11-11 08:26:16',Resuelto,,
161111-349163,,Incidente importado desde SAC,,Inspecciones Autos,Usuario Importador,Telemarketing,,,Solucionado,,,,,AUS1 - AUTOMOTORES,854227,,3142671,Inspección por previa DDJJ,,,,'2021-04-28 13:20:00','2016-11-11 08:26:16','2016-11-11 08:26:16',Resuelto,,
161111-349164,,Incidente importado desde SAC,,Mailing,Usuario Importador,Telemarketing,,,Solucionado,,,,,AUS1 - AUTOMOTORES,854228,,1359563,Certificado de cobertura,,,,'2021-04-28 13:20:00','2016-11-11 08:26:17','2016-11-11 08:26:17',Resuelto,,
161111-349166,,Incidente importado desde SAC,,Emisión Masivos,Usuario Importador,Telemarketing,,,Solucionado,,,,,AUS1 - AUTOMOTORES,854230,,1413401,Propuesta incompleta,,,,'2021-04-28 13:20:00','2016-11-11 08:26:17','2016-11-11 08:26:17',Resuelto,,
161111-349167,,Incidente importado desde SAC,,Mailing,Usuario Importador,Telemarketing,,,Solucionado,,,,,AUS1 - AUTOMOTORES,854231,,7328758,Certificado de cobertura,,,,'2021-04-28 13:20:00','2016-11-11 08:26:17','2016-11-11 08:26:17',Resuelto,,
161111-349168,,Incidente importado desde SAC,,Emisión Masivos,Usuario Importador,Telemarketing,,,Solucionado,,,,,AUS1 - AUTOMOTORES,854232,,7807942,No califica,,,,'2021-04-28 13:20:00','2016-11-11 08:26:17','2016-11-11 08:26:17',Resuelto,,
161111-349174,,Incidente importado desde SAC,,Emisión Masivos,Usuario Importador,Carta Documento,,,Solucionado,,,,,AUS1 - AUTOMOTORES,854238,,2412961,Cambio de productor,,,,'2021-04-28 13:20:00','2016-11-11 08:26:17','2016-11-11 08:26:17',Resuelto,,
161111-349177,,Incidente importado desde SAC,,Cac,Usuario Importador,Telemarketing,,,Solucionado,,,,,AUS1 - AUTOMOTORES,854241,,2968791,Inspección por previa,,,,'2021-04-28 13:20:00','2016-11-11 08:26:19','2016-11-11 08:26:19',Anulado,,
161111-349178,,Incidente importado desde SAC,,Emisión Masivos,Usuario Importador,Comercial,,,Solucionado,,,,,AUS1 - AUTOMOTORES,854242,,4497442,,,,,'2021-04-28 13:20:00','2016-11-11 08:26:19','2016-11-11 08:26:19',Resuelto,,
161111-349179,,Incidente importado desde SAC,,Mailing,Usuario Importador,Telemarketing,,,Solucionado,,,,,AUS1 - AUTOMOTORES,854243,,2092761,Certificado de cobertura,,,,'2021-04-28 13:20:00','2016-11-11 08:26:20','2016-11-11 08:26:20',Resuelto,,
161111-349184,,Incidente importado desde SAC,,Emisión Masivos,Usuario Importador,Telemarketing,,,Solucionado,,,,,AUS1 - AUTOMOTORES,854248,,5722500,Facturación,,,,'2021-04-28 13:20:00','2016-11-11 08:26:20','2016-11-11 08:26:20',Resuelto,,
161111-349185,,Incidente importado desde SAC,,Emisión Masivos,Usuario Importador,Telemarketing,,,Solucionado,,,,,AUS1 - AUTOMOTORES,854249,,2404493,4 cuotas con un descuento del 15 %,,,,'2021-04-28 13:20:00','2016-11-11 08:26:20','2016-11-11 08:26:20',Resuelto,,
161111-349186,,Incidente importado desde SAC,,Drive in Centro,Usuario Importador,Telemarketing,,,Solucionado,,,,,APL1 - AUTOMOTORES PLANES,854250,,3452055,Daños materiales drive In Centro,,,,'2021-04-28 13:20:00','2016-11-11 08:26:21','2016-11-11 08:26:21',Resuelto,,
161111-349187,,Incidente importado desde SAC,,Emisión Masivos,Usuario Importador,Telemarketing,,,Solucionado,,,,,AUS1 - AUTOMOTORES,854251,,2672658,10 cuotas con un descuento del 15 %,,,,'2021-04-28 13:20:00','2016-11-11 08:26:21','2016-11-11 08:26:21',Resuelto,,
161111-349188,,Incidente importado desde SAC,,Emisión Masivos,Usuario Importador,Especialistas,,,Solucionado,,,,,AUS1 - AUTOMOTORES,854252,,2681007,Inspección por previa,,,,'2021-04-28 13:20:00','2016-11-11 08:26:21','2016-11-11 08:26:21',Resuelto,,
161111-349189,,Incidente importado desde SAC,,,Usuario Importador,Canal productor,,,Solucionado,,,,,AUS1 - AUTOMOTORES,854253,,4282787,Cliente para retención,,,,'2021-04-28 13:20:00','2016-11-11 08:26:21','2016-11-11 08:26:21',Atendido,,
161111-349191,,Incidente importado desde SAC,,Oficina Cordoba,Usuario Importador,Telemarketing,,,Solucionado,,,,,AUS1 - AUTOMOTORES,854255,,3482043,Rechazos/ Reducción de cobertura,,,,'2021-04-28 13:20:00','2016-11-11 08:26:21','2016-11-11 08:26:21',Resuelto,,
161111-349192,,Incidente importado desde SAC,,Emisión Masivos,Usuario Importador,Carta Documento,,,Solucionado,,,,,AUI1 - AUTOMOTORES INSTITUCIONES,854256,,321114,Baja de póliza,,,,'2021-04-28 13:20:00','2016-11-11 08:26:21','2016-11-11 08:26:21',Resuelto,,
161111-349196,,Incidente importado desde SAC,,Emisión Masivos,Usuario Importador,Carta,,,Solucionado,,,,,AUS1 - AUTOMOTORES,854260,,1828572,No califica,,,,'2021-04-28 13:20:00','2016-11-11 08:26:21','2016-11-11 08:26:21',Resuelto,,
161111-349197,,Incidente importado desde SAC,,Telecobranzas,Usuario Importador,Telemarketing,,,Solucionado,,,,,AUS1 - AUTOMOTORES,854261,,3645845,Reenvío al cobro,,,,'2021-04-28 13:20:00','2016-11-11 08:26:21','2016-11-11 08:26:21',Resuelto,,
161111-349199,,Incidente importado desde SAC,,Emisión Masivos,Usuario Importador,Telemarketing,,,Solucionado,,,,,AUS1 - AUTOMOTORES,854263,,5284481,Baja de póliza,,,,'2021-04-28 13:20:00','2016-11-11 08:26:22','2016-11-11 08:26:22',Resuelto,,
161111-349202,,Incidente importado desde SAC,,Mailing,Usuario Importador,Carta Documento,,,Solucionado,,,,,APR1 - AUTOMOTORES,854266,,3856332,Certificado de cobertura,,,,'2021-04-28 13:20:00','2016-11-11 08:26:22','2016-11-11 08:26:22',Resuelto,,
161111-349205,,Incidente importado desde SAC,,Emisión Masivos,Usuario Importador,Canal productor,,,Solucionado,,,,,AUS1 - AUTOMOTORES,854269,,7429650,,,,,'2021-04-28 13:20:00','2016-11-11 08:26:22','2016-11-11 08:26:22',No Procedente,,
161111-349206,,Incidente importado desde SAC,,,Usuario Importador,Telemarketing,,,Solucionado,,,,,AUS1 - AUTOMOTORES,854270,,2024964,Cliente para retención,,,,'2021-04-28 13:20:00','2016-11-11 08:26:22','2016-11-11 08:26:22',Atendido,,
161111-349215,,Incidente importado desde SAC,,Mailing,Usuario Importador,Telemarketing,,,Solucionado,,,,,AUS1 - AUTOMOTORES,854279,,2056328,Certificado de cobertura,,,,'2021-04-28 13:20:00','2016-11-11 08:26:23','2016-11-11 08:26:23',Resuelto,,
161111-349217,,Incidente importado desde SAC,,Cac,Usuario Importador,Telemarketing,,,Solucionado,,,,,AUS1 - AUTOMOTORES,854281,,2415211,Certificado de cobertura,,,,'2021-04-28 13:20:00','2016-11-11 08:26:23','2016-11-11 08:26:23',Anulado,,
161111-349218,,Incidente importado desde SAC,,Mailing,Usuario Importador,Carta Documento,,,Solucionado,,,,,AUS1 - AUTOMOTORES,854282,,3459937,Certificado de cobertura,,,,'2021-04-28 13:20:00','2016-11-11 08:26:23','2016-11-11 08:26:23',Resuelto,,
161111-349222,,Incidente importado desde SAC,,Inspecciones Autos,Usuario Importador,Telemarketing,,,Solucionado,,,,,AUS1 - AUTOMOTORES,854286,,3424942,Inspección por previa DDJJ,,,,'2021-04-28 13:20:00','2016-11-11 08:26:23','2016-11-11 08:26:23',Resuelto,,
161111-349228,,Incidente importado desde SAC,,Emisión Masivos,Usuario Importador,Telemarketing,,,Solucionado,,,,,HOM1 - SEGURO DEL HOGAR,854292,,4844798,No califica,,,,'2021-04-28 13:20:00','2016-11-11 08:26:23','2016-11-11 08:26:23',No Procedente,,
161111-349230,,Incidente importado desde SAC,,,Usuario Importador,Telemarketing,,,Solucionado,,,,,AUS1 - AUTOMOTORES,854294,,3683126,Cliente para retención,,,,'2021-04-28 13:20:00','2016-11-11 08:26:24','2016-11-11 08:26:24',Atendido,,
161111-349231,,Incidente importado desde SAC,,Emisión Masivos,Usuario Importador,Telemarketing,,,Solucionado,,,,,AUS1 - AUTOMOTORES,854295,,3891560,Baja de póliza,,,,'2021-04-28 13:20:00','2016-11-11 08:26:24','2016-11-11 08:26:24',Resuelto,,
161111-349233,,Incidente importado desde SAC,,Cac,Usuario Importador,Telemarketing,,,Solucionado,,,,,APR1 - AUTOMOTORES,854297,,3435914,Inspección por previa DDJJ,,,,'2021-04-28 13:20:00','2016-11-11 08:26:24','2016-11-11 08:26:24',No Procedente,,
161111-349234,,Incidente importado desde SAC,,Emisión Masivos,Usuario Importador,Canal productor,,,Solucionado,,,,,AUS1 - AUTOMOTORES,854298,,3512885,Corrección de propuesta,,,,'2021-04-28 13:20:00','2016-11-11 08:26:24','2016-11-11 08:26:24',Resuelto,,
161111-349238,,Incidente importado desde SAC,,Riesgos Varios Casa Central,Usuario Importador,Telemarketing,,,Solucionado,,,,,HOM1 - SEGURO DEL HOGAR,854302,,2070470,Riesgos Varios Casa Central,,,,'2021-04-28 13:20:00','2016-11-11 08:26:25','2016-11-11 08:26:25',Resuelto,,
161111-349241,,Incidente importado desde SAC,,,Usuario Importador,Telemarketing,,,Solucionado,,,,,AUS1 - AUTOMOTORES,854305,,4884644,Cliente para retención,,,,'2021-04-28 13:20:00','2016-11-11 08:26:25','2016-11-11 08:26:25',Atendido,,
161111-349242,,Incidente importado desde SAC,,Mailing,Usuario Importador,Telemarketing,,,Solucionado,,,,,AUS1 - AUTOMOTORES,854306,,1749200,Certificado de cobertura,,,,'2021-04-28 13:20:00','2016-11-11 08:26:25','2016-11-11 08:26:25',Resuelto,,
161111-349247,,Incidente importado desde SAC,,Gerencia Clientes,Usuario Importador,Telemarketing,,,Solucionado,,,,,AUS1 - AUTOMOTORES,854311,,4153665,Recotización,,,,'2021-04-28 13:20:00','2016-11-11 08:26:26','2016-11-11 08:26:26',Resuelto,,
161111-349250,,Incidente importado desde SAC,,Gerencia Venta Directa,Usuario Importador,Comercial,,,Solucionado,,,,,AUI1 - AUTOMOTORES INSTITUCIONES,854314,,3626401,Ampliación de Cobertura con inspección,,,,'2021-04-28 13:20:00','2016-11-11 08:26:26','2016-11-11 08:26:26',Resuelto,,
161111-349251,,Incidente importado desde SAC,,,Usuario Importador,Telemarketing,,,Solucionado,,,,,AUS1 - AUTOMOTORES,854315,,6678900,Cliente para retención,,,,'2021-04-28 13:20:00','2016-11-11 08:26:26','2016-11-11 08:26:26',Atendido,,
161111-349252,,Incidente importado desde SAC,,Mailing,Usuario Importador,Telemarketing,,,Solucionado,,,,,HOM1 - SEGURO DEL HOGAR,854316,,6180094,Certificado de cobertura,,,,'2021-04-28 13:20:00','2016-11-11 08:26:26','2016-11-11 08:26:26',Resuelto,,
161111-349265,,Incidente importado desde SAC,,Cac,Usuario Importador,Telemarketing,,,Solucionado,,,,,AUS1 - AUTOMOTORES,854329,,6680850,Daños materiales Casa Central,,,,'2021-04-28 13:20:00','2016-11-11 08:26:27','2016-11-11 08:26:27',Anulado,,
161111-349266,,Incidente importado desde SAC,,Emisión Masivos,Usuario Importador,Telemarketing,,,Solucionado,,,,,AUS1 - AUTOMOTORES,854330,,2999919,4 cuotas con un descuento del 25 %,,,,'2021-04-28 13:20:00','2016-11-11 08:26:27','2016-11-11 08:26:27',Resuelto,,
161111-349267,,Incidente importado desde SAC,,Emisión Masivos,Usuario Importador,Telemarketing,,,Solucionado,,,,,HOM1 - SEGURO DEL HOGAR,854331,,641199,Baja de póliza,,,,'2021-04-28 13:20:00','2016-11-11 08:26:27','2016-11-11 08:26:27',Resuelto,,
161111-349269,,Incidente importado desde SAC,,Daños Materiales Autos,Usuario Importador,Telemarketing,,,Solucionado,,,,,AUS1 - AUTOMOTORES,854333,,1787709,Daños materiales Casa Central,,,,'2021-04-28 13:20:00','2016-11-11 08:26:28','2016-11-11 08:26:28',Resuelto,,
161111-349272,,Incidente importado desde SAC,,Oficina Cordoba,Usuario Importador,Telemarketing,,,Solucionado,,,,,AUS1 - AUTOMOTORES,854336,,1818889,Daños materiales Cordoba,,,,'2021-04-28 13:20:00','2016-11-11 08:26:28','2016-11-11 08:26:28',Resuelto,,
161111-349277,,Incidente importado desde SAC,,Cac,Usuario Importador,Telemarketing,,,Solucionado,,,,,AUS1 - AUTOMOTORES,854341,,412484,Inspección por previa,,,,'2021-04-28 13:20:00','2016-11-11 08:26:28','2016-11-11 08:26:28',No Procedente,,
161111-349280,,Incidente importado desde SAC,,Emisión Masivos,Usuario Importador,Telemarketing,,,Solucionado,,,,,HOM1 - SEGURO DEL HOGAR,854344,,5922233,Ampliación de Cobertura con inspección,,,,'2021-04-28 13:20:00','2016-11-11 08:26:28','2016-11-11 08:26:28',Resuelto,,
161111-349282,,Incidente importado desde SAC,,Emisión Masivos,Usuario Importador,Telemarketing,,,Solucionado,,,,,AUS1 - AUTOMOTORES,854346,,2972436,Modificaciones scoring,,,,'2021-04-28 13:20:00','2016-11-11 08:26:29','2016-11-11 08:26:29',Resuelto,,
161111-349283,,Incidente importado desde SAC,,Emisión Masivos,Usuario Importador,Telemarketing,,,Solucionado,,,,,HOM1 - SEGURO DEL HOGAR,854347,,2549966,Baja de póliza,,,,'2021-04-28 13:20:00','2016-11-11 08:26:29','2016-11-11 08:26:29',Resuelto,,
161111-349288,,Incidente importado desde SAC,,Emisión Masivos,Usuario Importador,Especialistas,,,Solucionado,,,,,AUS1 - AUTOMOTORES,854352,,6670486,No califica,,,,'2021-04-28 13:20:00','2016-11-11 08:26:29','2016-11-11 08:26:29',Resuelto,,
161111-349294,,Incidente importado desde SAC,,Mailing,Usuario Importador,Carta Documento,,,Solucionado,,,,,AUI1 - AUTOMOTORES INSTITUCIONES,854358,,3390323,Certificado de cobertura,,,,'2021-04-28 13:20:00','2016-11-11 08:26:30','2016-11-11 08:26:30',Resuelto,,
161111-349296,,Incidente importado desde SAC,,Emisión Masivos,Usuario Importador,Telemarketing,,,Solucionado,,,,,AUS1 - AUTOMOTORES,854360,,7441607,Baja de póliza,,,,'2021-04-28 13:20:00','2016-11-11 08:26:30','2016-11-11 08:26:30',Resuelto,,
161111-349300,,Incidente importado desde SAC,,Emisión Masivos,Usuario Importador,Telemarketing,,,Solucionado,,,,,AUS1 - AUTOMOTORES,854364,,5179432,Baja de póliza,,,,'2021-04-28 13:20:00','2016-11-11 08:26:30','2016-11-11 08:26:30',Resuelto,,
161111-349301,,Incidente importado desde SAC,,Fleet Services,Usuario Importador,Telemarketing,,,Solucionado,,,,,APL1 - AUTOMOTORES PLANES,854365,,2829612,Contacto del tercero,,,,'2021-04-28 13:20:00','2016-11-11 08:26:30','2016-11-11 08:26:30',Resuelto,,
161111-349302,,Incidente importado desde SAC,,Emisión Masivos,Usuario Importador,Telemarketing,,,Solucionado,,,,,AUS1 - AUTOMOTORES,854366,,6076453,Baja de póliza,,,,'2021-04-28 13:20:00','2016-11-11 08:26:30','2016-11-11 08:26:30',Resuelto,,
161111-349309,,Incidente importado desde SAC,,Fleet Services,Usuario Importador,Telemarketing,,,Solucionado,,,,,APL1 - AUTOMOTORES PLANES,854373,,2945302,Contacto del tercero,,,,'2021-04-28 13:20:00','2016-11-11 08:26:31','2016-11-11 08:26:31',Resuelto,,
161111-349310,,Incidente importado desde SAC,,Emisión Masivos,Usuario Importador,Telemarketing,,,Solucionado,,,,,AUS1 - AUTOMOTORES,854374,,6582796,4 cuotas con un descuento del 25 %,,,,'2021-04-28 13:20:00','2016-11-11 08:26:31','2016-11-11 08:26:31',Resuelto,,
161111-349316,,Incidente importado desde SAC,,Emisión Masivos,Usuario Importador,Telemarketing,,,Solucionado,,,,,AUS1 - AUTOMOTORES,854380,,7807942,Corrección de propuesta,,,,'2021-04-28 13:20:00','2016-11-11 08:26:32','2016-11-11 08:26:32',No Procedente,,
161111-349320,,Incidente importado desde SAC,,Fleet Services,Usuario Importador,Telemarketing,,,Solucionado,,,,,AUS1 - AUTOMOTORES,854384,,4854191,Contacto del tercero,,,,'2021-04-28 13:20:00','2016-11-11 08:26:33','2016-11-11 08:26:33',Resuelto,,
161111-349323,,Incidente importado desde SAC,,Emisión Masivos,Usuario Importador,Telemarketing,,,Solucionado,,,,,AUS1 - AUTOMOTORES,854387,,4944861,Rechazos/ Reducción de cobertura,,,,'2021-04-28 13:20:00','2016-11-11 08:26:34','2016-11-11 08:26:34',Resuelto,,
161111-349328,,Incidente importado desde SAC,,Mailing,Usuario Importador,Telemarketing,,,Solucionado,,,,,APR1 - AUTOMOTORES,854392,,3410549,Certificado de cobertura,,,,'2021-04-28 13:20:00','2016-11-11 08:26:34','2016-11-11 08:26:34',Resuelto,,
161111-349329,,Incidente importado desde SAC,,Inspecciones Autos,Usuario Importador,Telemarketing,,,Solucionado,,,,,AUS1 - AUTOMOTORES,854393,,2724337,Rechazos/ Reducción de cobertura,,,,'2021-04-28 13:20:00','2016-11-11 08:26:34','2016-11-11 08:26:34',No Procedente,,
161111-349331,,Incidente importado desde SAC,,Telecobranzas,Usuario Importador,Telemarketing,,,Solucionado,,,,,AUS1 - AUTOMOTORES,854395,,5232383,Mensaje,,,,'2021-04-28 13:20:00','2016-11-11 08:26:34','2016-11-11 08:26:34',Atendido,,
161111-349333,,Incidente importado desde SAC,,Inspecciones Autos,Usuario Importador,Telemarketing,,,Solucionado,,,,,AUS1 - AUTOMOTORES,854397,,2840518,Inspección por previa DDJJ,,,,'2021-04-28 13:20:00','2016-11-11 08:26:35','2016-11-11 08:26:35',Resuelto,,
161111-349337,,Incidente importado desde SAC,,Emisión Masivos,Usuario Importador,Telemarketing,,,Solucionado,,,,,HOM1 - SEGURO DEL HOGAR,854401,,3233455,Baja de póliza,,,,'2021-04-28 13:20:00','2016-11-11 08:26:35','2016-11-11 08:26:35',Resuelto,,
161111-349343,,Incidente importado desde SAC,,Emisión Masivos,Usuario Importador,Telemarketing,,,Solucionado,,,,,HOM1 - SEGURO DEL HOGAR,854407,,3791133,Propuesta incompleta,,,,'2021-04-28 13:20:00','2016-11-11 08:26:36','2016-11-11 08:26:36',Resuelto,,
161111-349344,,Incidente importado desde SAC,,Emisión Masivos,Usuario Importador,Telemarketing,,,Solucionado,,,,,AUS1 - AUTOMOTORES,854408,,7306368,4 cuotas con un descuento del 15 %,,,,'2021-04-28 13:20:00','2016-11-11 08:26:36','2016-11-11 08:26:36',Resuelto,,
161111-349349,,Incidente importado desde SAC,,Cac,Usuario Importador,Telemarketing,,,Solucionado,,,,,AUS1 - AUTOMOTORES,854413,,4077896,Endosos CAC,,,,'2021-04-28 13:20:00','2016-11-11 08:26:36','2016-11-11 08:26:36',Resuelto,,
161111-349352,,Incidente importado desde SAC,,Cac,Usuario Importador,Telemarketing,,,Solucionado,,,,,AUS1 - AUTOMOTORES,854416,,4507888,Referidos,,,,'2021-04-28 13:20:00','2016-11-11 08:26:36','2016-11-11 08:26:36',Anulado,,
161111-349353,,Incidente importado desde SAC,,Oficina Rosario,Usuario Importador,Telemarketing,,,Solucionado,,,,,HOM1 - SEGURO DEL HOGAR,854417,,852341,Riesgos Varios Rosario,,,,'2021-04-28 13:20:00','2016-11-11 08:26:36','2016-11-11 08:26:36',Resuelto,,
161111-349354,,Incidente importado desde SAC,,Emisión Masivos,Usuario Importador,Telemarketing,,,Solucionado,,,,,APR1 - AUTOMOTORES,854418,,7191090,Rechazos/ Reducción de cobertura,,,,'2021-04-28 13:20:00','2016-11-11 08:26:36','2016-11-11 08:26:36',Resuelto,,
161111-349359,,Incidente importado desde SAC,,Emisión Masivos,Usuario Importador,Telemarketing,,,Solucionado,,,,,AUS1 - AUTOMOTORES,854423,,3503304,Retención sin beneficio,,,,'2021-04-28 13:20:00','2016-11-11 08:26:37','2016-11-11 08:26:37',Atendido,,
161111-349362,,Incidente importado desde SAC,,Cac,Usuario Importador,Telemarketing,,,Solucionado,,,,,HOM1 - SEGURO DEL HOGAR,854426,,4231915,Endosos CAC,,,,'2021-04-28 13:20:00','2016-11-11 08:26:37','2016-11-11 08:26:37',Resuelto,,
161111-349363,,Incidente importado desde SAC,,Pago Telefonico,Usuario Importador,Canal productor,,,Solucionado,,,,,AUS1 - AUTOMOTORES,854427,,4172169,Pago telefónico,,,,'2021-04-28 13:20:00','2016-11-11 08:26:37','2016-11-11 08:26:37',Resuelto,,
161111-349364,,Incidente importado desde SAC,,Inspecciones Autos,Usuario Importador,Telemarketing,,,Solucionado,,,,,AUS1 - AUTOMOTORES,854428,,2960494,Rechazos/ Reducción de cobertura,,,,'2021-04-28 13:20:00','2016-11-11 08:26:37','2016-11-11 08:26:37',No Procedente,,
161111-349366,,Incidente importado desde SAC,,Fleet Services,Usuario Importador,Telemarketing,,,Solucionado,,,,,AUS1 - AUTOMOTORES,854430,,790719,Contacto del tercero,,,,'2021-04-28 13:20:00','2016-11-11 08:26:37','2016-11-11 08:26:37',Resuelto,,
161111-349368,,Incidente importado desde SAC,,Mailing,Usuario Importador,Telemarketing,,,Solucionado,,,,,AUS1 - AUTOMOTORES,854432,,896058,Certificado de cobertura,,,,'2021-04-28 13:20:00','2016-11-11 08:26:37','2016-11-11 08:26:37',Resuelto,,
161111-349369,,Incidente importado desde SAC,,Emisión Masivos,Usuario Importador,Telemarketing,,,Solucionado,,,,,AUS1 - AUTOMOTORES,854433,,5761589,Baja de póliza,,,,'2021-04-28 13:20:00','2016-11-11 08:26:37','2016-11-11 08:26:37',Resuelto,,
161111-349370,,Incidente importado desde SAC,,Emisión Masivos,Usuario Importador,Comercial,,,Solucionado,,,,,HOM1 - SEGURO DEL HOGAR,854434,,3614998,Corrección de propuesta,,,,'2021-04-28 13:20:00','2016-11-11 08:26:37','2016-11-11 08:26:37',Resuelto,,
161111-349371,,Incidente importado desde SAC,,Cobranzas Automático,Usuario Importador,Telemarketing,,,Solucionado,,,,,HOM1 - SEGURO DEL HOGAR,854435,,7706523,No califica,,,,'2021-04-28 13:20:00','2016-11-11 08:26:37','2016-11-11 08:26:37',Resuelto,,
161111-349373,,Incidente importado desde SAC,,Mailing,Usuario Importador,Telemarketing,,,Solucionado,,,,,AUI1 - AUTOMOTORES INSTITUCIONES,854437,,7227435,Certificado de cobertura,,,,'2021-04-28 13:20:00','2016-11-11 08:26:38','2016-11-11 08:26:38',Resuelto,,
161111-349380,,Incidente importado desde SAC,,Emisión Masivos,Usuario Importador,Telemarketing,,,Solucionado,,,,,AUS1 - AUTOMOTORES,854444,,5924478,Baja de póliza,,,,'2021-04-28 13:20:00','2016-11-11 08:26:38','2016-11-11 08:26:38',Resuelto,,
161111-349382,,Incidente importado desde SAC,,Gerencia Clientes,Usuario Importador,Telemarketing,,,Solucionado,,,,,AUS1 - AUTOMOTORES,854446,,6373699,Certificado de cobertura,,,,'2021-04-28 13:20:00','2016-11-11 08:26:38','2016-11-11 08:26:38',Resuelto,,
161111-349385,,Incidente importado desde SAC,,Emisión Masivos,Usuario Importador,Telemarketing,,,Solucionado,,,,,AUS1 - AUTOMOTORES,854449,,1370128,Baja de póliza,,,,'2021-04-28 13:20:00','2016-11-11 08:26:39','2016-11-11 08:26:39',Resuelto,,
161111-349387,,Incidente importado desde SAC,,Emisión Masivos,Usuario Importador,Telemarketing,,,Solucionado,,,,,AUS1 - AUTOMOTORES,854451,,3477425,No califica,,,,'2021-04-28 13:20:00','2016-11-11 08:26:39','2016-11-11 08:26:39',Resuelto,,
161111-349388,,Incidente importado desde SAC,,Daños Materiales Autos,Usuario Importador,Telemarketing,,,Solucionado,,,,,APL1 - AUTOMOTORES PLANES,854452,,5321195,Inspección por siniestros,,,,'2021-04-28 13:20:00','2016-11-11 08:26:39','2016-11-11 08:26:39',Resuelto,,
161111-349394,,Incidente importado desde SAC,,,Usuario Importador,Telemarketing,,,Solucionado,,,,,AUS1 - AUTOMOTORES,854458,,2735435,Cliente para retención,,,,'2021-04-28 13:20:00','2016-11-11 08:26:39','2016-11-11 08:26:39',Atendido,,
161111-349398,,Incidente importado desde SAC,,Inspecciones Autos,Usuario Importador,Telemarketing,,,Solucionado,,,,,AUS1 - AUTOMOTORES,854462,,2601865,Inspección por previa DDJJ,,,,'2021-04-28 13:20:00','2016-11-11 08:26:39','2016-11-11 08:26:39',Resuelto,,
161111-349402,,Incidente importado desde SAC,,Emisión Masivos,Usuario Importador,Telemarketing,,,Solucionado,,,,,AUS1 - AUTOMOTORES,854466,,5938630,Excepción comercial altas,,,,'2021-04-28 13:20:00','2016-11-11 08:26:39','2016-11-11 08:26:39',Resuelto,,
161111-349405,,Incidente importado desde SAC,,Emisión Masivos,Usuario Importador,Telemarketing,,,Solucionado,,,,,HOM1 - SEGURO DEL HOGAR,854469,,2698822,Modificación datos de hogar sin inspección,,,,'2021-04-28 13:20:00','2016-11-11 08:26:40','2016-11-11 08:26:40',Resuelto,,
161111-349407,,Incidente importado desde SAC,,Oficina Cordoba,Usuario Importador,Telemarketing,,,Solucionado,,,,,AUS1 - AUTOMOTORES,854471,,5915911,Daños materiales Cordoba,,,,'2021-04-28 13:20:00','2016-11-11 08:26:40','2016-11-11 08:26:40',Resuelto,,
161111-349408,,Incidente importado desde SAC,,,Usuario Importador,Telemarketing,,,Solucionado,,,,,AUS1 - AUTOMOTORES,854472,,5487366,Cliente para retención,,,,'2021-04-28 13:20:00','2016-11-11 08:26:40','2016-11-11 08:26:40',Atendido,,
161111-349418,,Incidente importado desde SAC,,Emisión Masivos,Usuario Importador,Telemarketing,,,Solucionado,,,,,HOM1 - SEGURO DEL HOGAR,854482,,6198664,Baja de póliza,,,,'2021-04-28 13:20:00','2016-11-11 08:26:41','2016-11-11 08:26:41',Resuelto,,
161111-349420,,Incidente importado desde SAC,,Emisión Cartera Gral.,Usuario Importador,Telemarketing,,,Solucionado,,,,,ICO1 - INTEGR.COMERCIO,854484,,4552316,Cartera general,,,,'2021-04-28 13:20:00','2016-11-11 08:26:41','2016-11-11 08:26:41',Resuelto,,
161111-349426,,Incidente importado desde SAC,,Pago Telefonico,Usuario Importador,Telemarketing,,,Solucionado,,,,,HOM1 - SEGURO DEL HOGAR,854490,,1794670,Pago telefónico,,,,'2021-04-28 13:20:00','2016-11-11 08:26:41','2016-11-11 08:26:41',Resuelto,,
161111-349427,,Incidente importado desde SAC,,Cac,Usuario Importador,Telemarketing,,,Solucionado,,,,,AUS1 - AUTOMOTORES,854491,,5233032,Endosos CAC,,,,'2021-04-28 13:20:00','2016-11-11 08:26:41','2016-11-11 08:26:41',Resuelto,,
161111-349434,,Incidente importado desde SAC,,Cobranzas Automático,Usuario Importador,Telemarketing,,,Solucionado,,,,,AUI1 - AUTOMOTORES INSTITUCIONES,854498,,3419885,No califica,,,,'2021-04-28 13:20:00','2016-11-11 08:26:42','2016-11-11 08:26:42',Resuelto,,
161111-349437,,Incidente importado desde SAC,,Emisión Masivos,Usuario Importador,Carta Documento,,,Solucionado,,,,,ATD1 - ROBO/USUAR.T.DEB-CRE,854501,,3645723,Anulación de propuesta,,,,'2021-04-28 13:20:00','2016-11-11 08:26:42','2016-11-11 08:26:42',Resuelto,,
161111-349442,,Incidente importado desde SAC,,Riesgos Varios Casa Central,Usuario Importador,Telemarketing,,,Solucionado,,,,,HOM1 - SEGURO DEL HOGAR,854506,,4238689,Riesgos Varios Casa Central,,,,'2021-04-28 13:20:00','2016-11-11 08:26:42','2016-11-11 08:26:42',Resuelto,,
161111-349447,,Incidente importado desde SAC,,Emisión Masivos,Usuario Importador,Carta,,,Solucionado,,,,,HOM1 - SEGURO DEL HOGAR,854511,,292997,Baja de póliza,,,,'2021-04-28 13:20:00','2016-11-11 08:26:43','2016-11-11 08:26:43',Resuelto,,
161111-349450,,Incidente importado desde SAC,,Riesgos Varios Casa Central,Usuario Importador,Telemarketing,,,Solucionado,,,,,HOM1 - SEGURO DEL HOGAR,854514,,4352543,Riesgos Varios Casa Central,,,,'2021-04-28 13:20:00','2016-11-11 08:26:43','2016-11-11 08:26:43',Resuelto,,
161111-349453,,Incidente importado desde SAC,,Emisión Masivos,Usuario Importador,Telemarketing,,,Solucionado,,,,,HOM1 - SEGURO DEL HOGAR,854517,,6790797,Propuesta incompleta,,,,'2021-04-28 13:20:00','2016-11-11 08:26:43','2016-11-11 08:26:43',Resuelto,,
161111-349454,,Incidente importado desde SAC,,Emisión Masivos,Usuario Importador,Comercial,,,Solucionado,,,,,HOM1 - SEGURO DEL HOGAR,854518,,5344918,,,,,'2021-04-28 13:20:00','2016-11-11 08:26:43','2016-11-11 08:26:43',Resuelto,,
161111-349456,,Incidente importado desde SAC,,Emisión Masivos,Usuario Importador,Telemarketing,,,Solucionado,,,,,AUS1 - AUTOMOTORES,854520,,3828443,Baja de póliza,,,,'2021-04-28 13:20:00','2016-11-11 08:26:44','2016-11-11 08:26:44',Resuelto,,
161111-349459,,Incidente importado desde SAC,,Mailing,Usuario Importador,Telemarketing,,,Solucionado,,,,,HOM1 - SEGURO DEL HOGAR,854523,,6801388,Certificado de cobertura,,,,'2021-04-28 13:20:00','2016-11-11 08:26:44','2016-11-11 08:26:44',Resuelto,,
161111-349463,,Incidente importado desde SAC,,Telecobranzas,Usuario Importador,Telemarketing,,,Solucionado,,,,,AUS1 - AUTOMOTORES,854527,,371303,Mensaje,,,,'2021-04-28 13:20:00','2016-11-11 08:26:45','2016-11-11 08:26:45',Atendido,,
161111-349465,,Incidente importado desde SAC,,Mailing,Usuario Importador,Telemarketing,,,Solucionado,,,,,AUS1 - AUTOMOTORES,854529,,1370274,Certificado de cobertura,,,,'2021-04-28 13:20:00','2016-11-11 08:26:45','2016-11-11 08:26:45',Resuelto,,
161111-349467,,Incidente importado desde SAC,,Emisión Masivos,Usuario Importador,Telemarketing,,,Solucionado,,,,,AUS1 - AUTOMOTORES,854531,,3837134,No califica,,,,'2021-04-28 13:20:00','2016-11-11 08:26:46','2016-11-11 08:26:46',Resuelto,,
161111-349468,,Incidente importado desde SAC,,Telecobranzas,Usuario Importador,Telemarketing,,,Solucionado,,,,,AUS1 - AUTOMOTORES,854532,,4487586,Mensaje,,,,'2021-04-28 13:20:00','2016-11-11 08:26:46','2016-11-11 08:26:46',Atendido,,
161111-349469,,Incidente importado desde SAC,,Cac,Usuario Importador,Telemarketing,,,Solucionado,,,,,ATD1 - ROBO/USUAR.T.DEB-CRE,854533,,3472753,No califica,,,,'2021-04-28 13:20:00','2016-11-11 08:26:46','2016-11-11 08:26:46',No Procedente,,
161111-349472,,Incidente importado desde SAC,,Emisión Masivos,Usuario Importador,Telemarketing,,,Solucionado,,,,,HOM1 - SEGURO DEL HOGAR,854536,,962688,No califica,,,,'2021-04-28 13:20:00','2016-11-11 08:26:47','2016-11-11 08:26:47',Resuelto,,
161111-349474,,Incidente importado desde SAC,,,Usuario Importador,Telemarketing,,,Solucionado,,,,,AUS1 - AUTOMOTORES,854538,,1321419,Cliente para retención,,,,'2021-04-28 13:20:00','2016-11-11 08:26:47','2016-11-11 08:26:47',Atendido,,
161111-349475,,Incidente importado desde SAC,,Emisión Cartera Gral.,Usuario Importador,Carta Documento,,,Solucionado,,,,,EEQ1 - SEGURO INGENIERIA,854539,,3002247,Certificado de cobertura,,,,'2021-04-28 13:20:00','2016-11-11 08:26:47','2016-11-11 08:26:47',Resuelto,,
161111-349476,,Incidente importado desde SAC,,Emisión Masivos,Usuario Importador,Carta Documento,,,Solucionado,,,,,AUS1 - AUTOMOTORES,854540,,4784533,Modificaciones scoring,,,,'2021-04-28 13:20:00','2016-11-11 08:26:48','2016-11-11 08:26:48',Resuelto,,
161111-349477,,Incidente importado desde SAC,,,Usuario Importador,Telemarketing,,,Solucionado,,,,,AUS1 - AUTOMOTORES,854541,,4520516,Daños materiales Cordoba,,,,'2021-04-28 13:20:00','2016-11-11 08:26:48','2016-11-11 08:26:48',Resuelto,,
161111-349478,,Incidente importado desde SAC,,Pago Telefonico,Usuario Importador,Telemarketing,,,Solucionado,,,,,TRO2 - T.RIESGO OPERATIVO,854542,,1290254,Pago telefónico,,,,'2021-04-28 13:20:00','2016-11-11 08:26:48','2016-11-11 08:26:48',Resuelto,,
161111-349481,,Incidente importado desde SAC,,Emisión Masivos,Usuario Importador,Comercial,,,Solucionado,,,,,HOM1 - SEGURO DEL HOGAR,854545,,4505314,,,,,'2021-04-28 13:20:00','2016-11-11 08:26:48','2016-11-11 08:26:48',Resuelto,,
161111-349487,,Incidente importado desde SAC,,Emisión Masivos,Usuario Importador,Telemarketing,,,Solucionado,,,,,AUS1 - AUTOMOTORES,854551,,4379471,Rechazos/ Reducción de cobertura,,,,'2021-04-28 13:20:00','2016-11-11 08:26:48','2016-11-11 08:26:48',Resuelto,,
161111-349491,,Incidente importado desde SAC,,Mailing,Usuario Importador,Canal productor,,,Solucionado,,,,,EEQ1 - SEGURO INGENIERIA,854555,,3635278,Certificado de cobertura,,,,'2021-04-28 13:20:00','2016-11-11 08:26:49','2016-11-11 08:26:49',Resuelto,,
161111-349492,,Incidente importado desde SAC,,Emisión Masivos,Usuario Importador,Telemarketing,,,Solucionado,,,,,AUS1 - AUTOMOTORES,854556,,2713871,No califica,,,,'2021-04-28 13:20:00','2016-11-11 08:26:49','2016-11-11 08:26:49',Resuelto,,
161111-349496,,Incidente importado desde SAC,,Inspecciones Autos,Usuario Importador,Telemarketing,,,Solucionado,,,,,AUS1 - AUTOMOTORES,854560,,4440464,Inspección por previa DDJJ,,,,'2021-04-28 13:20:00','2016-11-11 08:26:49','2016-11-11 08:26:49',Resuelto,,
161111-349497,,Incidente importado desde SAC,,Drive in Centro,Usuario Importador,Telemarketing,,,Solucionado,,,,,AUT1 - AUTOMOTORES,854561,,7495852,Daños materiales Casa Central,,,,'2021-04-28 13:20:00','2016-11-11 08:26:49','2016-11-11 08:26:49',Resuelto,,
161111-349499,,Incidente importado desde SAC,,Oficina Mendoza,Usuario Importador,Telemarketing,,,Solucionado,,,,,AUS1 - AUTOMOTORES,854563,,2382227,Daños materiales Mar del Plata,,,,'2021-04-28 13:20:00','2016-11-11 08:26:49','2016-11-11 08:26:49',Resuelto,,
161111-349500,,Incidente importado desde SAC,,Oficina Mendoza,Usuario Importador,Telemarketing,,,Solucionado,,,,,AUS1 - AUTOMOTORES,854564,,2764075,Daños materiales Mendoza,,,,'2021-04-28 13:20:00','2016-11-11 08:26:49','2016-11-11 08:26:49',Resuelto,,
161111-349501,,Incidente importado desde SAC,,Emisión Masivos,Usuario Importador,Canal productor,,,Solucionado,,,,,AUS1 - AUTOMOTORES,854565,,4477440,Baja de póliza,,,,'2021-04-28 13:20:00','2016-11-11 08:26:49','2016-11-11 08:26:49',Resuelto,,
161111-349503,,Incidente importado desde SAC,,Emisión Masivos,Usuario Importador,Telemarketing,,,Solucionado,,,,,HOM1 - SEGURO DEL HOGAR,854567,,7628785,Baja de póliza,,,,'2021-04-28 13:20:00','2016-11-11 08:26:49','2016-11-11 08:26:49',Resuelto,,
161111-349508,,Incidente importado desde SAC,,Cac,Usuario Importador,Telemarketing,,,Solucionado,,,,,HOM1 - SEGURO DEL HOGAR,854572,,2311820,Modificación de canal de cobro por única vez,,,,'2021-04-28 13:20:00','2016-11-11 08:26:50','2016-11-11 08:26:50',Resuelto,,
161111-349510,,Incidente importado desde SAC,,Emisión Masivos,Usuario Importador,Telemarketing,,,Solucionado,,,,,AUS1 - AUTOMOTORES,854574,,5268438,Rechazos/ Reducción de cobertura,,,,'2021-04-28 13:20:00','2016-11-11 08:26:50','2016-11-11 08:26:50',Resuelto,,
161111-349512,,Incidente importado desde SAC,,Emisión Masivos,Usuario Importador,Telemarketing,,,Solucionado,,,,,AUS1 - AUTOMOTORES,854576,,7679828,Rechazos/ Reducción de cobertura,,,,'2021-04-28 13:20:00','2016-11-11 08:26:50','2016-11-11 08:26:50',Resuelto,,
161111-349514,,Incidente importado desde SAC,,Inspecciones Autos,Usuario Importador,Telemarketing,,,Solucionado,,,,,AUS1 - AUTOMOTORES,854578,,1833133,Rechazos/ Reducción de cobertura,,,,'2021-04-28 13:20:00','2016-11-11 08:26:50','2016-11-11 08:26:50',No Procedente,,
161111-349518,,Incidente importado desde SAC,,Emisión Masivos,Usuario Importador,Telemarketing,,,Solucionado,,,,,AUS1 - AUTOMOTORES,854581,,3209243,Baja de póliza,,,,'2021-04-28 13:20:00','2016-11-11 08:26:51','2016-11-11 08:26:51',Resuelto,,
161111-349521,,Incidente importado desde SAC,,Cac,Usuario Importador,Telemarketing,,,Solucionado,,,,,AUS1 - AUTOMOTORES,854584,,7238573,Imputación de cobranzas - Automático,,,,'2021-04-28 13:20:00','2016-11-11 08:26:51','2016-11-11 08:26:51',Resuelto,,
161111-349524,,Incidente importado desde SAC,,Drive in Libertador,Usuario Importador,Telemarketing,,,Solucionado,,,,,AUS1 - AUTOMOTORES,854587,,4541797,Daños materiales Casa Central,,,,'2021-04-28 13:20:00','2016-11-11 08:26:51','2016-11-11 08:26:51',Resuelto,,
161111-349527,,Incidente importado desde SAC,,Emisión Masivos,Usuario Importador,Telemarketing,,,Solucionado,,,,,AUS1 - AUTOMOTORES,854590,,1314869,Ampliación de Cobertura con inspección,,,,'2021-04-28 13:20:00','2016-11-11 08:26:51','2016-11-11 08:26:51',Resuelto,,
161111-349534,,Incidente importado desde SAC,,Daños Materiales Autos,Usuario Importador,Telemarketing,,,Solucionado,,,,,AUS1 - AUTOMOTORES,854597,,1300125,Inspección por siniestros,,,,'2021-04-28 13:20:00','2016-11-11 08:26:52','2016-11-11 08:26:52',Resuelto,,
161111-349535,,Incidente importado desde SAC,,Lesiones,Usuario Importador,Telemarketing,,,Solucionado,,,,,APL1 - AUTOMOTORES PLANES,854598,,7371547,Tercero lesionado,,,,'2021-04-28 13:20:00','2016-11-11 08:26:52','2016-11-11 08:26:52',Resuelto,,
161111-349536,,Incidente importado desde SAC,,,Usuario Importador,Telemarketing,,,Solucionado,,,,,AUS1 - AUTOMOTORES,854599,,3316536,Cliente para retención,,,,'2021-04-28 13:20:00','2016-11-11 08:26:52','2016-11-11 08:26:52',Atendido,,
161111-349539,,Incidente importado desde SAC,,Mailing,Usuario Importador,Telemarketing,,,Solucionado,,,,,HOM1 - SEGURO DEL HOGAR,854602,,5692348,Certificado de cobertura,,,,'2021-04-28 13:20:00','2016-11-11 08:26:53','2016-11-11 08:26:53',Resuelto,,
161111-349540,,Incidente importado desde SAC,,Emisión Masivos,Usuario Importador,Especialistas,,,Solucionado,,,,,AUS1 - AUTOMOTORES,854603,,3450248,No califica,,,,'2021-04-28 13:20:00','2016-11-11 08:26:53','2016-11-11 08:26:53',Resuelto,,
161111-349541,,Incidente importado desde SAC,,Lesiones,Usuario Importador,Telemarketing,,,Solucionado,,,,,AUS1 - AUTOMOTORES,854604,,600550,Tercero lesionado,,,,'2021-04-28 13:20:00','2016-11-11 08:26:53','2016-11-11 08:26:53',Resuelto,,
161111-349542,,Incidente importado desde SAC,,Telecobranzas,Usuario Importador,Telemarketing,,,Solucionado,,,,,AUS1 - AUTOMOTORES,854605,,3814824,Reenvío al cobro,,,,'2021-04-28 13:20:00','2016-11-11 08:26:53','2016-11-11 08:26:53',Resuelto,,
161111-349543,,Incidente importado desde SAC,,Emisión Masivos,Usuario Importador,Canal productor,,,Solucionado,,,,,AUS1 - AUTOMOTORES,854606,,4109972,,,,,'2021-04-28 13:20:00','2016-11-11 08:26:53','2016-11-11 08:26:53',Resuelto,,
161111-349546,,Incidente importado desde SAC,,Inspecciones Autos,Usuario Importador,Telemarketing,,,Solucionado,,,,,AUS1 - AUTOMOTORES,854609,,2909755,Inspección por previa DDJJ,,,,'2021-04-28 13:20:00','2016-11-11 08:26:53','2016-11-11 08:26:53',Resuelto,,
161111-349547,,Incidente importado desde SAC,,Mailing,Usuario Importador,Telemarketing,,,Solucionado,,,,,AUS1 - AUTOMOTORES,854610,,5230523,Certificado de cobertura,,,,'2021-04-28 13:20:00','2016-11-11 08:26:53','2016-11-11 08:26:53',Resuelto,,
161111-349548,,Incidente importado desde SAC,,Emisión Masivos,Usuario Importador,Carta Documento,,,Solucionado,,,,,AUS1 - AUTOMOTORES,854611,,1425634,Bonificación,,,,'2021-04-28 13:20:00','2016-11-11 08:26:53','2016-11-11 08:26:53',Resuelto,,
161111-348784,,,,Cac,Daniela Simari,Llamada entrante,,,Solucionado,,,45804,,AUS1 - AUTOMOTORES,854612,,6491462,Documentación para enviar por fax/email,,,'2016-11-11 11:27:06','2021-04-28 13:20:00','2016-11-11 08:26:53','2016-11-11 11:27:06',Resuelto,,
161111-349551,,Incidente importado desde SAC,,Cobranzas Automático,Usuario Importador,Telemarketing,,,Solucionado,,,,,HOM1 - SEGURO DEL HOGAR,854615,,6888601,Reintegro - Automático,,,,'2021-04-28 13:20:00','2016-11-11 08:26:54','2016-11-11 08:26:54',Anulado,,
161111-349553,,Incidente importado desde SAC,,Cobranzas Automático,Usuario Importador,Canal productor,,,Solucionado,,,,,AUS1 - AUTOMOTORES,854617,,5238182,No califica,,,,'2021-04-28 13:20:00','2016-11-11 08:26:54','2016-11-11 08:26:54',Resuelto,,
161111-349555,,Incidente importado desde SAC,,Inspecciones Autos,Usuario Importador,Telemarketing,,,Solucionado,,,,,AUS1 - AUTOMOTORES,854619,,5265443,Inspección por previa DDJJ,,,,'2021-04-28 13:20:00','2016-11-11 08:26:54','2016-11-11 08:26:54',Resuelto,,
161111-349557,,Incidente importado desde SAC,,Inspecciones Autos,Usuario Importador,Telemarketing,,,Solucionado,,,,,APR1 - AUTOMOTORES,854621,,3400087,Rechazos/ Reducción de cobertura,,,,'2021-04-28 13:20:00','2016-11-11 08:26:54','2016-11-11 08:26:54',No Procedente,,
161111-349558,,Incidente importado desde SAC,,Emisión Cartera Gral.,Usuario Importador,Telemarketing,,,Solucionado,,,,,AUA1 - AUTOMOTORES CARTERA GENERAL,854622,,5176748,Venta trailer,,,,'2021-04-28 13:20:00','2016-11-11 08:26:54','2016-11-11 08:26:54',Resuelto,,
161111-349561,,Incidente importado desde SAC,,Inspecciones Autos,Usuario Importador,Telemarketing,,,Solucionado,,,,,AUS1 - AUTOMOTORES,854625,,3390493,Rechazos/ Reducción de cobertura,,,,'2021-04-28 13:20:00','2016-11-11 08:26:54','2016-11-11 08:26:54',No Procedente,,
161111-349562,,Incidente importado desde SAC,,Emisión Masivos,Usuario Importador,Telemarketing,,,Solucionado,,,,,AUS1 - AUTOMOTORES,854626,,2539414,Ampliación de Cobertura con inspección,,,,'2021-04-28 13:20:00','2016-11-11 08:26:54','2016-11-11 08:26:54',Resuelto,,
161111-349567,,Incidente importado desde SAC,,Fleet Services,Usuario Importador,Telemarketing,,,Solucionado,,,,,AUT1 - AUTOMOTORES,854631,,3156462,Contacto del tercero,,,,'2021-04-28 13:20:00','2016-11-11 08:26:55','2016-11-11 08:26:55',Resuelto,,
161111-349569,,Incidente importado desde SAC,,Emisión Masivos,Usuario Importador,Telemarketing,,,Solucionado,,,,,AUS1 - AUTOMOTORES,854633,,4158269,Rechazos/ Reducción de cobertura,,,,'2021-04-28 13:20:00','2016-11-11 08:26:55','2016-11-11 08:26:55',Resuelto,,
161111-349573,,Incidente importado desde SAC,,Emisión Masivos,Usuario Importador,Canal productor,,,Solucionado,,,,,AUS1 - AUTOMOTORES,854637,,2626924,Venta,,,,'2021-04-28 13:20:00','2016-11-11 08:26:55','2016-11-11 08:26:55',Resuelto,,
161111-349578,,Incidente importado desde SAC,,Emisión Masivos,Usuario Importador,Telemarketing,,,Solucionado,,,,,HOM1 - SEGURO DEL HOGAR,854642,,136981,Inclusión/Exclusión ADT Domestico,,,,'2021-04-28 13:20:00','2016-11-11 08:26:56','2016-11-11 08:26:56',Resuelto,,
161111-349584,,Incidente importado desde SAC,,Inspecciones Autos,Usuario Importador,Telemarketing,,,Solucionado,,,,,AUS1 - AUTOMOTORES,854648,,3611583,Inspección por previa DDJJ,,,,'2021-04-28 13:20:00','2016-11-11 08:26:56','2016-11-11 08:26:56',Resuelto,,
161111-349586,,Incidente importado desde SAC,,Drive in San Isidro,Usuario Importador,Telemarketing,,,Solucionado,,,,,AUS1 - AUTOMOTORES,854650,,5082666,Denuncia daños materiales,,,,'2021-04-28 13:20:00','2016-11-11 08:26:56','2016-11-11 08:26:56',Resuelto,,
161111-349587,,Incidente importado desde SAC,,Inspecciones Autos,Usuario Importador,Telemarketing,,,Solucionado,,,,,AUS1 - AUTOMOTORES,854651,,3486560,Inspección por previa DDJJ,,,,'2021-04-28 13:20:00','2016-11-11 08:26:56','2016-11-11 08:26:56',Resuelto,,
161111-349588,,Incidente importado desde SAC,,Emisión Masivos,Usuario Importador,Telemarketing,,,Solucionado,,,,,HOM1 - SEGURO DEL HOGAR,854652,,5513500,Propuesta incompleta,,,,'2021-04-28 13:20:00','2016-11-11 08:26:56','2016-11-11 08:26:56',Resuelto,,
161111-349592,,Incidente importado desde SAC,,Emisión Masivos,Usuario Importador,Telemarketing,,,Solucionado,,,,,AUS1 - AUTOMOTORES,854656,,3164073,Rechazos/ Reducción de cobertura,,,,'2021-04-28 13:20:00','2016-11-11 08:26:56','2016-11-11 08:26:56',Resuelto,,
161111-349593,,Incidente importado desde SAC,,Emisión Masivos,Usuario Importador,Telemarketing,,,Solucionado,,,,,AUS1 - AUTOMOTORES,854657,,3404048,Modificaciones datos del producto,,,,'2021-04-28 13:20:00','2016-11-11 08:26:57','2016-11-11 08:26:57',No Procedente,,
161111-349599,,Incidente importado desde SAC,,Inspecciones Autos,Usuario Importador,Telemarketing,,,Solucionado,,,,,AUS1 - AUTOMOTORES,854663,,2850802,Inspección por previa DDJJ,,,,'2021-04-28 13:20:00','2016-11-11 08:26:57','2016-11-11 08:26:57',Resuelto,,
161111-349600,,Incidente importado desde SAC,,Cac,Usuario Importador,Telemarketing,,,Solucionado,,,,,APR1 - AUTOMOTORES,854664,,6024115,Modificaciones datos del producto,,,,'2021-04-28 13:20:00','2016-11-11 08:26:57','2016-11-11 08:26:57',Resuelto,,
161111-349602,,Incidente importado desde SAC,,Emisión Masivos,Usuario Importador,Especialistas,,,Solucionado,,,,,AUS1 - AUTOMOTORES,854666,,3061248,Venta,,,,'2021-04-28 13:20:00','2016-11-11 08:26:57','2016-11-11 08:26:57',Resuelto,,
161111-349607,,Incidente importado desde SAC,,Emisión Masivos,Usuario Importador,Telemarketing,,,Solucionado,,,,,AUS1 - AUTOMOTORES,854671,,4901454,Modificaciones scoring,,,,'2021-04-28 13:20:00','2016-11-11 08:26:59','2016-11-11 08:26:59',Resuelto,,
161111-349608,,Incidente importado desde SAC,,Emisión Masivos,Usuario Importador,Telemarketing,,,Solucionado,,,,,AUS1 - AUTOMOTORES,854672,,1408877,4 cuotas con un descuento del 25 %,,,,'2021-04-28 13:20:00','2016-11-11 08:26:59','2016-11-11 08:26:59',Resuelto,,
161111-349610,,Incidente importado desde SAC,,Cobranzas Automático,Usuario Importador,Carta Documento,,,Solucionado,,,,,HOM1 - SEGURO DEL HOGAR,854674,,1310140,Baja de póliza,,,,'2021-04-28 13:20:00','2016-11-11 08:26:59','2016-11-11 08:26:59',Resuelto,,
161111-349611,,Incidente importado desde SAC,,Gerencia Clientes,Usuario Importador,Carta Documento,,,Solucionado,,,,,AUT1 - AUTOMOTORES,854675,,3458444,Certificado de cobertura,,,,'2021-04-28 13:20:00','2016-11-11 08:26:59','2016-11-11 08:26:59',Resuelto,,
161111-349616,,Incidente importado desde SAC,,Daños Materiales Autos,Usuario Importador,Telemarketing,,,Solucionado,,,,,AUS1 - AUTOMOTORES,854679,,6148944,Denuncia daños materiales,,,,'2021-04-28 13:20:00','2016-11-11 08:27:00','2016-11-11 08:27:00',Resuelto,,
161111-349620,,Incidente importado desde SAC,,Emisión Masivos,Usuario Importador,Telemarketing,,,Solucionado,,,,,AUS1 - AUTOMOTORES,854683,,6545428,Rechazos/ Reducción de cobertura,,,,'2021-04-28 13:20:00','2016-11-11 08:27:01','2016-11-11 08:27:01',Resuelto,,
161111-349621,,Incidente importado desde SAC,,Drive in Libertador,Usuario Importador,Telemarketing,,,Solucionado,,,,,AUS1 - AUTOMOTORES,854684,,3565880,Daños materiales drive in Libertador,,,,'2021-04-28 13:20:00','2016-11-11 08:27:01','2016-11-11 08:27:01',Resuelto,,
161111-349624,,Incidente importado desde SAC,,Emisión Masivos,Usuario Importador,Canal productor,,,Solucionado,,,,,APL1 - AUTOMOTORES PLANES,854687,,3408496,Ampliación de Cobertura con inspección,,,,'2021-04-28 13:20:00','2016-11-11 08:27:01','2016-11-11 08:27:01',Resuelto,,
161111-349625,,Incidente importado desde SAC,,Emisión Masivos,Usuario Importador,Comercial,,,Solucionado,,,,,HOM1 - SEGURO DEL HOGAR,854688,,444668,,,,,'2021-04-28 13:20:00','2016-11-11 08:27:01','2016-11-11 08:27:01',Resuelto,,
161111-349630,,Incidente importado desde SAC,,Emisión Masivos,Usuario Importador,Telemarketing,,,Solucionado,,,,,AUS1 - AUTOMOTORES,854693,,1385407,Rechazos/ Reducción de cobertura,,,,'2021-04-28 13:20:00','2016-11-11 08:27:02','2016-11-11 08:27:02',Resuelto,,
161111-349633,,Incidente importado desde SAC,,Inspecciones Autos,Usuario Importador,Telemarketing,,,Solucionado,,,,,AUS1 - AUTOMOTORES,854696,,2746516,Inspección por previa DDJJ,,,,'2021-04-28 13:20:00','2016-11-11 08:27:02','2016-11-11 08:27:02',Resuelto,,
161111-349635,,Incidente importado desde SAC,,Cac,Usuario Importador,Telemarketing,,,Solucionado,,,,,APR1 - AUTOMOTORES,854698,,3423060,Recotización,,,,'2021-04-28 13:20:00','2016-11-11 08:27:02','2016-11-11 08:27:02',No Procedente,,
161111-349639,,Incidente importado desde SAC,,Drive in Ciudadela,Usuario Importador,Telemarketing,,,Solucionado,,,,,AUS1 - AUTOMOTORES,854702,,5215916,Daños materiales drive in Ciudadela,,,,'2021-04-28 13:20:00','2016-11-11 08:27:03','2016-11-11 08:27:03',Resuelto,,
161111-349641,,Incidente importado desde SAC,,Emisión Masivos,Usuario Importador,Telemarketing,,,Solucionado,,,,,HOM1 - SEGURO DEL HOGAR,854704,,5482372,Inclusión/Exclusión ADT Domestico,,,,'2021-04-28 13:20:00','2016-11-11 08:27:03','2016-11-11 08:27:03',Resuelto,,
161111-349648,,Incidente importado desde SAC,,Fleet Services,Usuario Importador,Telemarketing,,,Solucionado,,,,,AUA1 - AUTOMOTORES CARTERA GENERAL,854711,,2455278,Contacto del tercero,,,,'2021-04-28 13:20:00','2016-11-11 08:27:03','2016-11-11 08:27:03',Resuelto,,
161111-349651,,Incidente importado desde SAC,,Emisión Masivos,Usuario Importador,Canal productor,,,Solucionado,,,,,AUS1 - AUTOMOTORES,854714,,3185528,Excepción comercial altas,,,,'2021-04-28 13:20:00','2016-11-11 08:27:04','2016-11-11 08:27:04',Resuelto,,
161111-349653,,Incidente importado desde SAC,,Daños Materiales Autos,Usuario Importador,Telemarketing,,,Solucionado,,,,,APR1 - AUTOMOTORES,854716,,283453,Daños materiales Casa Central,,,,'2021-04-28 13:20:00','2016-11-11 08:27:04','2016-11-11 08:27:04',Resuelto,,
161111-349654,,Incidente importado desde SAC,,Emisión Masivos,Usuario Importador,Telemarketing,,,Solucionado,,,,,AUS1 - AUTOMOTORES,854717,,458219,4 cuotas con un descuento del 25 %,,,,'2021-04-28 13:20:00','2016-11-11 08:27:04','2016-11-11 08:27:04',Resuelto,,
161111-349655,,Incidente importado desde SAC,,Emisión Masivos,Usuario Importador,Carta,,,Solucionado,,,,,AUS1 - AUTOMOTORES,854718,,131944,Baja de póliza,,,,'2021-04-28 13:20:00','2016-11-11 08:27:04','2016-11-11 08:27:04',Resuelto,,
161111-349656,,Incidente importado desde SAC,,Emisión Masivos,Usuario Importador,Telemarketing,,,Solucionado,,,,,APR1 - AUTOMOTORES,854719,,3457917,Rechazos/ Reducción de cobertura,,,,'2021-04-28 13:20:00','2016-11-11 08:27:04','2016-11-11 08:27:04',Resuelto,,
161111-349660,,Incidente importado desde SAC,,Emisión Masivos,Usuario Importador,Telemarketing,,,Solucionado,,,,,APR1 - AUTOMOTORES,854723,,7056129,Ampliación de Cobertura con inspección,,,,'2021-04-28 13:20:00','2016-11-11 08:27:04','2016-11-11 08:27:04',Resuelto,,
161111-349662,,Incidente importado desde SAC,,Cac,Usuario Importador,Telemarketing,,,Solucionado,,,,,APR1 - AUTOMOTORES,854725,,5329303,Ampliación de Cobertura con inspección,,,,'2021-04-28 13:20:00','2016-11-11 08:27:04','2016-11-11 08:27:04',No Procedente,,
161111-349663,,Incidente importado desde SAC,,Emisión Masivos,Usuario Importador,Telemarketing,,,Solucionado,,,,,AUS1 - AUTOMOTORES,854726,,5816195,Modificaciones datos del producto,,,,'2021-04-28 13:20:00','2016-11-11 08:27:04','2016-11-11 08:27:04',Resuelto,,
161111-349664,,Incidente importado desde SAC,,Emisión Masivos,Usuario Importador,Especialistas,,,Solucionado,,,,,AUS1 - AUTOMOTORES,854727,,3389180,Anulación de propuesta,,,,'2021-04-28 13:20:00','2016-11-11 08:27:04','2016-11-11 08:27:04',Resuelto,,
161111-349666,,Incidente importado desde SAC,,Drive in Ciudadela,Usuario Importador,Telemarketing,,,Solucionado,,,,,APL1 - AUTOMOTORES PLANES,854729,,2691649,Daños materiales drive in Ciudadela,,,,'2021-04-28 13:20:00','2016-11-11 08:27:05','2016-11-11 08:27:05',Resuelto,,
161111-349667,,Incidente importado desde SAC,,Telecobranzas,Usuario Importador,Telemarketing,,,Solucionado,,,,,AUS1 - AUTOMOTORES,854730,,4365687,Reenvío al cobro,,,,'2021-04-28 13:20:00','2016-11-11 08:27:05','2016-11-11 08:27:05',No Procedente,,
161111-349669,,Incidente importado desde SAC,,,Usuario Importador,Telemarketing,,,Solucionado,,,,,AUS1 - AUTOMOTORES,854732,,1095948,Cliente para retención,,,,'2021-04-28 13:20:00','2016-11-11 08:27:05','2016-11-11 08:27:05',Atendido,,
161111-349670,,Incidente importado desde SAC,,,Usuario Importador,Telemarketing,,,Solucionado,,,,,AUS1 - AUTOMOTORES,854733,,2969495,Cliente para retención,,,,'2021-04-28 13:20:00','2016-11-11 08:27:05','2016-11-11 08:27:05',Atendido,,
161111-349673,,Incidente importado desde SAC,,Emisión Masivos,Usuario Importador,Telemarketing,,,Solucionado,,,,,HOM1 - SEGURO DEL HOGAR,854736,,4231846,Baja de póliza,,,,'2021-04-28 13:20:00','2016-11-11 08:27:05','2016-11-11 08:27:05',Resuelto,,
161111-349674,,Incidente importado desde SAC,,,Usuario Importador,Telemarketing,,,Solucionado,,,,,AUS1 - AUTOMOTORES,854737,,4429171,Cliente para retención,,,,'2021-04-28 13:20:00','2016-11-11 08:27:05','2016-11-11 08:27:05',Atendido,,
161111-349682,,Incidente importado desde SAC,,Cac,Usuario Importador,Telemarketing,,,Solucionado,,,,,AUS1 - AUTOMOTORES,854745,,2395298,Endosos CAC,,,,'2021-04-28 13:20:00','2016-11-11 08:27:06','2016-11-11 08:27:06',Resuelto,,
161111-349683,,Incidente importado desde SAC,,,Usuario Importador,Telemarketing,,,Solucionado,,,,,AUS1 - AUTOMOTORES,854746,,372832,Cliente para retención,,,,'2021-04-28 13:20:00','2016-11-11 08:27:06','2016-11-11 08:27:06',Atendido,,
161111-349688,,Incidente importado desde SAC,,Emisión Masivos,Usuario Importador,Comercial,,,Solucionado,,,,,HOM1 - SEGURO DEL HOGAR,854751,,418273,Rehabilitación de póliza sin Inspección,,,,'2021-04-28 13:20:00','2016-11-11 08:27:06','2016-11-11 08:27:06',Resuelto,,
161111-349690,,Incidente importado desde SAC,,Emisión Masivos,Usuario Importador,Especialistas,,,Solucionado,,,,,AUS1 - AUTOMOTORES,854753,,3426408,,,,,'2021-04-28 13:20:00','2016-11-11 08:27:06','2016-11-11 08:27:06',Resuelto,,
161111-349691,,Incidente importado desde SAC,,Emisión Masivos,Usuario Importador,Telemarketing,,,Solucionado,,,,,HOM1 - SEGURO DEL HOGAR,854754,,3200085,Modificación medio de pago,,,,'2021-04-28 13:20:00','2016-11-11 08:27:06','2016-11-11 08:27:06',Resuelto,,
161111-349692,,Incidente importado desde SAC,,Emisión Masivos,Usuario Importador,Especialistas,,,Solucionado,,,,,AUS1 - AUTOMOTORES,854755,,3512089,,,,,'2021-04-28 13:20:00','2016-11-11 08:27:06','2016-11-11 08:27:06',Resuelto,,
161111-349697,,Incidente importado desde SAC,,Telemarketing,Usuario Importador,Carta Documento,,,Solucionado,,,,,AUS1 - AUTOMOTORES,854760,,2334672,10 cuotas con un descuento del 15 %,,,,'2021-04-28 13:20:00','2016-11-11 08:27:07','2016-11-11 08:27:07',Resuelto,,
161111-349699,,Incidente importado desde SAC,,Emisión Masivos,Usuario Importador,Telemarketing,,,Solucionado,,,,,AUS1 - AUTOMOTORES,854762,,2591585,Corrección de propuesta,,,,'2021-04-28 13:20:00','2016-11-11 08:27:07','2016-11-11 08:27:07',Resuelto,,
161111-349701,,Incidente importado desde SAC,,Inspecciones Autos,Usuario Importador,Telemarketing,,,Solucionado,,,,,AUS1 - AUTOMOTORES,854764,,1230335,Inspección por previa DDJJ,,,,'2021-04-28 13:20:00','2016-11-11 08:27:07','2016-11-11 08:27:07',Resuelto,,
161111-349702,,Incidente importado desde SAC,,Oficina Mendoza,Usuario Importador,Telemarketing,,,Solucionado,,,,,AUS1 - AUTOMOTORES,854765,,7584230,Daños materiales Mendoza,,,,'2021-04-28 13:20:00','2016-11-11 08:27:07','2016-11-11 08:27:07',Resuelto,,
161111-349710,,Incidente importado desde SAC,,Emisión Masivos,Usuario Importador,Telemarketing,,,Solucionado,,,,,AUS1 - AUTOMOTORES,854773,,6859018,No califica,,,,'2021-04-28 13:20:00','2016-11-11 08:27:08','2016-11-11 08:27:08',Resuelto,,
161111-349712,,Incidente importado desde SAC,,Emisión Masivos,Usuario Importador,Especialistas,,,Solucionado,,,,,AUS1 - AUTOMOTORES,854775,,1171873,,,,,'2021-04-28 13:20:00','2016-11-11 08:27:08','2016-11-11 08:27:08',Resuelto,,
161111-349713,,Incidente importado desde SAC,,Emisión Masivos,Usuario Importador,Especialistas,,,Solucionado,,,,,AUS1 - AUTOMOTORES,854776,,3280674,Venta,,,,'2021-04-28 13:20:00','2016-11-11 08:27:08','2016-11-11 08:27:08',Resuelto,,
161111-349714,,Incidente importado desde SAC,,Emisión Masivos,Usuario Importador,Telemarketing,,,Solucionado,,,,,AUS1 - AUTOMOTORES,854777,,2946034,Rechazos/ Reducción de cobertura,,,,'2021-04-28 13:20:00','2016-11-11 08:27:08','2016-11-11 08:27:08',Resuelto,,
161111-349715,,Incidente importado desde SAC,,Emisión Masivos,Usuario Importador,Telemarketing,,,Solucionado,,,,,AUS1 - AUTOMOTORES,854778,,5760581,Modificaciones datos del producto,,,,'2021-04-28 13:20:00','2016-11-11 08:27:08','2016-11-11 08:27:08',Resuelto,,
161111-349716,,Incidente importado desde SAC,,,Usuario Importador,Telemarketing,,,Solucionado,,,,,AUS1 - AUTOMOTORES,854779,,3049245,Cliente para retención,,,,'2021-04-28 13:20:00','2016-11-11 08:27:08','2016-11-11 08:27:08',Atendido,,
161111-349718,,Incidente importado desde SAC,,Emisión Masivos,Usuario Importador,Telemarketing,,,Solucionado,,,,,AUS1 - AUTOMOTORES,854781,,4090991,Excepción comercial altas,,,,'2021-04-28 13:20:00','2016-11-11 08:27:08','2016-11-11 08:27:08',Resuelto,,
161111-349719,,Incidente importado desde SAC,,Cerrito- CIS,Usuario Importador,Canal productor,,,Solucionado,,,,,AUS1 - AUTOMOTORES,854782,,6252125,Cerrito - CIS,,,,'2021-04-28 13:20:00','2016-11-11 08:27:09','2016-11-11 08:27:09',Resuelto,,
161111-349722,,Incidente importado desde SAC,,Emisión Masivos,Usuario Importador,Telemarketing,,,Solucionado,,,,,AUS1 - AUTOMOTORES,854785,,5688950,Modificación medio de pago,,,,'2021-04-28 13:20:00','2016-11-11 08:27:09','2016-11-11 08:27:09',Resuelto,,
161111-349727,,Incidente importado desde SAC,,Prestadores,Usuario Importador,Carta,,,Solucionado,,,,,HOM1 - SEGURO DEL HOGAR,854790,,1073709,Reintegro Ibero,,,,'2021-04-28 13:20:00','2016-11-11 08:27:09','2016-11-11 08:27:09',Resuelto,,
161111-349741,,Incidente importado desde SAC,,Fleet Services,Usuario Importador,Telemarketing,,,Solucionado,,,,,AUT1 - AUTOMOTORES,854804,,5161485,Contacto del tercero,,,,'2021-04-28 13:20:00','2016-11-11 08:27:10','2016-11-11 08:27:10',Resuelto,,
161111-349742,,Incidente importado desde SAC,,Fleet Services,Usuario Importador,Telemarketing,,,Solucionado,,,,,AUS1 - AUTOMOTORES,854805,,971176,Contacto del tercero,,,,'2021-04-28 13:20:00','2016-11-11 08:27:10','2016-11-11 08:27:10',Resuelto,,
161111-349743,,Incidente importado desde SAC,,Riesgos Varios Casa Central,Usuario Importador,Telemarketing,,,Solucionado,,,,,HOM1 - SEGURO DEL HOGAR,854806,,842065,Riesgos Varios Casa Central,,,,'2021-04-28 13:20:00','2016-11-11 08:27:10','2016-11-11 08:27:10',Resuelto,,
161111-349746,,Incidente importado desde SAC,,Emisión Masivos,Usuario Importador,Telemarketing,,,Solucionado,,,,,AUS1 - AUTOMOTORES,854809,,3386134,8 cuotas con un descuento del 15 %,,,,'2021-04-28 13:20:00','2016-11-11 08:27:10','2016-11-11 08:27:10',Resuelto,,
161111-349751,,Incidente importado desde SAC,,Cac,Usuario Importador,Telemarketing,,,Solucionado,,,,,HOM1 - SEGURO DEL HOGAR,854814,,295174,Excepción comercial CAC,,,,'2021-04-28 13:20:00','2016-11-11 08:27:12','2016-11-11 08:27:12',Resuelto,,
161111-349755,,Incidente importado desde SAC,,Cac,Usuario Importador,Telemarketing,,,Solucionado,,,,,APR1 - AUTOMOTORES,854818,,7131050,Documentación para enviar por fax/email,,,,'2021-04-28 13:20:00','2016-11-11 08:27:13','2016-11-11 08:27:13',Resuelto,,
161111-349756,,Incidente importado desde SAC,,Pago Telefonico,Usuario Importador,Telemarketing,,,Solucionado,,,,,AUS1 - AUTOMOTORES,854819,,2410841,Pago telefónico,,,,'2021-04-28 13:20:00','2016-11-11 08:27:13','2016-11-11 08:27:13',Resuelto,,
161111-349757,,Incidente importado desde SAC,,Cerrito- CIS,Usuario Importador,Canal productor,,,Solucionado,,,,,ICO1 - INTEGR.COMERCIO,854820,,5868618,Cerrito - CIS,,,,'2021-04-28 13:20:00','2016-11-11 08:27:13','2016-11-11 08:27:13',Resuelto,,
161111-349758,,Incidente importado desde SAC,,Riesgos Varios Casa Central,Usuario Importador,Telemarketing,,,Solucionado,,,,,HOM1 - SEGURO DEL HOGAR,854821,,2163214,Riesgos Varios Casa Central,,,,'2021-04-28 13:20:00','2016-11-11 08:27:14','2016-11-11 08:27:14',Resuelto,,
161111-349761,,Incidente importado desde SAC,,Daños Materiales Autos,Usuario Importador,Telemarketing,,,Solucionado,,,,,APR1 - AUTOMOTORES,854823,,3476626,Daños materiales Casa Central,,,,'2021-04-28 13:20:00','2016-11-11 08:27:14','2016-11-11 08:27:14',Resuelto,,
161111-349763,,Incidente importado desde SAC,,Inspecciones Autos,Usuario Importador,Telemarketing,,,Solucionado,,,,,AUS1 - AUTOMOTORES,854825,,6807450,Inspección por previa DDJJ,,,,'2021-04-28 13:20:00','2016-11-11 08:27:14','2016-11-11 08:27:14',Resuelto,,
161111-349766,,Incidente importado desde SAC,,Emisión Masivos,Usuario Importador,Telemarketing,,,Solucionado,,,,,AUS1 - AUTOMOTORES,854828,,3759675,Rechazos/ Reducción de cobertura,,,,'2021-04-28 13:20:00','2016-11-11 08:27:15','2016-11-11 08:27:15',Resuelto,,
161111-349769,,Incidente importado desde SAC,,Fleet Services,Usuario Importador,Telemarketing,,,Solucionado,,,,,AUT1 - AUTOMOTORES,854831,,6686966,Contacto del tercero,,,,'2021-04-28 13:20:00','2016-11-11 08:27:15','2016-11-11 08:27:15',Resuelto,,
161111-349770,,Incidente importado desde SAC,,Emisión Masivos,Usuario Importador,Comercial,,,Solucionado,,,,,HOM1 - SEGURO DEL HOGAR,854832,,3545240,No califica,,,,'2021-04-28 13:20:00','2016-11-11 08:27:15','2016-11-11 08:27:15',Resuelto,,
161111-349771,,Incidente importado desde SAC,,Emisión Masivos,Usuario Importador,Telemarketing,,,Solucionado,,,,,APR1 - AUTOMOTORES,854833,,3627544,Rechazos/ Reducción de cobertura,,,,'2021-04-28 13:20:00','2016-11-11 08:27:15','2016-11-11 08:27:15',Resuelto,,
161111-349772,,Incidente importado desde SAC,,Emisión Masivos,Usuario Importador,Telemarketing,,,Solucionado,,,,,AUS1 - AUTOMOTORES,854834,,1279593,Inspección por previa,,,,'2021-04-28 13:20:00','2016-11-11 08:27:15','2016-11-11 08:27:15',Resuelto,,
161111-349774,,Incidente importado desde SAC,,Emisión Masivos,Usuario Importador,Telemarketing,,,Solucionado,,,,,AUS1 - AUTOMOTORES,854836,,4976195,Baja de póliza,,,,'2021-04-28 13:20:00','2016-11-11 08:27:15','2016-11-11 08:27:15',Resuelto,,
161111-349775,,Incidente importado desde SAC,,Inspecciones Autos,Usuario Importador,Telemarketing,,,Solucionado,,,,,AUS1 - AUTOMOTORES,854837,,2910022,Inspección por previa DDJJ,,,,'2021-04-28 13:20:00','2016-11-11 08:27:15','2016-11-11 08:27:15',Resuelto,,
161111-349776,,Incidente importado desde SAC,,Inspecciones Autos,Usuario Importador,Telemarketing,,,Solucionado,,,,,AUS1 - AUTOMOTORES,854838,,6887469,Inspección por previa DDJJ,,,,'2021-04-28 13:20:00','2016-11-11 08:27:16','2016-11-11 08:27:16',Resuelto,,
161111-349777,,Incidente importado desde SAC,,Inspecciones Autos,Usuario Importador,Telemarketing,,,Solucionado,,,,,AUS1 - AUTOMOTORES,854839,,2938625,Inspección por previa DDJJ,,,,'2021-04-28 13:20:00','2016-11-11 08:27:16','2016-11-11 08:27:16',Resuelto,,
161111-349779,,Incidente importado desde SAC,,Emisión Masivos,Usuario Importador,Telemarketing,,,Solucionado,,,,,APR1 - AUTOMOTORES,854841,,7367172,Rechazos/ Reducción de cobertura,,,,'2021-04-28 13:20:00','2016-11-11 08:27:16','2016-11-11 08:27:16',Resuelto,,
161111-349780,,Incidente importado desde SAC,,Emisión Masivos,Usuario Importador,Telemarketing,,,Solucionado,,,,,AUS1 - AUTOMOTORES,854842,,4201588,Inclusión de GNC,,,,'2021-04-28 13:20:00','2016-11-11 08:27:16','2016-11-11 08:27:16',No Procedente,,
161111-349781,,Incidente importado desde SAC,,Emisión Masivos,Usuario Importador,Especialistas,,,Solucionado,,,,,AUS1 - AUTOMOTORES,854843,,3831651,Corrección de propuesta,,,,'2021-04-28 13:20:00','2016-11-11 08:27:16','2016-11-11 08:27:16',Resuelto,,
161111-349785,,Incidente importado desde SAC,,Drive in Ciudadela,Usuario Importador,Telemarketing,,,Solucionado,,,,,AUS1 - AUTOMOTORES,854847,,5528767,Daños materiales drive in Ciudadela,,,,'2021-04-28 13:20:00','2016-11-11 08:27:16','2016-11-11 08:27:16',Resuelto,,
161111-349789,,Incidente importado desde SAC,,Inspecciones Autos,Usuario Importador,Telemarketing,,,Solucionado,,,,,AUS1 - AUTOMOTORES,854851,,5321541,Inspección por previa DDJJ,,,,'2021-04-28 13:20:00','2016-11-11 08:27:17','2016-11-11 08:27:17',Resuelto,,
161111-349795,,Incidente importado desde SAC,,Cac,Usuario Importador,Telemarketing,,,Solucionado,,,,,AUS1 - AUTOMOTORES,854857,,2655365,Reintegro - Automático,,,,'2021-04-28 13:20:00','2016-11-11 08:27:17','2016-11-11 08:27:17',Anulado,,
161111-349796,,Incidente importado desde SAC,,Drive in San Isidro,Usuario Importador,Telemarketing,,,Solucionado,,,,,AUS1 - AUTOMOTORES,854858,,4602187,Daños materiales drive in San Isidro,,,,'2021-04-28 13:20:00','2016-11-11 08:27:17','2016-11-11 08:27:17',Resuelto,,
161111-349800,,Incidente importado desde SAC,,Emisión Masivos,Usuario Importador,Telemarketing,,,Solucionado,,,,,AUS1 - AUTOMOTORES,854862,,5532220,Baja de póliza,,,,'2021-04-28 13:20:00','2016-11-11 08:27:17','2016-11-11 08:27:17',Resuelto,,
161111-349801,,Incidente importado desde SAC,,Emisión Masivos,Usuario Importador,Carta Documento,,,Solucionado,,,,,AUS1 - AUTOMOTORES,854863,,6495750,Baja de póliza,,,,'2021-04-28 13:20:00','2016-11-11 08:27:18','2016-11-11 08:27:18',Resuelto,,
161111-349803,,Incidente importado desde SAC,,Robo / Destruccion Total,Usuario Importador,Telemarketing,,,Solucionado,,,,,AUS1 - AUTOMOTORES,854865,,7817821,Inspección por siniestros,,,,'2021-04-28 13:20:00','2016-11-11 08:27:18','2016-11-11 08:27:18',Resuelto,,
161111-349805,,Incidente importado desde SAC,,Emisión Masivos,Usuario Importador,Telemarketing,,,Solucionado,,,,,AUS1 - AUTOMOTORES,854867,,3434279,Inspección por previa,,,,'2021-04-28 13:20:00','2016-11-11 08:27:18','2016-11-11 08:27:18',Resuelto,,
161111-349807,,Incidente importado desde SAC,,Emisión Masivos,Usuario Importador,Telemarketing,,,Solucionado,,,,,AUS1 - AUTOMOTORES,854869,,6726872,Excepción comercial altas,,,,'2021-04-28 13:20:00','2016-11-11 08:27:18','2016-11-11 08:27:18',Resuelto,,
161111-349809,,Incidente importado desde SAC,,,Usuario Importador,Telemarketing,,,Solucionado,,,,,AUS1 - AUTOMOTORES,854871,,3862050,Cliente para retención,,,,'2021-04-28 13:20:00','2016-11-11 08:27:18','2016-11-11 08:27:18',Atendido,,
161111-349812,,Incidente importado desde SAC,,Inspecciones Autos,Usuario Importador,Telemarketing,,,Solucionado,,,,,AUS1 - AUTOMOTORES,854874,,2926584,Inspección por previa DDJJ,,,,'2021-04-28 13:20:00','2016-11-11 08:27:18','2016-11-11 08:27:18',Resuelto,,
161111-349816,,Incidente importado desde SAC,,Emisión Masivos,Usuario Importador,Telemarketing,,,Solucionado,,,,,AUS1 - AUTOMOTORES,854878,,4645760,Modificación medio de pago,,,,'2021-04-28 13:20:00','2016-11-11 08:27:18','2016-11-11 08:27:18',Resuelto,,
161111-349817,,Incidente importado desde SAC,,Inspecciones Autos,Usuario Importador,Telemarketing,,,Solucionado,,,,,APR1 - AUTOMOTORES,854879,,3639117,Rechazos/ Reducción de cobertura,,,,'2021-04-28 13:20:00','2016-11-11 08:27:18','2016-11-11 08:27:18',No Procedente,,
161111-349820,,Incidente importado desde SAC,,Emisión Masivos,Usuario Importador,Canal productor,,,Solucionado,,,,,AUS1 - AUTOMOTORES,854882,,2402274,Corrección de propuesta,,,,'2021-04-28 13:20:00','2016-11-11 08:27:19','2016-11-11 08:27:19',No Procedente,,
161111-349826,,Incidente importado desde SAC,,Inspecciones Autos,Usuario Importador,Telemarketing,,,Solucionado,,,,,AUS1 - AUTOMOTORES,854888,,1718014,Rechazos/ Reducción de cobertura,,,,'2021-04-28 13:20:00','2016-11-11 08:27:19','2016-11-11 08:27:19',No Procedente,,
161111-349827,,Incidente importado desde SAC,,Fleet Services,Usuario Importador,Telemarketing,,,Solucionado,,,,,AUA1 - AUTOMOTORES CARTERA GENERAL,854889,,6527130,Contacto del tercero,,,,'2021-04-28 13:20:00','2016-11-11 08:27:19','2016-11-11 08:27:19',Resuelto,,
161111-349829,,Incidente importado desde SAC,,Oficina Mar del Plata,Usuario Importador,Telemarketing,,,Solucionado,,,,,APR1 - AUTOMOTORES,854891,,3469914,Daños materiales drive in La Plata,,,,'2021-04-28 13:20:00','2016-11-11 08:27:20','2016-11-11 08:27:20',Resuelto,,
161111-349830,,Incidente importado desde SAC,,Inspecciones Autos,Usuario Importador,Telemarketing,,,Solucionado,,,,,AUS1 - AUTOMOTORES,854892,,5180298,Inspección por previa DDJJ,,,,'2021-04-28 13:20:00','2016-11-11 08:27:20','2016-11-11 08:27:20',Resuelto,,
161111-349837,,Incidente importado desde SAC,,Emisión Masivos,Usuario Importador,Telemarketing,,,Solucionado,,,,,AUS1 - AUTOMOTORES,854899,,4382013,4 cuotas con un descuento del 25 %,,,,'2021-04-28 13:20:00','2016-11-11 08:27:20','2016-11-11 08:27:20',Resuelto,,
161111-349840,,Incidente importado desde SAC,,Fleet Services,Usuario Importador,Telemarketing,,,Solucionado,,,,,AUA1 - AUTOMOTORES CARTERA GENERAL,854902,,1325983,Contacto del tercero,,,,'2021-04-28 13:20:00','2016-11-11 08:27:20','2016-11-11 08:27:20',Resuelto,,
161111-349841,,Incidente importado desde SAC,,Fleet Services,Usuario Importador,Telemarketing,,,Solucionado,,,,,AUS1 - AUTOMOTORES,854903,,4401776,Daños materiales drive in Lanús,,,,'2021-04-28 13:20:00','2016-11-11 08:27:20','2016-11-11 08:27:20',Resuelto,,
161111-349847,,Incidente importado desde SAC,,Inspecciones Autos,Usuario Importador,Telemarketing,,,Solucionado,,,,,AUS1 - AUTOMOTORES,854909,,3448501,Inspección por previa DDJJ,,,,'2021-04-28 13:20:00','2016-11-11 08:27:20','2016-11-11 08:27:20',Resuelto,,
161111-349854,,Incidente importado desde SAC,,Emisión Masivos,Usuario Importador,Telemarketing,,,Solucionado,,,,,AUS1 - AUTOMOTORES,854916,,4872872,Modificaciones datos del producto,,,,'2021-04-28 13:20:00','2016-11-11 08:27:21','2016-11-11 08:27:21',Resuelto,,
161111-349863,,Incidente importado desde SAC,,Mailing,Usuario Importador,Telemarketing,,,Solucionado,,,,,HOM1 - SEGURO DEL HOGAR,854925,,7635984,Certificado de cobertura,,,,'2021-04-28 13:20:00','2016-11-11 08:27:22','2016-11-11 08:27:22',Resuelto,,
161111-349864,,Incidente importado desde SAC,,Drive in Ciudadela,Usuario Importador,Carta,,,Solucionado,,,,,AUS1 - AUTOMOTORES,854926,,5649295,Daños materiales drive in Ciudadela,,,,'2021-04-28 13:20:00','2016-11-11 08:27:22','2016-11-11 08:27:22',No Procedente,,
161111-349867,,Incidente importado desde SAC,,Mailing,Usuario Importador,Carta Documento,,,Solucionado,,,,,AUS1 - AUTOMOTORES,854929,,3850586,Certificado de cobertura,,,,'2021-04-28 13:20:00','2016-11-11 08:27:22','2016-11-11 08:27:22',Resuelto,,
161111-349872,,Incidente importado desde SAC,,,Usuario Importador,Telemarketing,,,Solucionado,,,,,AUS1 - AUTOMOTORES,854934,,7637204,Cliente para retención,,,,'2021-04-28 13:20:00','2016-11-11 08:27:23','2016-11-11 08:27:23',Atendido,,
161111-349873,,Incidente importado desde SAC,,Cobranzas Automático,Usuario Importador,Telemarketing,,,Solucionado,,,,,ATD1 - ROBO/USUAR.T.DEB-CRE,854935,,4540859,No califica,,,,'2021-04-28 13:20:00','2016-11-11 08:27:23','2016-11-11 08:27:23',Resuelto,,
161111-349877,,Incidente importado desde SAC,,Emisión Masivos,Usuario Importador,Telemarketing,,,Solucionado,,,,,AUS1 - AUTOMOTORES,854939,,3940330,Excepción comercial altas,,,,'2021-04-28 13:20:00','2016-11-11 08:27:23','2016-11-11 08:27:23',Resuelto,,
161111-349879,,Incidente importado desde SAC,,Emisión Masivos,Usuario Importador,Telemarketing,,,Solucionado,,,,,HOM1 - SEGURO DEL HOGAR,854941,,6834366,Modificación datos personales,,,,'2021-04-28 13:20:00','2016-11-11 08:27:24','2016-11-11 08:27:24',Resuelto,,
161111-349881,,Incidente importado desde SAC,,Oficina Rosario,Usuario Importador,Carta Documento,,,Solucionado,,,,,HOM1 - SEGURO DEL HOGAR,854943,,133870,Riesgos Varios Rosario,,,,'2021-04-28 13:20:00','2016-11-11 08:27:24','2016-11-11 08:27:24',Resuelto,,
161111-349883,,Incidente importado desde SAC,,Emisión Masivos,Usuario Importador,Telemarketing,,,Solucionado,,,,,AUS1 - AUTOMOTORES,854945,,3609855,Baja de póliza,,,,'2021-04-28 13:20:00','2016-11-11 08:27:24','2016-11-11 08:27:24',Resuelto,,
161111-349884,,Incidente importado desde SAC,,Emisión Masivos,Usuario Importador,Telemarketing,,,Solucionado,,,,,HOM1 - SEGURO DEL HOGAR,854946,,2329941,Corrección de propuesta,,,,'2021-04-28 13:20:00','2016-11-11 08:27:24','2016-11-11 08:27:24',Resuelto,,
161111-349886,,Incidente importado desde SAC,,Mailing,Usuario Importador,Telemarketing,,,Solucionado,,,,,AUS1 - AUTOMOTORES,854948,,1930468,Certificado de cobertura,,,,'2021-04-28 13:20:00','2016-11-11 08:27:24','2016-11-11 08:27:24',Atendido,,
161111-349887,,Incidente importado desde SAC,,Drive in La Plata,Usuario Importador,Telemarketing,,,Solucionado,,,,,AUS1 - AUTOMOTORES,854949,,3486854,Daños materiales drive in La Plata,,,,'2021-04-28 13:20:00','2016-11-11 08:27:24','2016-11-11 08:27:24',Resuelto,,
161111-349889,,Incidente importado desde SAC,,Mailing,Usuario Importador,Telemarketing,,,Solucionado,,,,,AUS1 - AUTOMOTORES,854951,,3830979,Certificado de cobertura,,,,'2021-04-28 13:20:00','2016-11-11 08:27:24','2016-11-11 08:27:24',Atendido,,
161111-349891,,Incidente importado desde SAC,,Emisión Masivos,Usuario Importador,Telemarketing,,,Solucionado,,,,,AUS1 - AUTOMOTORES,854953,,3555365,4 cuotas con un descuento del 25 %,,,,'2021-04-28 13:20:00','2016-11-11 08:27:26','2016-11-11 08:27:26',Resuelto,,
161111-349895,,Incidente importado desde SAC,,Lesiones,Usuario Importador,Telemarketing,,,Solucionado,,,,,AUS1 - AUTOMOTORES,854957,,1280022,Tercero lesionado,,,,'2021-04-28 13:20:00','2016-11-11 08:27:26','2016-11-11 08:27:26',Resuelto,,
161111-349899,,Incidente importado desde SAC,,Emisión Masivos,Usuario Importador,Carta Documento,,,Solucionado,,,,,AUS1 - AUTOMOTORES,854961,,7282830,Referidos,,,,'2021-04-28 13:20:00','2016-11-11 08:27:27','2016-11-11 08:27:27',Resuelto,,
161111-349900,,Incidente importado desde SAC,,Emisión Masivos,Usuario Importador,Telemarketing,,,Solucionado,,,,,AUS1 - AUTOMOTORES,854962,,5581316,Baja de póliza,,,,'2021-04-28 13:20:00','2016-11-11 08:27:28','2016-11-11 08:27:28',Resuelto,,
161111-349901,,Incidente importado desde SAC,,Mailing,Usuario Importador,Carta Documento,,,Solucionado,,,,,APL1 - AUTOMOTORES PLANES,854963,,3512453,Certificado de cobertura,,,,'2021-04-28 13:20:00','2016-11-11 08:27:28','2016-11-11 08:27:28',Resuelto,,
161111-349902,,Incidente importado desde SAC,,Mailing,Usuario Importador,Carta Documento,,,Solucionado,,,,,AUS1 - AUTOMOTORES,854964,,2826747,Certificado de cobertura,,,,'2021-04-28 13:20:00','2016-11-11 08:27:28','2016-11-11 08:27:28',Resuelto,,
161111-349903,,Incidente importado desde SAC,,Cac,Usuario Importador,Telemarketing,,,Solucionado,,,,,AUS1 - AUTOMOTORES,854965,,4419123,Contacto del tercero,,,,'2021-04-28 13:20:00','2016-11-11 08:27:28','2016-11-11 08:27:28',Anulado,,
161111-349904,,Incidente importado desde SAC,,Mailing,Usuario Importador,Telemarketing,,,Solucionado,,,,,APL1 - AUTOMOTORES PLANES,854966,,2890048,Certificado de cobertura,,,,'2021-04-28 13:20:00','2016-11-11 08:27:28','2016-11-11 08:27:28',Resuelto,,
161111-349907,,Incidente importado desde SAC,,Emisión Masivos,Usuario Importador,Telemarketing,,,Solucionado,,,,,AUS1 - AUTOMOTORES,854969,,3595554,Rechazos/ Reducción de cobertura,,,,'2021-04-28 13:20:00','2016-11-11 08:27:28','2016-11-11 08:27:28',Resuelto,,
161111-349908,,Incidente importado desde SAC,,Cac,Usuario Importador,Telemarketing,,,Solucionado,,,,,AUI1 - AUTOMOTORES INSTITUCIONES,854970,,6489974,Daños materiales Interior Sur,,,,'2021-04-28 13:20:00','2016-11-11 08:27:28','2016-11-11 08:27:28',No Procedente,,
161111-349911,,Incidente importado desde SAC,,Emisión Masivos,Usuario Importador,Telemarketing,,,Solucionado,,,,,AUS1 - AUTOMOTORES,854973,,4397472,Ampliación de Cobertura con inspección,,,,'2021-04-28 13:20:00','2016-11-11 08:27:28','2016-11-11 08:27:28',Resuelto,,
161111-349912,,Incidente importado desde SAC,,Oficina Mendoza,Usuario Importador,Telemarketing,,,Solucionado,,,,,APR1 - AUTOMOTORES,854974,,2508520,Daños materiales Mendoza,,,,'2021-04-28 13:20:00','2016-11-11 08:27:28','2016-11-11 08:27:28',Resuelto,,
161111-349915,,Incidente importado desde SAC,,Emisión Masivos,Usuario Importador,Especialistas,,,Solucionado,,,,,AUS1 - AUTOMOTORES,854977,,1926492,Corrección de propuesta,,,,'2021-04-28 13:20:00','2016-11-11 08:27:29','2016-11-11 08:27:29',Resuelto,,
161111-349918,,Incidente importado desde SAC,,Emisión Masivos,Usuario Importador,Telemarketing,,,Solucionado,,,,,HOM1 - SEGURO DEL HOGAR,854980,,7629278,Baja de póliza,,,,'2021-04-28 13:20:00','2016-11-11 08:27:29','2016-11-11 08:27:29',Resuelto,,
161111-349921,,Incidente importado desde SAC,,Cac,Usuario Importador,Telemarketing,,,Solucionado,,,,,AUS1 - AUTOMOTORES,854983,,864749,Inspección por previa,,,,'2021-04-28 13:20:00','2016-11-11 08:27:29','2016-11-11 08:27:29',No Procedente,,
161111-349922,,Incidente importado desde SAC,,Emisión Masivos,Usuario Importador,Telemarketing,,,Solucionado,,,,,AUS1 - AUTOMOTORES,854984,,4462257,Ampliación de Cobertura con inspección,,,,'2021-04-28 13:20:00','2016-11-11 08:27:29','2016-11-11 08:27:29',Resuelto,,
161111-349928,,Incidente importado desde SAC,,Emisión Masivos,Usuario Importador,Telemarketing,,,Solucionado,,,,,AUS1 - AUTOMOTORES,854990,,449504,No califica,,,,'2021-04-28 13:20:00','2016-11-11 08:27:29','2016-11-11 08:27:29',Resuelto,,
161111-349929,,Incidente importado desde SAC,,,Usuario Importador,Telemarketing,,,Solucionado,,,,,AUS1 - AUTOMOTORES,854991,,4424509,Cliente para retención,,,,'2021-04-28 13:20:00','2016-11-11 08:27:30','2016-11-11 08:27:30',Atendido,,
161111-349931,,Incidente importado desde SAC,,Fleet Services,Usuario Importador,Telemarketing,,,Solucionado,,,,,AUT1 - AUTOMOTORES,854993,,6665797,Contacto del tercero,,,,'2021-04-28 13:20:00','2016-11-11 08:27:30','2016-11-11 08:27:30',Resuelto,,
161111-349932,,Incidente importado desde SAC,,Emisión Masivos,Usuario Importador,Especialistas,,,Solucionado,,,,,AUS1 - AUTOMOTORES,854994,,7638742,Anulación de propuesta,,,,'2021-04-28 13:20:00','2016-11-11 08:27:30','2016-11-11 08:27:30',Resuelto,,
161111-349933,,Incidente importado desde SAC,,Emisión Masivos,Usuario Importador,Canal productor,,,Solucionado,,,,,AUS1 - AUTOMOTORES,854995,,2402274,No califica,,,,'2021-04-28 13:20:00','2016-11-11 08:27:30','2016-11-11 08:27:30',Resuelto,,
161111-349934,,Incidente importado desde SAC,,Inspecciones Autos,Usuario Importador,Telemarketing,,,Solucionado,,,,,AUS1 - AUTOMOTORES,854996,,1006793,Desinstalación de dispositivo de rastreo,,,,'2021-04-28 13:20:00','2016-11-11 08:27:30','2016-11-11 08:27:30',Resuelto,,
161111-349936,,Incidente importado desde SAC,,Cobranzas Automático,Usuario Importador,Comercial,,,Solucionado,,,,,AUI1 - AUTOMOTORES INSTITUCIONES,854998,,4528675,No califica,,,,'2021-04-28 13:20:00','2016-11-11 08:27:30','2016-11-11 08:27:30',Resuelto,,
161111-349939,,Incidente importado desde SAC,,Emisión Masivos,Usuario Importador,Especialistas,,,Solucionado,,,,,AUS1 - AUTOMOTORES,855001,,647614,Ampliación de Cobertura con inspección,,,,'2021-04-28 13:20:00','2016-11-11 08:27:30','2016-11-11 08:27:30',Resuelto,,
161111-349941,,Incidente importado desde SAC,,Cac,Usuario Importador,Telemarketing,,,Solucionado,,,,,AUS1 - AUTOMOTORES,855003,,2222308,Imputación de cobranzas - Automático,,,,'2021-04-28 13:20:00','2016-11-11 08:27:30','2016-11-11 08:27:30',No Procedente,,
161111-349943,,Incidente importado desde SAC,,Inspecciones Autos,Usuario Importador,Telemarketing,,,Solucionado,,,,,AUS1 - AUTOMOTORES,855005,,4385879,Inspección por previa DDJJ,,,,'2021-04-28 13:20:00','2016-11-11 08:27:31','2016-11-11 08:27:31',Resuelto,,
161111-349946,,Incidente importado desde SAC,,Emisión Masivos,Usuario Importador,Telemarketing,,,Solucionado,,,,,AUS1 - AUTOMOTORES,855008,,1076760,Rechazos/ Reducción de cobertura,,,,'2021-04-28 13:20:00','2016-11-11 08:27:31','2016-11-11 08:27:31',Resuelto,,
161111-349949,,Incidente importado desde SAC,,Emisión Masivos,Usuario Importador,Telemarketing,,,Solucionado,,,,,APR1 - AUTOMOTORES,855011,,3595382,Rechazos/ Reducción de cobertura,,,,'2021-04-28 13:20:00','2016-11-11 08:27:31','2016-11-11 08:27:31',No Procedente,,
161111-349951,,Incidente importado desde SAC,,Emisión Masivos,Usuario Importador,Telemarketing,,,Solucionado,,,,,HOM1 - SEGURO DEL HOGAR,855013,,165845,Baja de póliza,,,,'2021-04-28 13:20:00','2016-11-11 08:27:31','2016-11-11 08:27:31',Resuelto,,
161111-349955,,Incidente importado desde SAC,,Emisión Masivos,Usuario Importador,Telemarketing,,,Solucionado,,,,,AUS1 - AUTOMOTORES,855017,,2557540,4 cuotas con un descuento del 25 %,,,,'2021-04-28 13:20:00','2016-11-11 08:27:32','2016-11-11 08:27:32',Resuelto,,
161111-349959,,Incidente importado desde SAC,,Cobranzas Automático,Usuario Importador,Telemarketing,,,Solucionado,,,,,HOM1 - SEGURO DEL HOGAR,855021,,1299835,Reintegro - Automático,,,,'2021-04-28 13:20:00','2016-11-11 08:27:32','2016-11-11 08:27:32',Resuelto,,
161111-349960,,Incidente importado desde SAC,,Oficina Cordoba,Usuario Importador,Telemarketing,,,Solucionado,,,,,HOM1 - SEGURO DEL HOGAR,855022,,6714948,Riesgos Varios Cordoba,,,,'2021-04-28 13:20:00','2016-11-11 08:27:32','2016-11-11 08:27:32',Resuelto,,
161111-349961,,Incidente importado desde SAC,,Riesgos Varios Casa Central,Usuario Importador,Telemarketing,,,Solucionado,,,,,HOM1 - SEGURO DEL HOGAR,855023,,7632076,Riesgos Varios Casa Central,,,,'2021-04-28 13:20:00','2016-11-11 08:27:32','2016-11-11 08:27:32',Resuelto,,
161111-349964,,Incidente importado desde SAC,,Emisión Masivos,Usuario Importador,Especialistas,,,Solucionado,,,,,AUS1 - AUTOMOTORES,855025,,7351917,Modificaciones scoring,,,,'2021-04-28 13:20:00','2016-11-11 08:27:33','2016-11-11 08:27:33',Resuelto,,
161111-349965,,Incidente importado desde SAC,,Emisión Masivos,Usuario Importador,Especialistas,,,Solucionado,,,,,AUS1 - AUTOMOTORES,855026,,5341707,Modificación datos personales,,,,'2021-04-28 13:20:00','2016-11-11 08:27:33','2016-11-11 08:27:33',Resuelto,,
161111-349969,,Incidente importado desde SAC,,Fleet Services,Usuario Importador,Telemarketing,,,Solucionado,,,,,AUS1 - AUTOMOTORES,855030,,3966423,Contacto del tercero,,,,'2021-04-28 13:20:00','2016-11-11 08:27:33','2016-11-11 08:27:33',Resuelto,,
161111-349977,,Incidente importado desde SAC,,Oficina Rosario,Usuario Importador,Telemarketing,,,Solucionado,,,,,APL1 - AUTOMOTORES PLANES,855038,,1984793,Daños materiales Rosario,,,,'2021-04-28 13:20:00','2016-11-11 08:27:34','2016-11-11 08:27:34',Resuelto,,
161111-349980,,Incidente importado desde SAC,,Emisión Masivos,Usuario Importador,Telemarketing,,,Solucionado,,,,,APR1 - AUTOMOTORES,855041,,548469,Baja de póliza,,,,'2021-04-28 13:20:00','2016-11-11 08:27:34','2016-11-11 08:27:34',Resuelto,,
161111-349981,,Incidente importado desde SAC,,Emisión Masivos,Usuario Importador,Telemarketing,,,Solucionado,,,,,HOM1 - SEGURO DEL HOGAR,855042,,3256244,Ampliación de Cobertura con inspección,,,,'2021-04-28 13:20:00','2016-11-11 08:27:34','2016-11-11 08:27:34',Resuelto,,
161111-349983,,Incidente importado desde SAC,,Emisión Masivos,Usuario Importador,Telemarketing,,,Solucionado,,,,,AUS1 - AUTOMOTORES,855044,,4185713,Rechazos/ Reducción de cobertura,,,,'2021-04-28 13:20:00','2016-11-11 08:27:34','2016-11-11 08:27:34',Resuelto,,
161111-349989,,Incidente importado desde SAC,,Emisión Masivos,Usuario Importador,Carta,,,Solucionado,,,,,AUS1 - AUTOMOTORES,855050,,5033250,Baja de póliza,,,,'2021-04-28 13:20:00','2016-11-11 08:27:35','2016-11-11 08:27:35',Resuelto,,
161111-349991,,Incidente importado desde SAC,,Emisión Masivos,Usuario Importador,Telemarketing,,,Solucionado,,,,,AUS1 - AUTOMOTORES,855052,,2176438,Cambio de campaña,,,,'2021-04-28 13:20:00','2016-11-11 08:27:35','2016-11-11 08:27:35',Resuelto,,
161111-349992,,Incidente importado desde SAC,,Emisión Masivos,Usuario Importador,Telemarketing,,,Solucionado,,,,,AUS1 - AUTOMOTORES,855053,,7704177,Baja de póliza,,,,'2021-04-28 13:20:00','2016-11-11 08:27:35','2016-11-11 08:27:35',Resuelto,,
161111-349995,,Incidente importado desde SAC,,Cac,Usuario Importador,Telemarketing,,,Solucionado,,,,,HOM1 - SEGURO DEL HOGAR,855056,,4557591,No califica,,,,'2021-04-28 13:20:00','2016-11-11 08:27:35','2016-11-11 08:27:35',No Procedente,,
161111-349996,,Incidente importado desde SAC,,Inspecciones Autos,Usuario Importador,Telemarketing,,,Solucionado,,,,,AUS1 - AUTOMOTORES,855057,,521661,Rechazos/ Reducción de cobertura,,,,'2021-04-28 13:20:00','2016-11-11 08:27:35','2016-11-11 08:27:35',No Procedente,,
161111-349997,,Incidente importado desde SAC,,Emisión Masivos,Usuario Importador,Telemarketing,,,Solucionado,,,,,AUS1 - AUTOMOTORES,855058,,4527675,Rechazos/ Reducción de cobertura,,,,'2021-04-28 13:20:00','2016-11-11 08:27:35','2016-11-11 08:27:35',Resuelto,,
161111-349999,,Incidente importado desde SAC,,Emisión Masivos,Usuario Importador,Telemarketing,,,Solucionado,,,,,AUS1 - AUTOMOTORES,855060,,7371958,Baja de póliza,,,,'2021-04-28 13:20:00','2016-11-11 08:27:35','2016-11-11 08:27:35',Resuelto,,
161111-350001,,Incidente importado desde SAC,,Fleet Services,Usuario Importador,Telemarketing,,,Solucionado,,,,,AUT1 - AUTOMOTORES,855062,,6773474,Contacto del tercero,,,,'2021-04-28 13:20:00','2016-11-11 08:27:35','2016-11-11 08:27:35',Resuelto,,
161111-350004,,Incidente importado desde SAC,,Emisión Masivos,Usuario Importador,Telemarketing,,,Solucionado,,,,,APR1 - AUTOMOTORES,855065,,4616382,Ampliación de Cobertura con inspección,,,,'2021-04-28 13:20:00','2016-11-11 08:27:36','2016-11-11 08:27:36',Resuelto,,
161111-350005,,Incidente importado desde SAC,,Oficina Cordoba,Usuario Importador,Telemarketing,,,Solucionado,,,,,APR1 - AUTOMOTORES,855066,,3924445,Inspección por siniestros,,,,'2021-04-28 13:20:00','2016-11-11 08:27:36','2016-11-11 08:27:36',Resuelto,,
161111-350006,,Incidente importado desde SAC,,Daños Materiales Autos,Usuario Importador,Telemarketing,,,Solucionado,,,,,AUS1 - AUTOMOTORES,855067,,295572,Inspección por siniestros,,,,'2021-04-28 13:20:00','2016-11-11 08:27:36','2016-11-11 08:27:36',Resuelto,,
161111-350011,,Incidente importado desde SAC,,Inspecciones Autos,Usuario Importador,Telemarketing,,,Solucionado,,,,,AUS1 - AUTOMOTORES,855072,,3447448,Inspección por previa DDJJ,,,,'2021-04-28 13:20:00','2016-11-11 08:27:36','2016-11-11 08:27:36',Resuelto,,
161111-350014,,Incidente importado desde SAC,,Emisión Masivos,Usuario Importador,Telemarketing,,,Solucionado,,,,,AUS1 - AUTOMOTORES,855075,,6685305,No califica,,,,'2021-04-28 13:20:00','2016-11-11 08:27:36','2016-11-11 08:27:36',Resuelto,,
161111-350017,,Incidente importado desde SAC,,Oficina Cordoba,Usuario Importador,Telemarketing,,,Solucionado,,,,,HOM1 - SEGURO DEL HOGAR,855078,,4225710,Riesgos Varios Cordoba,,,,'2021-04-28 13:20:00','2016-11-11 08:27:37','2016-11-11 08:27:37',Resuelto,,
161111-350018,,Incidente importado desde SAC,,Prestadores,Usuario Importador,Telemarketing,,,Solucionado,,,,,HOM1 - SEGURO DEL HOGAR,855079,,1889982,Reintegro Ibero,,,,'2021-04-28 13:20:00','2016-11-11 08:27:37','2016-11-11 08:27:37',No Procedente,,
161111-350020,,Incidente importado desde SAC,,Emisión Masivos,Usuario Importador,Telemarketing,,,Solucionado,,,,,AUS1 - AUTOMOTORES,855081,,3530138,Inspección por previa,,,,'2021-04-28 13:20:00','2016-11-11 08:27:37','2016-11-11 08:27:37',Resuelto,,
161111-350021,,Incidente importado desde SAC,,Emisión Masivos,Usuario Importador,Carta,,,Solucionado,,,,,HOM1 - SEGURO DEL HOGAR,855082,,895882,Rechazos/ Baja de póliza,,,,'2021-04-28 13:20:00','2016-11-11 08:27:37','2016-11-11 08:27:37',Resuelto,,
161111-350023,,Incidente importado desde SAC,,Emisión Masivos,Usuario Importador,Telemarketing,,,Solucionado,,,,,AUS1 - AUTOMOTORES,855084,,2849779,Baja de póliza,,,,'2021-04-28 13:20:00','2016-11-11 08:27:37','2016-11-11 08:27:37',Resuelto,,
161111-350033,,Incidente importado desde SAC,,Emisión Masivos,Usuario Importador,Telemarketing,,,Solucionado,,,,,AUS1 - AUTOMOTORES,855094,,3965930,Baja de póliza,,,,'2021-04-28 13:20:00','2016-11-11 08:27:38','2016-11-11 08:27:38',Resuelto,,
161111-350035,,Incidente importado desde SAC,,Emisión Masivos,Usuario Importador,Carta,,,Solucionado,,,,,AUS1 - AUTOMOTORES,855096,,1779612,10 cuotas con un descuento del 15 %,,,,'2021-04-28 13:20:00','2016-11-11 08:27:39','2016-11-11 08:27:39',Resuelto,,
161111-350040,,Incidente importado desde SAC,,Emisión Masivos,Usuario Importador,Telemarketing,,,Solucionado,,,,,AUS1 - AUTOMOTORES,855101,,3147547,Rechazos/ Reducción de cobertura,,,,'2021-04-28 13:20:00','2016-11-11 08:27:40','2016-11-11 08:27:40',Resuelto,,
161111-350043,,Incidente importado desde SAC,,Pago Telefonico,Usuario Importador,Telemarketing,,,Solucionado,,,,,AUS1 - AUTOMOTORES,855104,,1443281,Pago telefónico,,,,'2021-04-28 13:20:00','2016-11-11 08:27:41','2016-11-11 08:27:41',Resuelto,,
161111-350045,,Incidente importado desde SAC,,Emisión Masivos,Usuario Importador,Carta,,,Solucionado,,,,,AUS1 - AUTOMOTORES,855106,,5151588,Cambio de productor,,,,'2021-04-28 13:20:00','2016-11-11 08:27:41','2016-11-11 08:27:41',Resuelto,,
161111-350047,,Incidente importado desde SAC,,Mailing,Usuario Importador,Telemarketing,,,Solucionado,,,,,AUS1 - AUTOMOTORES,855108,,690376,Certificado de cobertura,,,,'2021-04-28 13:20:00','2016-11-11 08:27:41','2016-11-11 08:27:41',Resuelto,,
161111-350049,,Incidente importado desde SAC,,Oficina Cordoba,Usuario Importador,Telemarketing,,,Solucionado,,,,,APR1 - AUTOMOTORES,855110,,4033719,Daños materiales Cordoba,,,,'2021-04-28 13:20:00','2016-11-11 08:27:41','2016-11-11 08:27:41',Resuelto,,
161111-350055,,Incidente importado desde SAC,,Juicios / mediaciones daños,Usuario Importador,Telemarketing,,,Solucionado,,,,,AUT1 - AUTOMOTORES,855116,,4489823,Lesiones,,,,'2021-04-28 13:20:00','2016-11-11 08:27:42','2016-11-11 08:27:42',Resuelto,,
161111-350056,,Incidente importado desde SAC,,Emisión Masivos,Usuario Importador,Telemarketing,,,Solucionado,,,,,AUS1 - AUTOMOTORES,855117,,1829330,Ampliación de Cobertura con inspección,,,,'2021-04-28 13:20:00','2016-11-11 08:27:42','2016-11-11 08:27:42',Resuelto,,
161111-350062,,Incidente importado desde SAC,,,Usuario Importador,Telemarketing,,,Solucionado,,,,,APR1 - AUTOMOTORES,855123,,7393833,Daños materiales Cordoba,,,,'2021-04-28 13:20:00','2016-11-11 08:27:43','2016-11-11 08:27:43',Resuelto,,
161111-350063,,Incidente importado desde SAC,,,Usuario Importador,Telemarketing,,,Solucionado,,,,,AUS1 - AUTOMOTORES,855124,,4915359,Cliente para retención,,,,'2021-04-28 13:20:00','2016-11-11 08:27:43','2016-11-11 08:27:43',Atendido,,
161111-350065,,Incidente importado desde SAC,,Inspecciones Autos,Usuario Importador,Telemarketing,,,Solucionado,,,,,AUS1 - AUTOMOTORES,855126,,3759138,Instalación de dispositivo de rastreo,,,,'2021-04-28 13:20:00','2016-11-11 08:27:43','2016-11-11 08:27:43',Resuelto,,
161111-350066,,Incidente importado desde SAC,,Mailing,Usuario Importador,Carta Documento,,,Solucionado,,,,,AUS1 - AUTOMOTORES,855127,,2565325,Certificado de cobertura,,,,'2021-04-28 13:20:00','2016-11-11 08:27:43','2016-11-11 08:27:43',Resuelto,,
161111-350068,,Incidente importado desde SAC,,Drive in Ciudadela,Usuario Importador,Telemarketing,,,Solucionado,,,,,APL1 - AUTOMOTORES PLANES,855129,,2790568,Daños materiales drive in Lanús,,,,'2021-04-28 13:20:00','2016-11-11 08:27:43','2016-11-11 08:27:43',Resuelto,,
161111-350074,,Incidente importado desde SAC,,Fleet Services,Usuario Importador,Telemarketing,,,Solucionado,,,,,AUS1 - AUTOMOTORES,855135,,2512132,Contacto del tercero,,,,'2021-04-28 13:20:00','2016-11-11 08:27:43','2016-11-11 08:27:43',Resuelto,,
161111-350078,,Incidente importado desde SAC,,Mailing,Usuario Importador,Carta Documento,,,Solucionado,,,,,AUI1 - AUTOMOTORES INSTITUCIONES,855139,,6726766,Certificado de cobertura,,,,'2021-04-28 13:20:00','2016-11-11 08:27:43','2016-11-11 08:27:43',Resuelto,,
161111-350079,,Incidente importado desde SAC,,Lesiones,Usuario Importador,Telemarketing,,,Solucionado,,,,,AUS1 - AUTOMOTORES,855140,,1400347,Lesiones,,,,'2021-04-28 13:20:00','2016-11-11 08:27:44','2016-11-11 08:27:44',Resuelto,,
161111-350082,,Incidente importado desde SAC,,Emisión Masivos,Usuario Importador,Especialistas,,,Solucionado,,,,,AUS1 - AUTOMOTORES,855143,,6894201,,,,,'2021-04-28 13:20:00','2016-11-11 08:27:44','2016-11-11 08:27:44',Resuelto,,
161111-350087,,Incidente importado desde SAC,,Cac,Usuario Importador,Telemarketing,,,Solucionado,,,,,AUI1 - AUTOMOTORES INSTITUCIONES,855148,,3409975,Rehabilitación de póliza con Inspección,,,,'2021-04-28 13:20:00','2016-11-11 08:27:44','2016-11-11 08:27:44',No Procedente,,
161111-350088,,Incidente importado desde SAC,,,Usuario Importador,Telemarketing,,,Solucionado,,,,,AUS1 - AUTOMOTORES,855149,,3097424,Cliente para retención,,,,'2021-04-28 13:20:00','2016-11-11 08:27:44','2016-11-11 08:27:44',Atendido,,
161111-350089,,Incidente importado desde SAC,,Emisión Masivos,Usuario Importador,Canal productor,,,Solucionado,,,,,AUS1 - AUTOMOTORES,855150,,5119442,Inspección por previa,,,,'2021-04-28 13:20:00','2016-11-11 08:27:44','2016-11-11 08:27:44',Resuelto,,
161111-350093,,Incidente importado desde SAC,,Emisión Masivos,Usuario Importador,Telemarketing,,,Solucionado,,,,,AUS1 - AUTOMOTORES,855154,,2238337,Baja de póliza,,,,'2021-04-28 13:20:00','2016-11-11 08:27:44','2016-11-11 08:27:44',Resuelto,,
161111-350094,,Incidente importado desde SAC,,Cac,Usuario Importador,Telemarketing,,,Solucionado,,,,,HOM1 - SEGURO DEL HOGAR,855155,,7830530,Modificación datos de hogar con inspección,,,,'2021-04-28 13:20:00','2016-11-11 08:27:45','2016-11-11 08:27:45',No Procedente,,
161111-350099,,Incidente importado desde SAC,,Emisión Masivos,Usuario Importador,Telemarketing,,,Solucionado,,,,,AUS1 - AUTOMOTORES,855160,,7004922,Rechazos/ Reducción de cobertura,,,,'2021-04-28 13:20:00','2016-11-11 08:27:45','2016-11-11 08:27:45',Resuelto,,
161111-350100,,Incidente importado desde SAC,,Inspecciones Autos,Usuario Importador,Telemarketing,,,Solucionado,,,,,AUS1 - AUTOMOTORES,855161,,3427702,Rechazos/ Reducción de cobertura,,,,'2021-04-28 13:20:00','2016-11-11 08:27:45','2016-11-11 08:27:45',No Procedente,,
161111-350104,,Incidente importado desde SAC,,Emisión Masivos,Usuario Importador,Telemarketing,,,Solucionado,,,,,AUS1 - AUTOMOTORES,855165,,6690595,Rechazos/ Reducción de cobertura,,,,'2021-04-28 13:20:00','2016-11-11 08:27:45','2016-11-11 08:27:45',Resuelto,,
161111-350109,,Incidente importado desde SAC,,Drive in La Plata,Usuario Importador,Telemarketing,,,Solucionado,,,,,APR1 - AUTOMOTORES,855170,,4854268,Daños materiales drive in La Plata,,,,'2021-04-28 13:20:00','2016-11-11 08:27:46','2016-11-11 08:27:46',Resuelto,,
161111-350131,,Incidente importado desde SAC,,Telecobranzas,Usuario Importador,Telemarketing,,,Solucionado,,,,,AUS1 - AUTOMOTORES,855192,,4484555,No pago,,,,'2021-04-28 13:20:00','2016-11-11 08:27:47','2016-11-11 08:27:47',Atendido,,
161111-350132,,Incidente importado desde SAC,,Emisión Cartera Gral.,Usuario Importador,Telemarketing,,,Solucionado,,,,,AUT1 - AUTOMOTORES,855193,,3531202,,,,,'2021-04-28 13:20:00','2016-11-11 08:27:47','2016-11-11 08:27:47',Resuelto,,
161111-350133,,Incidente importado desde SAC,,Mailing,Usuario Importador,Comercial,,,Solucionado,,,,,INC1 - INCENDIO,855194,,1287932,Certificado de cobertura,,,,'2021-04-28 13:20:00','2016-11-11 08:27:47','2016-11-11 08:27:47',Resuelto,,
161111-350136,,Incidente importado desde SAC,,,Usuario Importador,Telemarketing,,,Solucionado,,,,,AUS1 - AUTOMOTORES,855197,,3300729,Cliente para retención,,,,'2021-04-28 13:20:00','2016-11-11 08:27:47','2016-11-11 08:27:47',Atendido,,
161111-350138,,Incidente importado desde SAC,,Pago Telefonico,Usuario Importador,Telemarketing,,,Solucionado,,,,,HOM1 - SEGURO DEL HOGAR,855199,,541220,Pago telefónico,,,,'2021-04-28 13:20:00','2016-11-11 08:27:48','2016-11-11 08:27:48',Resuelto,,
161111-350139,,Incidente importado desde SAC,,Emisión Masivos,Usuario Importador,Canal productor,,,Solucionado,,,,,AUS1 - AUTOMOTORES,855200,,7250431,Inspección por previa,,,,'2021-04-28 13:20:00','2016-11-11 08:27:48','2016-11-11 08:27:48',No Procedente,,
161111-350144,,Incidente importado desde SAC,,Fleet Services,Usuario Importador,Telemarketing,,,Solucionado,,,,,AUT1 - AUTOMOTORES,855205,,1809970,Contacto del tercero,,,,'2021-04-28 13:20:00','2016-11-11 08:27:48','2016-11-11 08:27:48',Resuelto,,
161111-350146,,Incidente importado desde SAC,,Cac,Usuario Importador,Telemarketing,,,Solucionado,,,,,AUS1 - AUTOMOTORES,855207,,5021694,Modificación datos personales,,,,'2021-04-28 13:20:00','2016-11-11 08:27:48','2016-11-11 08:27:48',No Procedente,,
161111-350151,,Incidente importado desde SAC,,Inspecciones Autos,Usuario Importador,Telemarketing,,,Solucionado,,,,,AUS1 - AUTOMOTORES,855212,,2633241,Inspección por previa DDJJ,,,,'2021-04-28 13:20:00','2016-11-11 08:27:49','2016-11-11 08:27:49',Resuelto,,
161111-350152,,Incidente importado desde SAC,,Drive in Ciudadela,Usuario Importador,Telemarketing,,,Solucionado,,,,,AUS1 - AUTOMOTORES,855213,,165578,Daños materiales drive in Ciudadela,,,,'2021-04-28 13:20:00','2016-11-11 08:27:49','2016-11-11 08:27:49',Resuelto,,
161111-350153,,Incidente importado desde SAC,,Inspecciones Autos,Usuario Importador,Telemarketing,,,Solucionado,,,,,AUS1 - AUTOMOTORES,855214,,2810787,Inspección por previa DDJJ,,,,'2021-04-28 13:20:00','2016-11-11 08:27:49','2016-11-11 08:27:49',Resuelto,,
161111-350155,,Incidente importado desde SAC,,Inspecciones Autos,Usuario Importador,Telemarketing,,,Solucionado,,,,,APR1 - AUTOMOTORES,855216,,3435337,Rechazos/ Reducción de cobertura,,,,'2021-04-28 13:20:00','2016-11-11 08:27:49','2016-11-11 08:27:49',No Procedente,,
161111-350157,,Incidente importado desde SAC,,Daños Materiales Autos,Usuario Importador,Telemarketing,,,Solucionado,,,,,AUS1 - AUTOMOTORES,855218,,5976482,Inspección por siniestros,,,,'2021-04-28 13:20:00','2016-11-11 08:27:49','2016-11-11 08:27:49',Resuelto,,
161111-350158,,Incidente importado desde SAC,,Gerencia Venta Directa,Usuario Importador,Telemarketing,,,Solucionado,,,,,HOC1 - SEGURO DEL HOGAR,855219,,1133160,Cartera general,,,,'2021-04-28 13:20:00','2016-11-11 08:27:49','2016-11-11 08:27:49',Resuelto,,
161111-350159,,Incidente importado desde SAC,,,Usuario Importador,Telemarketing,,,Solucionado,,,,,AUS1 - AUTOMOTORES,855220,,853173,Cliente para retención,,,,'2021-04-28 13:20:00','2016-11-11 08:27:49','2016-11-11 08:27:49',Atendido,,
161111-350160,,Incidente importado desde SAC,,Emisión Masivos,Usuario Importador,Telemarketing,,,Solucionado,,,,,AUS1 - AUTOMOTORES,855221,,6679812,Rechazos/ Reducción de cobertura,,,,'2021-04-28 13:20:00','2016-11-11 08:27:49','2016-11-11 08:27:49',Resuelto,,
161111-350164,,Incidente importado desde SAC,,Inspecciones Autos,Usuario Importador,Telemarketing,,,Solucionado,,,,,AUS1 - AUTOMOTORES,855225,,3802087,Inspección por previa DDJJ,,,,'2021-04-28 13:20:00','2016-11-11 08:27:50','2016-11-11 08:27:50',Resuelto,,
161111-350165,,Incidente importado desde SAC,,Mailing,Usuario Importador,Carta Documento,,,Solucionado,,,,,AUS1 - AUTOMOTORES,855226,,994127,Certificado de cobertura,,,,'2021-04-28 13:20:00','2016-11-11 08:27:50','2016-11-11 08:27:50',Resuelto,,
161111-350168,,Incidente importado desde SAC,,Emisión Masivos,Usuario Importador,Telemarketing,,,Solucionado,,,,,AUS1 - AUTOMOTORES,855229,,5098675,Baja de póliza,,,,'2021-04-28 13:20:00','2016-11-11 08:27:50','2016-11-11 08:27:50',Resuelto,,
161111-350173,,Incidente importado desde SAC,,Inspecciones Autos,Usuario Importador,Telemarketing,,,Solucionado,,,,,AUS1 - AUTOMOTORES,855234,,5514360,Instalación de dispositivo de rastreo,,,,'2021-04-28 13:20:00','2016-11-11 08:27:50','2016-11-11 08:27:50',Resuelto,,
161111-350176,,Incidente importado desde SAC,,,Usuario Importador,Telemarketing,,,Solucionado,,,,,AUS1 - AUTOMOTORES,855237,,361544,Cliente para retención,,,,'2021-04-28 13:20:00','2016-11-11 08:27:51','2016-11-11 08:27:51',Atendido,,
161111-350179,,Incidente importado desde SAC,,Emisión Masivos,Usuario Importador,Telemarketing,,,Solucionado,,,,,AUS1 - AUTOMOTORES,855240,,7435148,Baja de póliza,,,,'2021-04-28 13:20:00','2016-11-11 08:27:53','2016-11-11 08:27:53',Resuelto,,
161111-350180,,Incidente importado desde SAC,,Emisión Masivos,Usuario Importador,Telemarketing,,,Solucionado,,,,,AUS1 - AUTOMOTORES,855241,,259071,Inspección por previa,,,,'2021-04-28 13:20:00','2016-11-11 08:27:53','2016-11-11 08:27:53',Resuelto,,
161111-350181,,Incidente importado desde SAC,,Emisión Masivos,Usuario Importador,Telemarketing,,,Solucionado,,,,,AUS1 - AUTOMOTORES,855242,,2184705,4 cuotas con un descuento del 25 %,,,,'2021-04-28 13:20:00','2016-11-11 08:27:53','2016-11-11 08:27:53',Resuelto,,
161111-350185,,Incidente importado desde SAC,,Emisión Masivos,Usuario Importador,Telemarketing,,,Solucionado,,,,,AUS1 - AUTOMOTORES,855246,,2122781,Modificaciones datos del producto,,,,'2021-04-28 13:20:00','2016-11-11 08:27:53','2016-11-11 08:27:53',No Procedente,,
161111-350189,,Incidente importado desde SAC,,Cac,Usuario Importador,Telemarketing,,,Solucionado,,,,,AUS1 - AUTOMOTORES,855250,,2343549,Modificación datos personales,,,,'2021-04-28 13:20:00','2016-11-11 08:27:53','2016-11-11 08:27:53',Resuelto,,
161111-350191,,Incidente importado desde SAC,,Emisión Masivos,Usuario Importador,Telemarketing,,,Solucionado,,,,,AUS1 - AUTOMOTORES,855252,,4703389,Baja de póliza,,,,'2021-04-28 13:20:00','2016-11-11 08:27:54','2016-11-11 08:27:54',Resuelto,,
161111-350197,,Incidente importado desde SAC,,Telecobranzas,Usuario Importador,Telemarketing,,,Solucionado,,,,,AUT1 - AUTOMOTORES,855259,,2725045,Reenvío al cobro,,,,'2021-04-28 13:20:00','2016-11-11 08:27:54','2016-11-11 08:27:54',Resuelto,,
161111-350201,,Incidente importado desde SAC,,Drive in Libertador,Usuario Importador,Telemarketing,,,Solucionado,,,,,APR1 - AUTOMOTORES,855263,,3495040,Daños materiales drive in Libertador,,,,'2021-04-28 13:20:00','2016-11-11 08:27:54','2016-11-11 08:27:54',Resuelto,,
161111-350206,,Incidente importado desde SAC,,Mailing,Usuario Importador,Telemarketing,,,Solucionado,,,,,APR1 - AUTOMOTORES,855268,,3463837,Certificado de cobertura,,,,'2021-04-28 13:20:00','2016-11-11 08:27:55','2016-11-11 08:27:55',Atendido,,
161111-350207,,Incidente importado desde SAC,,Fleet Services,Usuario Importador,Telemarketing,,,Solucionado,,,,,AUA1 - AUTOMOTORES CARTERA GENERAL,855269,,537683,Contacto del tercero,,,,'2021-04-28 13:20:00','2016-11-11 08:27:55','2016-11-11 08:27:55',Resuelto,,
161111-350208,,Incidente importado desde SAC,,Drive in Libertador,Usuario Importador,Telemarketing,,,Solucionado,,,,,AUS1 - AUTOMOTORES,855270,,6114296,Daños materiales drive in Libertador,,,,'2021-04-28 13:20:00','2016-11-11 08:27:55','2016-11-11 08:27:55',Resuelto,,
161111-350209,,Incidente importado desde SAC,,Emisión Masivos,Usuario Importador,Telemarketing,,,Solucionado,,,,,APR1 - AUTOMOTORES,855271,,3979546,Inclusión de GNC,,,,'2021-04-28 13:20:00','2016-11-11 08:27:55','2016-11-11 08:27:55',Resuelto,,
161111-350210,,Incidente importado desde SAC,,,Usuario Importador,Telemarketing,,,Solucionado,,,,,AUS1 - AUTOMOTORES,855272,,7591740,Cliente para retención,,,,'2021-04-28 13:20:00','2016-11-11 08:27:55','2016-11-11 08:27:55',Atendido,,
161111-350220,,Incidente importado desde SAC,,Daños Materiales Interior Sur,Usuario Importador,Telemarketing,,,Solucionado,,,,,AUS1 - AUTOMOTORES,855282,,490463,Daños materiales Interior Sur,,,,'2021-04-28 13:20:00','2016-11-11 08:27:56','2016-11-11 08:27:56',Resuelto,,
161111-350222,,Incidente importado desde SAC,,Emisión Masivos,Usuario Importador,Telemarketing,,,Solucionado,,,,,AUS1 - AUTOMOTORES,855284,,6886070,Baja de póliza,,,,'2021-04-28 13:20:00','2016-11-11 08:27:56','2016-11-11 08:27:56',Resuelto,,
161111-350225,,Incidente importado desde SAC,,Inspecciones Autos,Usuario Importador,Comercial,,,Solucionado,,,,,AUS1 - AUTOMOTORES,855287,,4482161,Instalación de dispositivo de rastreo,,,,'2021-04-28 13:20:00','2016-11-11 08:27:56','2016-11-11 08:27:56',Resuelto,,
161111-350228,,Incidente importado desde SAC,,Oficina Mendoza,Usuario Importador,Telemarketing,,,Solucionado,,,,,APR1 - AUTOMOTORES,855290,,3288961,Daños materiales Mendoza,,,,'2021-04-28 13:20:00','2016-11-11 08:27:56','2016-11-11 08:27:56',Resuelto,,
161111-350234,,Incidente importado desde SAC,,Emisión Masivos,Usuario Importador,Telemarketing,,,Solucionado,,,,,AUS1 - AUTOMOTORES,855296,,1316561,Baja de póliza,,,,'2021-04-28 13:20:00','2016-11-11 08:27:57','2016-11-11 08:27:57',Resuelto,,
161111-350235,,Incidente importado desde SAC,,Emisión Masivos,Usuario Importador,Telemarketing,,,Solucionado,,,,,AUS1 - AUTOMOTORES,855297,,3274838,No califica,,,,'2021-04-28 13:20:00','2016-11-11 08:27:57','2016-11-11 08:27:57',Resuelto,,
161111-350239,,Incidente importado desde SAC,,Inspecciones Autos,Usuario Importador,Telemarketing,,,Solucionado,,,,,AUS1 - AUTOMOTORES,855301,,1202230,Inspección por previa DDJJ,,,,'2021-04-28 13:20:00','2016-11-11 08:27:57','2016-11-11 08:27:57',Resuelto,,
161111-350245,,Incidente importado desde SAC,,,Usuario Importador,Telemarketing,,,Solucionado,,,,,AUS1 - AUTOMOTORES,855307,,6808453,Cliente para retención,,,,'2021-04-28 13:20:00','2016-11-11 08:27:57','2016-11-11 08:27:57',Atendido,,
161111-350251,,Incidente importado desde SAC,,Daños Materiales Autos,Usuario Importador,Telemarketing,,,Solucionado,,,,,AUS1 - AUTOMOTORES,855313,,1342272,Inspección por siniestros,,,,'2021-04-28 13:20:00','2016-11-11 08:27:58','2016-11-11 08:27:58',Resuelto,,
161111-350252,,Incidente importado desde SAC,,Emisión Masivos,Usuario Importador,Telemarketing,,,Solucionado,,,,,HOM1 - SEGURO DEL HOGAR,855314,,2311774,Baja de póliza,,,,'2021-04-28 13:20:00','2016-11-11 08:27:58','2016-11-11 08:27:58',Resuelto,,
161111-350253,,Incidente importado desde SAC,,Inspecciones Autos,Usuario Importador,Telemarketing,,,Solucionado,,,,,AUS1 - AUTOMOTORES,855315,,3807318,Rechazos/ Reducción de cobertura,,,,'2021-04-28 13:20:00','2016-11-11 08:27:58','2016-11-11 08:27:58',No Procedente,,
161111-350262,,Incidente importado desde SAC,,Emisión Masivos,Usuario Importador,Telemarketing,,,Solucionado,,,,,AUS1 - AUTOMOTORES,855324,,3225704,Rechazos/ Reducción de cobertura,,,,'2021-04-28 13:20:00','2016-11-11 08:27:58','2016-11-11 08:27:58',Resuelto,,
161111-350267,,Incidente importado desde SAC,,Emisión Masivos,Usuario Importador,Telemarketing,,,Solucionado,,,,,AUS1 - AUTOMOTORES,855329,,3008567,Propuesta incompleta,,,,'2021-04-28 13:20:00','2016-11-11 08:27:59','2016-11-11 08:27:59',Resuelto,,
161111-350274,,Incidente importado desde SAC,,Emisión Masivos,Usuario Importador,Telemarketing,,,Solucionado,,,,,HOM1 - SEGURO DEL HOGAR,855336,,3471057,No califica,,,,'2021-04-28 13:20:00','2016-11-11 08:28:00','2016-11-11 08:28:00',Resuelto,,
161111-350276,,Incidente importado desde SAC,,Emisión Masivos,Usuario Importador,Telemarketing,,,Solucionado,,,,,AUS1 - AUTOMOTORES,855338,,5241481,No califica,,,,'2021-04-28 13:20:00','2016-11-11 08:28:00','2016-11-11 08:28:00',Resuelto,,
161111-350277,,Incidente importado desde SAC,,Oficina Rosario,Usuario Importador,Telemarketing,,,Solucionado,,,,,AUS1 - AUTOMOTORES,855339,,1414995,Daños materiales Rosario,,,,'2021-04-28 13:20:00','2016-11-11 08:28:00','2016-11-11 08:28:00',Resuelto,,
161111-350278,,Incidente importado desde SAC,,Mailing,Usuario Importador,Carta Documento,,,Solucionado,,,,,APL1 - AUTOMOTORES PLANES,855340,,4300501,Certificado de cobertura,,,,'2021-04-28 13:20:00','2016-11-11 08:28:00','2016-11-11 08:28:00',Resuelto,,
161111-350279,,Incidente importado desde SAC,,Mailing,Usuario Importador,Telemarketing,,,Solucionado,,,,,HOM1 - SEGURO DEL HOGAR,855341,,3230763,Certificado de cobertura,,,,'2021-04-28 13:20:00','2016-11-11 08:28:00','2016-11-11 08:28:00',Resuelto,,
161111-350284,,Incidente importado desde SAC,,Emisión Masivos,Usuario Importador,Comercial,,,Solucionado,,,,,AUI1 - AUTOMOTORES INSTITUCIONES,855346,,5825039,Certificado de cobertura,,,,'2021-04-28 13:20:00','2016-11-11 08:28:01','2016-11-11 08:28:01',Resuelto,,
161111-350287,,Incidente importado desde SAC,,Emisión Masivos,Usuario Importador,Telemarketing,,,Solucionado,,,,,AUS1 - AUTOMOTORES,855349,,6789181,No califica,,,,'2021-04-28 13:20:00','2016-11-11 08:28:01','2016-11-11 08:28:01',Resuelto,,
161111-350293,,Incidente importado desde SAC,,Emisión Masivos,Usuario Importador,Telemarketing,,,Solucionado,,,,,HOM1 - SEGURO DEL HOGAR,855355,,5606496,No califica,,,,'2021-04-28 13:20:00','2016-11-11 08:28:01','2016-11-11 08:28:01',Resuelto,,
161111-350295,,Incidente importado desde SAC,,Cobranzas Automático,Usuario Importador,Comercial,,,Solucionado,,,,,AUI1 - AUTOMOTORES INSTITUCIONES,855357,,2303121,No califica,,,,'2021-04-28 13:20:00','2016-11-11 08:28:01','2016-11-11 08:28:01',Resuelto,,
161111-350298,,Incidente importado desde SAC,,Fleet Services,Usuario Importador,Telemarketing,,,Solucionado,,,,,AUS1 - AUTOMOTORES,855360,,5038525,Contacto del tercero,,,,'2021-04-28 13:20:00','2016-11-11 08:28:01','2016-11-11 08:28:01',Resuelto,,
161111-350309,,Incidente importado desde SAC,,Inspecciones Autos,Usuario Importador,Telemarketing,,,Solucionado,,,,,AUS1 - AUTOMOTORES,855370,,4312313,Inspección por previa DDJJ,,,,'2021-04-28 13:20:00','2016-11-11 08:28:02','2016-11-11 08:28:02',Resuelto,,
161111-350311,,Incidente importado desde SAC,,Emisión Masivos,Usuario Importador,Telemarketing,,,Solucionado,,,,,APR1 - AUTOMOTORES,855372,,3435844,Rechazos/ Reducción de cobertura,,,,'2021-04-28 13:20:00','2016-11-11 08:28:02','2016-11-11 08:28:02',Resuelto,,
161111-350312,,Incidente importado desde SAC,,Emisión Masivos,Usuario Importador,Canal productor,,,Solucionado,,,,,AUS1 - AUTOMOTORES,855373,,714168,Corrección de propuesta,,,,'2021-04-28 13:20:00','2016-11-11 08:28:02','2016-11-11 08:28:02',Resuelto,,
161111-350313,,Incidente importado desde SAC,,Emisión Masivos,Usuario Importador,Telemarketing,,,Solucionado,,,,,AUS1 - AUTOMOTORES,855374,,3418125,Propuesta incompleta,,,,'2021-04-28 13:20:00','2016-11-11 08:28:02','2016-11-11 08:28:02',Resuelto,,
161111-350314,,Incidente importado desde SAC,,Oficina Rosario,Usuario Importador,Telemarketing,,,Solucionado,,,,,HOM1 - SEGURO DEL HOGAR,855375,,285429,Riesgos Varios Casa Central,,,,'2021-04-28 13:20:00','2016-11-11 08:28:02','2016-11-11 08:28:02',Resuelto,,
161111-350316,,Incidente importado desde SAC,,Emisión Masivos,Usuario Importador,Carta,,,Solucionado,,,,,AUS1 - AUTOMOTORES,855377,,2412961,No califica,,,,'2021-04-28 13:20:00','2016-11-11 08:28:04','2016-11-11 08:28:04',Resuelto,,
161111-350322,,Incidente importado desde SAC,,Emisión Masivos,Usuario Importador,Telemarketing,,,Solucionado,,,,,AUS1 - AUTOMOTORES,855383,,2329795,Baja de póliza,,,,'2021-04-28 13:20:00','2016-11-11 08:28:05','2016-11-11 08:28:05',Resuelto,,
161111-350324,,Incidente importado desde SAC,,Emisión Masivos,Usuario Importador,Telemarketing,,,Solucionado,,,,,HOM1 - SEGURO DEL HOGAR,855385,,1300650,Propuesta incompleta,,,,'2021-04-28 13:20:00','2016-11-11 08:28:05','2016-11-11 08:28:05',Resuelto,,
161111-350327,,Incidente importado desde SAC,,Emisión Masivos,Usuario Importador,Telemarketing,,,Solucionado,,,,,HOM1 - SEGURO DEL HOGAR,855388,,3456977,Baja de póliza,,,,'2021-04-28 13:20:00','2016-11-11 08:28:05','2016-11-11 08:28:05',Resuelto,,
161111-350330,,Incidente importado desde SAC,,Emisión Masivos,Usuario Importador,Telemarketing,,,Solucionado,,,,,AUS1 - AUTOMOTORES,855391,,3394248,Modificación datos personales,,,,'2021-04-28 13:20:00','2016-11-11 08:28:05','2016-11-11 08:28:05',Resuelto,,
161111-350331,,Incidente importado desde SAC,,Emisión Masivos,Usuario Importador,Telemarketing,,,Solucionado,,,,,HOM1 - SEGURO DEL HOGAR,855392,,2269377,Ampliación de Cobertura con inspección,,,,'2021-04-28 13:20:00','2016-11-11 08:28:05','2016-11-11 08:28:05',Resuelto,,
161111-350332,,Incidente importado desde SAC,,Emisión Masivos,Usuario Importador,Telemarketing,,,Solucionado,,,,,AUS1 - AUTOMOTORES,855393,,1000951,Baja de póliza,,,,'2021-04-28 13:20:00','2016-11-11 08:28:05','2016-11-11 08:28:05',Resuelto,,
161111-350343,,Incidente importado desde SAC,,,Usuario Importador,Telemarketing,,,Solucionado,,,,,AUS1 - AUTOMOTORES,855404,,2714143,Cliente para retención,,,,'2021-04-28 13:20:00','2016-11-11 08:28:06','2016-11-11 08:28:06',Atendido,,
161111-350344,,Incidente importado desde SAC,,,Usuario Importador,Telemarketing,,,Solucionado,,,,,AUS1 - AUTOMOTORES,855405,,1302747,Cliente para retención,,,,'2021-04-28 13:20:00','2016-11-11 08:28:06','2016-11-11 08:28:06',Atendido,,
161111-350346,,Incidente importado desde SAC,,Emisión Masivos,Usuario Importador,Telemarketing,,,Solucionado,,,,,AUS1 - AUTOMOTORES,855407,,1512038,No califica,,,,'2021-04-28 13:20:00','2016-11-11 08:28:06','2016-11-11 08:28:06',Resuelto,,
161111-350349,,Incidente importado desde SAC,,Emisión Masivos,Usuario Importador,Telemarketing,,,Solucionado,,,,,AUS1 - AUTOMOTORES,855410,,1830225,Baja de póliza,,,,'2021-04-28 13:20:00','2016-11-11 08:28:06','2016-11-11 08:28:06',Resuelto,,
161111-350351,,Incidente importado desde SAC,,Oficina Cordoba,Usuario Importador,Telemarketing,,,Solucionado,,,,,APR1 - AUTOMOTORES,855412,,3512612,Denuncia daños materiales,,,,'2021-04-28 13:20:00','2016-11-11 08:28:07','2016-11-11 08:28:07',Resuelto,,
161111-350355,,Incidente importado desde SAC,,Telecobranzas,Usuario Importador,Telemarketing,,,Solucionado,,,,,AUS1 - AUTOMOTORES,855416,,7736828,Rehabilitación de póliza con Inspección,,,,'2021-04-28 13:20:00','2016-11-11 08:28:07','2016-11-11 08:28:07',No Procedente,,
161111-350357,,Incidente importado desde SAC,,Mailing,Usuario Importador,Telemarketing,,,Solucionado,,,,,AUS1 - AUTOMOTORES,855418,,671184,Certificado de cobertura,,,,'2021-04-28 13:20:00','2016-11-11 08:28:07','2016-11-11 08:28:07',Atendido,,
161111-350358,,Incidente importado desde SAC,,Emisión Masivos,Usuario Importador,Telemarketing,,,Solucionado,,,,,AUS1 - AUTOMOTORES,855419,,3242901,8 cuotas con un descuento del 15 %,,,,'2021-04-28 13:20:00','2016-11-11 08:28:07','2016-11-11 08:28:07',Resuelto,,
161111-350360,,Incidente importado desde SAC,,Emisión Masivos,Usuario Importador,Telemarketing,,,Solucionado,,,,,AUS1 - AUTOMOTORES,855421,,1417018,Baja de póliza,,,,'2021-04-28 13:20:00','2016-11-11 08:28:07','2016-11-11 08:28:07',Resuelto,,
161111-350366,,Incidente importado desde SAC,,,Usuario Importador,Telemarketing,,,Solucionado,,,,,AUS1 - AUTOMOTORES,855427,,7513707,Cliente para retención,,,,'2021-04-28 13:20:00','2016-11-11 08:28:08','2016-11-11 08:28:08',Atendido,,
161111-350371,,Incidente importado desde SAC,,Emisión Masivos,Usuario Importador,Telemarketing,,,Solucionado,,,,,HOM1 - SEGURO DEL HOGAR,855432,,2123267,Alta de póliza con inspección,,,,'2021-04-28 13:20:00','2016-11-11 08:28:09','2016-11-11 08:28:09',Resuelto,,
161111-350374,,Incidente importado desde SAC,,Oficina Cordoba,Usuario Importador,Telemarketing,,,Solucionado,,,,,HOM1 - SEGURO DEL HOGAR,855435,,5081218,Riesgos Varios Cordoba,,,,'2021-04-28 13:20:00','2016-11-11 08:28:09','2016-11-11 08:28:09',Resuelto,,
161111-350378,,Incidente importado desde SAC,,Riesgos Varios Casa Central,Usuario Importador,Telemarketing,,,Solucionado,,,,,HOM1 - SEGURO DEL HOGAR,855439,,6738582,Riesgos Varios Casa Central,,,,'2021-04-28 13:20:00','2016-11-11 08:28:09','2016-11-11 08:28:09',Resuelto,,
161111-350381,,Incidente importado desde SAC,,Mailing,Usuario Importador,Telemarketing,,,Solucionado,,,,,AUS1 - AUTOMOTORES,855442,,226502,Certificado de cobertura,,,,'2021-04-28 13:20:00','2016-11-11 08:28:09','2016-11-11 08:28:09',Resuelto,,
161111-350382,,Incidente importado desde SAC,,,Usuario Importador,Telemarketing,,,Solucionado,,,,,AUS1 - AUTOMOTORES,855443,,5179639,Cliente para retención,,,,'2021-04-28 13:20:00','2016-11-11 08:28:10','2016-11-11 08:28:10',Atendido,,
161111-350388,,Incidente importado desde SAC,,Robo / Destruccion Total,Usuario Importador,Telemarketing,,,Solucionado,,,,,APL1 - AUTOMOTORES PLANES,855449,,1185484,Robo Total,,,,'2021-04-28 13:20:00','2016-11-11 08:28:10','2016-11-11 08:28:10',Resuelto,,
161111-350389,,Incidente importado desde SAC,,Emisión Cartera Gral.,Usuario Importador,Telemarketing,,,Solucionado,,,,,AUS1 - AUTOMOTORES,855450,,945511,Venta trailer,,,,'2021-04-28 13:20:00','2016-11-11 08:28:10','2016-11-11 08:28:10',Resuelto,,
161111-350392,,Incidente importado desde SAC,,Emisión Masivos,Usuario Importador,Comercial,,,Solucionado,,,,,AUS1 - AUTOMOTORES,855453,,5167559,Modificaciones scoring,,,,'2021-04-28 13:20:00','2016-11-11 08:28:10','2016-11-11 08:28:10',Resuelto,,
161111-350398,,Incidente importado desde SAC,,Emisión Masivos,Usuario Importador,Telemarketing,,,Solucionado,,,,,AUS1 - AUTOMOTORES,855459,,7390371,Baja de póliza,,,,'2021-04-28 13:20:00','2016-11-11 08:28:11','2016-11-11 08:28:11',Resuelto,,
161111-350399,,Incidente importado desde SAC,,Lesiones,Usuario Importador,Telemarketing,,,Solucionado,,,,,APR1 - AUTOMOTORES,855460,,1367981,Lesiones,,,,'2021-04-28 13:20:00','2016-11-11 08:28:11','2016-11-11 08:28:11',Resuelto,,
161111-350402,,Incidente importado desde SAC,,Inspecciones Autos,Usuario Importador,Telemarketing,,,Solucionado,,,,,AUS1 - AUTOMOTORES,855463,,1334020,Inspección por previa DDJJ,,,,'2021-04-28 13:20:00','2016-11-11 08:28:11','2016-11-11 08:28:11',Resuelto,,
161111-350403,,Incidente importado desde SAC,,Emisión Masivos,Usuario Importador,Telemarketing,,,Solucionado,,,,,HOM1 - SEGURO DEL HOGAR,855464,,3384303,Alta de póliza con inspección,,,,'2021-04-28 13:20:00','2016-11-11 08:28:11','2016-11-11 08:28:11',Resuelto,,
161111-350404,,Incidente importado desde SAC,,Emisión Masivos,Usuario Importador,Telemarketing,,,Solucionado,,,,,HOM1 - SEGURO DEL HOGAR,855465,,2187269,Modificación datos de hogar sin inspección,,,,'2021-04-28 13:20:00','2016-11-11 08:28:11','2016-11-11 08:28:11',Resuelto,,
161111-350408,,Incidente importado desde SAC,,Cobranzas Automático,Usuario Importador,Telemarketing,,,Solucionado,,,,,ATD1 - ROBO/USUAR.T.DEB-CRE,855469,,3464483,Reintegro - Automático,,,,'2021-04-28 13:20:00','2016-11-11 08:28:12','2016-11-11 08:28:12',Resuelto,,
161111-350411,,Incidente importado desde SAC,,Pago Telefonico,Usuario Importador,Telemarketing,,,Solucionado,,,,,AUS1 - AUTOMOTORES,855472,,4278012,Pago telefónico,,,,'2021-04-28 13:20:00','2016-11-11 08:28:12','2016-11-11 08:28:12',Resuelto,,
161111-350418,,Incidente importado desde SAC,,Emisión Masivos,Usuario Importador,Telemarketing,,,Solucionado,,,,,AUS1 - AUTOMOTORES,855479,,3498808,Baja de póliza,,,,'2021-04-28 13:20:00','2016-11-11 08:28:12','2016-11-11 08:28:12',Resuelto,,
161111-350421,,Incidente importado desde SAC,,Drive in La Plata,Usuario Importador,Telemarketing,,,Solucionado,,,,,AUS1 - AUTOMOTORES,855482,,3429874,Daños materiales Casa Central,,,,'2021-04-28 13:20:00','2016-11-11 08:28:12','2016-11-11 08:28:12',Resuelto,,
161111-350425,,Incidente importado desde SAC,,Inspecciones Autos,Usuario Importador,Telemarketing,,,Solucionado,,,,,AUS1 - AUTOMOTORES,855486,,7593624,Rechazos/ Reducción de cobertura,,,,'2021-04-28 13:20:00','2016-11-11 08:28:13','2016-11-11 08:28:13',No Procedente,,
161111-350431,,Incidente importado desde SAC,,Telemarketing,Usuario Importador,Carta Documento,,,Solucionado,,,,,AUS1 - AUTOMOTORES,855492,,6887171,Referidos,,,,'2021-04-28 13:20:00','2016-11-11 08:28:13','2016-11-11 08:28:13',Resuelto,,
161111-350433,,Incidente importado desde SAC,,Mailing,Usuario Importador,Telemarketing,,,Solucionado,,,,,AUS1 - AUTOMOTORES,855494,,3420216,Certificado de cobertura,,,,'2021-04-28 13:20:00','2016-11-11 08:28:13','2016-11-11 08:28:13',Atendido,,
161111-350434,,Incidente importado desde SAC,,Emisión Masivos,Usuario Importador,Especialistas,,,Solucionado,,,,,AUS1 - AUTOMOTORES,855495,,1776788,No califica,,,,'2021-04-28 13:20:00','2016-11-11 08:28:13','2016-11-11 08:28:13',Resuelto,,
161111-350435,,Incidente importado desde SAC,,Emisión Masivos,Usuario Importador,Telemarketing,,,Solucionado,,,,,AUS1 - AUTOMOTORES,855496,,1355450,4 cuotas con un descuento del 25 %,,,,'2021-04-28 13:20:00','2016-11-11 08:28:13','2016-11-11 08:28:13',Resuelto,,
161111-350436,,Incidente importado desde SAC,,Emisión Masivos,Usuario Importador,Telemarketing,,,Solucionado,,,,,AUS1 - AUTOMOTORES,855497,,2623869,Rechazos/ Reducción de cobertura,,,,'2021-04-28 13:20:00','2016-11-11 08:28:13','2016-11-11 08:28:13',Resuelto,,
161111-350438,,Incidente importado desde SAC,,Emisión Masivos,Usuario Importador,Especialistas,,,Solucionado,,,,,AUS1 - AUTOMOTORES,855499,,4369980,Ampliación de Cobertura con inspección,,,,'2021-04-28 13:20:00','2016-11-11 08:28:13','2016-11-11 08:28:13',Resuelto,,
161111-350439,,Incidente importado desde SAC,,Gerencia Venta Directa,Usuario Importador,Comercial,,,Solucionado,,,,,AUI1 - AUTOMOTORES INSTITUCIONES,855500,,7336052,No califica,,,,'2021-04-28 13:20:00','2016-11-11 08:28:13','2016-11-11 08:28:13',Resuelto,,
161111-350441,,Incidente importado desde SAC,,Gerencia Venta Directa,Usuario Importador,Comercial,,,Solucionado,,,,,AUI1 - AUTOMOTORES INSTITUCIONES,855502,,6766664,No califica,,,,'2021-04-28 13:20:00','2016-11-11 08:28:14','2016-11-11 08:28:14',Resuelto,,
161111-350447,,Incidente importado desde SAC,,Emisión Masivos,Usuario Importador,Telemarketing,,,Solucionado,,,,,AUS1 - AUTOMOTORES,855508,,5567579,Suma asegurada,,,,'2021-04-28 13:20:00','2016-11-11 08:28:14','2016-11-11 08:28:14',Resuelto,,
161111-350448,,Incidente importado desde SAC,,Mailing,Usuario Importador,Telemarketing,,,Solucionado,,,,,APR1 - AUTOMOTORES,855509,,3081156,Certificado de cobertura,,,,'2021-04-28 13:20:00','2016-11-11 08:28:14','2016-11-11 08:28:14',Resuelto,,
161111-350454,,Incidente importado desde SAC,,Emisión Masivos,Usuario Importador,Telemarketing,,,Solucionado,,,,,HOM1 - SEGURO DEL HOGAR,855516,,6937101,Ampliación de Cobertura con inspección,,,,'2021-04-28 13:20:00','2016-11-11 08:28:17','2016-11-11 08:28:17',Resuelto,,
161111-350459,,Incidente importado desde SAC,,Emisión Masivos,Usuario Importador,Carta,,,Solucionado,,,,,AUS1 - AUTOMOTORES,855521,,1212950,Venta,,,,'2021-04-28 13:20:00','2016-11-11 08:28:17','2016-11-11 08:28:17',Resuelto,,
161111-350460,,Incidente importado desde SAC,,Telecobranzas,Usuario Importador,Telemarketing,,,Solucionado,,,,,AUS1 - AUTOMOTORES,855522,,6951629,Mensaje,,,,'2021-04-28 13:20:00','2016-11-11 08:28:17','2016-11-11 08:28:17',Atendido,,
161111-350461,,Incidente importado desde SAC,,,Usuario Importador,Telemarketing,,,Solucionado,,,,,AUS1 - AUTOMOTORES,855523,,3384132,Cliente para retención,,,,'2021-04-28 13:20:00','2016-11-11 08:28:18','2016-11-11 08:28:18',Atendido,,
161111-350466,,Incidente importado desde SAC,,Emisión Masivos,Usuario Importador,Telemarketing,,,Solucionado,,,,,AUS1 - AUTOMOTORES,855528,,5009896,Baja de póliza,,,,'2021-04-28 13:20:00','2016-11-11 08:28:18','2016-11-11 08:28:18',Resuelto,,
161111-350470,,Incidente importado desde SAC,,Emisión Masivos,Usuario Importador,Telemarketing,,,Solucionado,,,,,AUS1 - AUTOMOTORES,855532,,1943490,4 cuotas con un descuento del 15 %,,,,'2021-04-28 13:20:00','2016-11-11 08:28:18','2016-11-11 08:28:18',Resuelto,,
161111-350472,,Incidente importado desde SAC,,Emisión Masivos,Usuario Importador,Telemarketing,,,Solucionado,,,,,AUS1 - AUTOMOTORES,855534,,1299835,8 cuotas con un descuento del 15 %,,,,'2021-04-28 13:20:00','2016-11-11 08:28:19','2016-11-11 08:28:19',Resuelto,,
161111-350473,,Incidente importado desde SAC,,Emisión Masivos,Usuario Importador,Telemarketing,,,Solucionado,,,,,AUS1 - AUTOMOTORES,855535,,3729817,No califica,,,,'2021-04-28 13:20:00','2016-11-11 08:28:19','2016-11-11 08:28:19',Resuelto,,
161111-350474,,Incidente importado desde SAC,,Cac,Usuario Importador,Telemarketing,,,Solucionado,,,,,AUS1 - AUTOMOTORES,855536,,6669377,Reintegro - Automático,,,,'2021-04-28 13:20:00','2016-11-11 08:28:19','2016-11-11 08:28:19',Anulado,,
161111-350477,,Incidente importado desde SAC,,Emisión Masivos,Usuario Importador,Telemarketing,,,Solucionado,,,,,AUS1 - AUTOMOTORES,855539,,4219516,Modificaciones datos del producto,,,,'2021-04-28 13:20:00','2016-11-11 08:28:19','2016-11-11 08:28:19',Resuelto,,
161111-350478,,Incidente importado desde SAC,,Emisión Masivos,Usuario Importador,Telemarketing,,,Solucionado,,,,,HOM1 - SEGURO DEL HOGAR,855540,,6061223,Ampliación de Cobertura con inspección,,,,'2021-04-28 13:20:00','2016-11-11 08:28:19','2016-11-11 08:28:19',Resuelto,,
161111-350482,,Incidente importado desde SAC,,Emisión Masivos,Usuario Importador,Comercial,,,Solucionado,,,,,HOM1 - SEGURO DEL HOGAR,855544,,1134384,,,,,'2021-04-28 13:20:00','2016-11-11 08:28:19','2016-11-11 08:28:19',Resuelto,,
161111-350487,,Incidente importado desde SAC,,Emisión Masivos,Usuario Importador,Telemarketing,,,Solucionado,,,,,AUS1 - AUTOMOTORES,855549,,4997934,4 cuotas con un descuento del 25 %,,,,'2021-04-28 13:20:00','2016-11-11 08:28:20','2016-11-11 08:28:20',Resuelto,,
161111-350488,,Incidente importado desde SAC,,Oficina Mendoza,Usuario Importador,Carta,,,Solucionado,,,,,AUS1 - AUTOMOTORES,855550,,7262441,Rehabilitación de póliza con Inspección,,,,'2021-04-28 13:20:00','2016-11-11 08:28:20','2016-11-11 08:28:20',Resuelto,,
161111-350492,,Incidente importado desde SAC,,Telemarketing,Usuario Importador,Telemarketing,,,Solucionado,,,,,AUS1 - AUTOMOTORES,855554,,2807411,Facturación,,,,'2021-04-28 13:20:00','2016-11-11 08:28:20','2016-11-11 08:28:20',Resuelto,,
161111-350494,,Incidente importado desde SAC,,Drive in San Isidro,Usuario Importador,Telemarketing,,,Solucionado,,,,,AUS1 - AUTOMOTORES,855556,,6596451,Daños materiales drive in San Isidro,,,,'2021-04-28 13:20:00','2016-11-11 08:28:20','2016-11-11 08:28:20',Resuelto,,
161111-350495,,Incidente importado desde SAC,,Oficina Mendoza,Usuario Importador,Telemarketing,,,Solucionado,,,,,AUS1 - AUTOMOTORES,855557,,3717861,Robo Total,,,,'2021-04-28 13:20:00','2016-11-11 08:28:20','2016-11-11 08:28:20',Resuelto,,
161111-350499,,Incidente importado desde SAC,,Cac,Usuario Importador,Telemarketing,,,Solucionado,,,,,AUS1 - AUTOMOTORES,855561,,479249,Modificación de canal de cobro por única vez,,,,'2021-04-28 13:20:00','2016-11-11 08:28:20','2016-11-11 08:28:20',Resuelto,,
161111-350502,,Incidente importado desde SAC,,Emisión Masivos,Usuario Importador,Especialistas,,,Solucionado,,,,,AUS1 - AUTOMOTORES,855564,,6744413,Inspección por previa,,,,'2021-04-28 13:20:00','2016-11-11 08:28:21','2016-11-11 08:28:21',Resuelto,,
161111-350503,,Incidente importado desde SAC,,Inspecciones Autos,Usuario Importador,Telemarketing,,,Solucionado,,,,,AUS1 - AUTOMOTORES,855565,,3543792,Inspección por previa DDJJ,,,,'2021-04-28 13:20:00','2016-11-11 08:28:21','2016-11-11 08:28:21',Resuelto,,
161111-350505,,Incidente importado desde SAC,,Drive in Lanus,Usuario Importador,Telemarketing,,,Solucionado,,,,,AUS1 - AUTOMOTORES,855567,,998615,Daños materiales drive in Lanús,,,,'2021-04-28 13:20:00','2016-11-11 08:28:21','2016-11-11 08:28:21',Resuelto,,
161111-350509,,Incidente importado desde SAC,,Inspecciones Autos,Usuario Importador,Telemarketing,,,Solucionado,,,,,AUS1 - AUTOMOTORES,855571,,5293721,Inspección por previa DDJJ,,,,'2021-04-28 13:20:00','2016-11-11 08:28:21','2016-11-11 08:28:21',Resuelto,,
161111-350516,,Incidente importado desde SAC,,Mailing,Usuario Importador,Telemarketing,,,Solucionado,,,,,AUS1 - AUTOMOTORES,855578,,5657329,Certificado de cobertura,,,,'2021-04-28 13:20:00','2016-11-11 08:28:22','2016-11-11 08:28:22',Resuelto,,
161111-350521,,Incidente importado desde SAC,,Emisión Masivos,Usuario Importador,Telemarketing,,,Solucionado,,,,,AUS1 - AUTOMOTORES,855583,,532260,Ampliación de Cobertura con inspección,,,,'2021-04-28 13:20:00','2016-11-11 08:28:22','2016-11-11 08:28:22',No Procedente,,
161111-350522,,Incidente importado desde SAC,,Mailing,Usuario Importador,Canal productor,,,Solucionado,,,,,TIE2 - TRANSPORTES IMP-EXPO,855584,,1323967,Certificado de cobertura,,,,'2021-04-28 13:20:00','2016-11-11 08:28:22','2016-11-11 08:28:22',Resuelto,,
161111-350523,,Incidente importado desde SAC,,Riesgos Varios Casa Central,Usuario Importador,Telemarketing,,,Solucionado,,,,,HOM1 - SEGURO DEL HOGAR,855585,,3690346,Riesgos Varios Casa Central,,,,'2021-04-28 13:20:00','2016-11-11 08:28:22','2016-11-11 08:28:22',Resuelto,,
161111-350527,,Incidente importado desde SAC,,Emisión Cartera Gral.,Usuario Importador,Canal productor,,,Solucionado,,,,,ICO1 - INTEGR.COMERCIO,855589,,3473444,Modificación medio de pago,,,,'2021-04-28 13:20:00','2016-11-11 08:28:23','2016-11-11 08:28:23',Resuelto,,
161111-350530,,Incidente importado desde SAC,,,Usuario Importador,Telemarketing,,,Solucionado,,,,,AUS1 - AUTOMOTORES,855592,,3505977,Cliente para retención,,,,'2021-04-28 13:20:00','2016-11-11 08:28:23','2016-11-11 08:28:23',Atendido,,
161111-350538,,Incidente importado desde SAC,,Mailing,Usuario Importador,Telemarketing,,,Solucionado,,,,,AUS1 - AUTOMOTORES,855600,,1302638,Certificado de cobertura,,,,'2021-04-28 13:20:00','2016-11-11 08:28:23','2016-11-11 08:28:23',Resuelto,,
161111-350539,,Incidente importado desde SAC,,Emisión Masivos,Usuario Importador,Carta,,,Solucionado,,,,,AUS1 - AUTOMOTORES,855601,,2280016,Venta,,,,'2021-04-28 13:20:00','2016-11-11 08:28:23','2016-11-11 08:28:23',Resuelto,,
161111-350540,,Incidente importado desde SAC,,,Usuario Importador,Telemarketing,,,Solucionado,,,,,AUS1 - AUTOMOTORES,855602,,1866678,Cliente para retención,,,,'2021-04-28 13:20:00','2016-11-11 08:28:23','2016-11-11 08:28:23',Atendido,,
161111-350541,,Incidente importado desde SAC,,Emisión Masivos,Usuario Importador,Telemarketing,,,Solucionado,,,,,AUS1 - AUTOMOTORES,855603,,3813681,Excepción comercial altas,,,,'2021-04-28 13:20:00','2016-11-11 08:28:24','2016-11-11 08:28:24',Resuelto,,
161111-350544,,Incidente importado desde SAC,,Drive in Centro,Usuario Importador,Telemarketing,,,Solucionado,,,,,AUS1 - AUTOMOTORES,855606,,5529110,Denuncia daños materiales,,,,'2021-04-28 13:20:00','2016-11-11 08:28:24','2016-11-11 08:28:24',Resuelto,,
161111-350548,,Incidente importado desde SAC,,Mailing,Usuario Importador,Telemarketing,,,Solucionado,,,,,APL1 - AUTOMOTORES PLANES,855610,,3568007,Certificado de cobertura,,,,'2021-04-28 13:20:00','2016-11-11 08:28:24','2016-11-11 08:28:24',Atendido,,
161111-350555,,Incidente importado desde SAC,,Emisión Masivos,Usuario Importador,Telemarketing,,,Solucionado,,,,,HOM1 - SEGURO DEL HOGAR,855617,,3397409,Baja de póliza,,,,'2021-04-28 13:20:00','2016-11-11 08:28:25','2016-11-11 08:28:25',Resuelto,,
161111-350556,,Incidente importado desde SAC,,Emisión Masivos,Usuario Importador,Telemarketing,,,Solucionado,,,,,AUS1 - AUTOMOTORES,855618,,4497408,Baja de póliza,,,,'2021-04-28 13:20:00','2016-11-11 08:28:25','2016-11-11 08:28:25',Resuelto,,
161111-350561,,Incidente importado desde SAC,,Emisión Masivos,Usuario Importador,Canal productor,,,Solucionado,,,,,AUS1 - AUTOMOTORES,855623,,3933722,Suma asegurada,,,,'2021-04-28 13:20:00','2016-11-11 08:28:25','2016-11-11 08:28:25',Resuelto,,
161111-350566,,Incidente importado desde SAC,,Emisión Masivos,Usuario Importador,Telemarketing,,,Solucionado,,,,,AUS1 - AUTOMOTORES,855628,,7688932,Modificación medio de pago,,,,'2021-04-28 13:20:00','2016-11-11 08:28:26','2016-11-11 08:28:26',Resuelto,,
161111-350570,,Incidente importado desde SAC,,Cobranzas Automático,Usuario Importador,Telemarketing,,,Solucionado,,,,,ATD1 - ROBO/USUAR.T.DEB-CRE,855632,,313154,No califica,,,,'2021-04-28 13:20:00','2016-11-11 08:28:26','2016-11-11 08:28:26',Resuelto,,
161111-350571,,Incidente importado desde SAC,,Cac,Usuario Importador,Telemarketing,,,Solucionado,,,,,AUS1 - AUTOMOTORES,855633,,1361560,Instalación de dispositivo de rastreo,,,,'2021-04-28 13:20:00','2016-11-11 08:28:26','2016-11-11 08:28:26',No Procedente,,
161111-350578,,Incidente importado desde SAC,,Emisión Masivos,Usuario Importador,Telemarketing,,,Solucionado,,,,,AUS1 - AUTOMOTORES,855640,,3784709,Excepción comercial altas,,,,'2021-04-28 13:20:00','2016-11-11 08:28:26','2016-11-11 08:28:26',Resuelto,,
161111-350581,,Incidente importado desde SAC,,Drive in Ciudadela,Usuario Importador,Telemarketing,,,Solucionado,,,,,AUS1 - AUTOMOTORES,855643,,3892886,Daños materiales drive in Ciudadela,,,,'2021-04-28 13:20:00','2016-11-11 08:28:27','2016-11-11 08:28:27',Resuelto,,
161111-350582,,Incidente importado desde SAC,,Gerencia Clientes,Usuario Importador,Telemarketing,,,Solucionado,,,,,ATD1 - ROBO/USUAR.T.DEB-CRE,855644,,1190734,No califica,,,,'2021-04-28 13:20:00','2016-11-11 08:28:27','2016-11-11 08:28:27',Resuelto,,
161111-350583,,Incidente importado desde SAC,,Mailing,Usuario Importador,Carta Documento,,,Solucionado,,,,,APR1 - AUTOMOTORES,855645,,2321797,Certificado de cobertura,,,,'2021-04-28 13:20:00','2016-11-11 08:28:27','2016-11-11 08:28:27',Resuelto,,
161111-350589,,Incidente importado desde SAC,,Pago Telefonico,Usuario Importador,Telemarketing,,,Solucionado,,,,,AUT1 - AUTOMOTORES,855651,,1416204,Pago telefónico,,,,'2021-04-28 13:20:00','2016-11-11 08:28:27','2016-11-11 08:28:27',Resuelto,,
161111-350591,,Incidente importado desde SAC,,Mailing,Usuario Importador,Carta Documento,,,Solucionado,,,,,AUI1 - AUTOMOTORES INSTITUCIONES,855653,,2602671,Certificado de cobertura,,,,'2021-04-28 13:20:00','2016-11-11 08:28:28','2016-11-11 08:28:28',Resuelto,,
161111-350595,,Incidente importado desde SAC,,Emisión Masivos,Usuario Importador,Telemarketing,,,Solucionado,,,,,AUS1 - AUTOMOTORES,855657,,5206346,Rechazos/ Reducción de cobertura,,,,'2021-04-28 13:20:00','2016-11-11 08:28:29','2016-11-11 08:28:29',Resuelto,,
161111-350597,,Incidente importado desde SAC,,Telecobranzas,Usuario Importador,Telemarketing,,,Solucionado,,,,,AUS1 - AUTOMOTORES,855659,,1302769,Mensaje,,,,'2021-04-28 13:20:00','2016-11-11 08:28:30','2016-11-11 08:28:30',Atendido,,
161111-350600,,Incidente importado desde SAC,,Emisión Masivos,Usuario Importador,Telemarketing,,,Solucionado,,,,,AUS1 - AUTOMOTORES,855662,,1291463,Baja de póliza,,,,'2021-04-28 13:20:00','2016-11-11 08:28:30','2016-11-11 08:28:30',Resuelto,,
161111-350602,,Incidente importado desde SAC,,,Usuario Importador,Telemarketing,,,Solucionado,,,,,AUS1 - AUTOMOTORES,855664,,5610267,Cliente para retención,,,,'2021-04-28 13:20:00','2016-11-11 08:28:31','2016-11-11 08:28:31',Atendido,,
161111-350606,,Incidente importado desde SAC,,Emisión Masivos,Usuario Importador,Telemarketing,,,Solucionado,,,,,AUS1 - AUTOMOTORES,855668,,2725722,No califica,,,,'2021-04-28 13:20:00','2016-11-11 08:28:31','2016-11-11 08:28:31',Resuelto,,
161111-350607,,Incidente importado desde SAC,,Inspecciones Autos,Usuario Importador,Telemarketing,,,Solucionado,,,,,AUS1 - AUTOMOTORES,855669,,7733488,Instalación de dispositivo de rastreo,,,,'2021-04-28 13:20:00','2016-11-11 08:28:31','2016-11-11 08:28:31',Resuelto,,
161111-350608,,Incidente importado desde SAC,,Cac,Usuario Importador,Telemarketing,,,Solucionado,,,,,APR1 - AUTOMOTORES,855670,,3452674,Ampliación de Cobertura con inspección,,,,'2021-04-28 13:20:00','2016-11-11 08:28:31','2016-11-11 08:28:31',No Procedente,,
161111-350613,,Incidente importado desde SAC,,Emisión Masivos,Usuario Importador,Telemarketing,,,Solucionado,,,,,AUS1 - AUTOMOTORES,855675,,7247402,Propuesta incompleta,,,,'2021-04-28 13:20:00','2016-11-11 08:28:32','2016-11-11 08:28:32',Resuelto,,
161111-350614,,Incidente importado desde SAC,,Emisión Masivos,Usuario Importador,Telemarketing,,,Solucionado,,,,,AUS1 - AUTOMOTORES,855676,,3399385,Rechazos/ Reducción de cobertura,,,,'2021-04-28 13:20:00','2016-11-11 08:28:32','2016-11-11 08:28:32',Resuelto,,
161111-350618,,Incidente importado desde SAC,,Telecobranzas,Usuario Importador,Telemarketing,,,Solucionado,,,,,AUS1 - AUTOMOTORES,855680,,3639108,,,,,'2021-04-28 13:20:00','2016-11-11 08:28:32','2016-11-11 08:28:32',Atendido,,
161111-350623,,Incidente importado desde SAC,,Especialistas,Usuario Importador,Especialistas,,,Solucionado,,,,,AUS1 - AUTOMOTORES,855685,,1087259,Excepción comercial altas,,,,'2021-04-28 13:20:00','2016-11-11 08:28:32','2016-11-11 08:28:32',Resuelto,,
161111-350631,,Incidente importado desde SAC,,Emisión Masivos,Usuario Importador,Telemarketing,,,Solucionado,,,,,AUS1 - AUTOMOTORES,855692,,605600,Baja de póliza,,,,'2021-04-28 13:20:00','2016-11-11 08:28:33','2016-11-11 08:28:33',Resuelto,,
161111-350635,,Incidente importado desde SAC,,,Usuario Importador,Telemarketing,,,Solucionado,,,,,AUS1 - AUTOMOTORES,855696,,6493413,Cliente para retención,,,,'2021-04-28 13:20:00','2016-11-11 08:28:33','2016-11-11 08:28:33',Atendido,,
161111-350636,,Incidente importado desde SAC,,Lesiones,Usuario Importador,Telemarketing,,,Solucionado,,,,,AUS1 - AUTOMOTORES,855697,,178179,Lesiones,,,,'2021-04-28 13:20:00','2016-11-11 08:28:33','2016-11-11 08:28:33',Resuelto,,
161111-350644,,Incidente importado desde SAC,,Emisión Masivos,Usuario Importador,Telemarketing,,,Solucionado,,,,,AUS1 - AUTOMOTORES,855705,,2845384,Rechazos/ Reducción de cobertura,,,,'2021-04-28 13:20:00','2016-11-11 08:28:34','2016-11-11 08:28:34',Resuelto,,
161111-350646,,Incidente importado desde SAC,,Telemarketing,Usuario Importador,Carta,,,Solucionado,,,,,AUS1 - AUTOMOTORES,855707,,1429645,4 cuotas con un descuento del 15 %,,,,'2021-04-28 13:20:00','2016-11-11 08:28:34','2016-11-11 08:28:34',Resuelto,,
161111-350650,,Incidente importado desde SAC,,Mailing,Usuario Importador,Telemarketing,,,Solucionado,,,,,APR1 - AUTOMOTORES,855711,,3258508,Certificado de cobertura,,,,'2021-04-28 13:20:00','2016-11-11 08:28:34','2016-11-11 08:28:34',Resuelto,,
161111-350651,,Incidente importado desde SAC,,Cerrito- CIS,Usuario Importador,Canal productor,,,Solucionado,,,,,ICO2 - INTEGRAL DE COMERCIO,855712,,3403441,Cerrito - CIS,,,,'2021-04-28 13:20:00','2016-11-11 08:28:34','2016-11-11 08:28:34',Resuelto,,
161111-350653,,Incidente importado desde SAC,,Inspecciones Autos,Usuario Importador,Telemarketing,,,Solucionado,,,,,AUS1 - AUTOMOTORES,855714,,3394943,Inspección por previa DDJJ,,,,'2021-04-28 13:20:00','2016-11-11 08:28:34','2016-11-11 08:28:34',Resuelto,,
161111-350654,,Incidente importado desde SAC,,Cac,Usuario Importador,Telemarketing,,,Solucionado,,,,,AUI1 - AUTOMOTORES INSTITUCIONES,855715,,5089571,Reintegro - Automático,,,,'2021-04-28 13:20:00','2016-11-11 08:28:34','2016-11-11 08:28:34',No Procedente,,
161111-350655,,Incidente importado desde SAC,,Telecobranzas,Usuario Importador,Telemarketing,,,Solucionado,,,,,AUS1 - AUTOMOTORES,855716,,3391984,,,,,'2021-04-28 13:20:00','2016-11-11 08:28:34','2016-11-11 08:28:34',Atendido,,
161111-350656,,Incidente importado desde SAC,,Daños Materiales Autos,Usuario Importador,Telemarketing,,,Solucionado,,,,,AUS1 - AUTOMOTORES,855717,,7336828,Inspección por siniestros,,,,'2021-04-28 13:20:00','2016-11-11 08:28:34','2016-11-11 08:28:34',Resuelto,,
161111-350665,,Incidente importado desde SAC,,Emisión Masivos,Usuario Importador,Telemarketing,,,Solucionado,,,,,AUS1 - AUTOMOTORES,855726,,4965282,Baja de póliza,,,,'2021-04-28 13:20:00','2016-11-11 08:28:35','2016-11-11 08:28:35',Resuelto,,
161111-350666,,Incidente importado desde SAC,,Emisión Masivos,Usuario Importador,Telemarketing,,,Solucionado,,,,,AUS1 - AUTOMOTORES,855727,,3675498,No califica,,,,'2021-04-28 13:20:00','2016-11-11 08:28:35','2016-11-11 08:28:35',Resuelto,,
161111-350669,,Incidente importado desde SAC,,Emisión Masivos,Usuario Importador,Telemarketing,,,Solucionado,,,,,HOM1 - SEGURO DEL HOGAR,855730,,3707006,Baja de póliza,,,,'2021-04-28 13:20:00','2016-11-11 08:28:36','2016-11-11 08:28:36',Resuelto,,
161111-350671,,Incidente importado desde SAC,,Daños Materiales Autos,Usuario Importador,Telemarketing,,,Solucionado,,,,,AUT1 - AUTOMOTORES,855732,,5248886,Daños materiales Casa Central,,,,'2021-04-28 13:20:00','2016-11-11 08:28:36','2016-11-11 08:28:36',Resuelto,,
161111-350675,,Incidente importado desde SAC,,Especialistas,Usuario Importador,Especialistas,,,Solucionado,,,,,AUS1 - AUTOMOTORES,855736,,6019518,Excepción comercial vigente,,,,'2021-04-28 13:20:00','2016-11-11 08:28:36','2016-11-11 08:28:36',Resuelto,,
161111-350676,,Incidente importado desde SAC,,Emisión Masivos,Usuario Importador,Comercial,,,Solucionado,,,,,HOM1 - SEGURO DEL HOGAR,855737,,4245090,,,,,'2021-04-28 13:20:00','2016-11-11 08:28:36','2016-11-11 08:28:36',Resuelto,,
161111-350680,,Incidente importado desde SAC,,Robo / Destruccion Total,Usuario Importador,Telemarketing,,,Solucionado,,,,,AUS1 - AUTOMOTORES,855741,,6096018,Destrucción Total,,,,'2021-04-28 13:20:00','2016-11-11 08:28:37','2016-11-11 08:28:37',Resuelto,,
161111-350682,,Incidente importado desde SAC,,Cobranzas Automático,Usuario Importador,Telemarketing,,,Solucionado,,,,,AUS1 - AUTOMOTORES,855743,,3104814,Reintegro - Automático,,,,'2021-04-28 13:20:00','2016-11-11 08:28:37','2016-11-11 08:28:37',Resuelto,,
161111-350683,,Incidente importado desde SAC,,Emisión Masivos,Usuario Importador,Comercial,,,Solucionado,,,,,AUS1 - AUTOMOTORES,855744,,7161367,Ampliación de Cobertura con inspección,,,,'2021-04-28 13:20:00','2016-11-11 08:28:37','2016-11-11 08:28:37',Resuelto,,
161111-350686,,Incidente importado desde SAC,,Emisión Masivos,Usuario Importador,Telemarketing,,,Solucionado,,,,,AUS1 - AUTOMOTORES,855747,,7067754,Baja de póliza,,,,'2021-04-28 13:20:00','2016-11-11 08:28:37','2016-11-11 08:28:37',Resuelto,,
161111-350689,,Incidente importado desde SAC,,Emisión Cartera Gral.,Usuario Importador,Telemarketing,,,Solucionado,,,,,ICO1 - INTEGR.COMERCIO,855750,,5551547,Cartera general,,,,'2021-04-28 13:20:00','2016-11-11 08:28:38','2016-11-11 08:28:38',Resuelto,,
161111-350693,,Incidente importado desde SAC,,Emisión Masivos,Usuario Importador,Telemarketing,,,Solucionado,,,,,HOM1 - SEGURO DEL HOGAR,855754,,4578622,Ampliación de Cobertura con inspección,,,,'2021-04-28 13:20:00','2016-11-11 08:28:38','2016-11-11 08:28:38',Resuelto,,
161111-350694,,Incidente importado desde SAC,,Drive in Ciudadela,Usuario Importador,Telemarketing,,,Solucionado,,,,,APR1 - AUTOMOTORES,855755,,5159516,Daños materiales drive in Ciudadela,,,,'2021-04-28 13:20:00','2016-11-11 08:28:38','2016-11-11 08:28:38',Resuelto,,
161111-350697,,Incidente importado desde SAC,,Emisión Masivos,Usuario Importador,Telemarketing,,,Solucionado,,,,,AUS1 - AUTOMOTORES,855758,,1120418,4 cuotas con un descuento del 25 %,,,,'2021-04-28 13:20:00','2016-11-11 08:28:38','2016-11-11 08:28:38',Resuelto,,
161111-350701,,Incidente importado desde SAC,,Inspecciones Autos,Usuario Importador,Telemarketing,,,Solucionado,,,,,AUS1 - AUTOMOTORES,855762,,2708336,Inspección por previa DDJJ,,,,'2021-04-28 13:20:00','2016-11-11 08:28:39','2016-11-11 08:28:39',Resuelto,,
161111-350702,,Incidente importado desde SAC,,Cac,Usuario Importador,Telemarketing,,,Solucionado,,,,,HOM1 - SEGURO DEL HOGAR,855763,,5531170,No califica,,,,'2021-04-28 13:20:00','2016-11-11 08:28:39','2016-11-11 08:28:39',No Procedente,,
161111-350704,,Incidente importado desde SAC,,Gerencia Clientes,Usuario Importador,Carta Documento,,,Solucionado,,,,,AUT1 - AUTOMOTORES,855765,,6492937,Certificado de cobertura,,,,'2021-04-28 13:20:00','2016-11-11 08:28:39','2016-11-11 08:28:39',Resuelto,,
161111-350707,,Incidente importado desde SAC,,Cac,Usuario Importador,Telemarketing,,,Solucionado,,,,,AUS1 - AUTOMOTORES,855768,,1892818,Reintegro - Automático,,,,'2021-04-28 13:20:00','2016-11-11 08:28:39','2016-11-11 08:28:39',Resuelto,,
161111-350711,,Incidente importado desde SAC,,Cac,Usuario Importador,Telemarketing,,,Solucionado,,,,,APR1 - AUTOMOTORES,855772,,3619030,Recotización,,,,'2021-04-28 13:20:00','2016-11-11 08:28:39','2016-11-11 08:28:39',Anulado,,
161111-350713,,Incidente importado desde SAC,,Riesgos Varios Casa Central,Usuario Importador,Telemarketing,,,Solucionado,,,,,HOM1 - SEGURO DEL HOGAR,855774,,6944681,Riesgos Varios Casa Central,,,,'2021-04-28 13:20:00','2016-11-11 08:28:39','2016-11-11 08:28:39',Resuelto,,
161111-350716,,Incidente importado desde SAC,,Telemarketing,Usuario Importador,Telemarketing,,,Solucionado,,,,,AUS1 - AUTOMOTORES,855777,,1853860,,,,,'2021-04-28 13:20:00','2016-11-11 08:28:39','2016-11-11 08:28:39',Atendido,,
161111-350717,,Incidente importado desde SAC,,Fleet Services,Usuario Importador,Telemarketing,,,Solucionado,,,,,AUS1 - AUTOMOTORES,855778,,7561546,Contacto del tercero,,,,'2021-04-28 13:20:00','2016-11-11 08:28:40','2016-11-11 08:28:40',Resuelto,,
161111-350718,,Incidente importado desde SAC,,Emisión Masivos,Usuario Importador,Telemarketing,,,Solucionado,,,,,HOM1 - SEGURO DEL HOGAR,855779,,3018338,Baja de póliza,,,,'2021-04-28 13:20:00','2016-11-11 08:28:40','2016-11-11 08:28:40',Resuelto,,
161111-350720,,Incidente importado desde SAC,,Emisión Masivos,Usuario Importador,Carta,,,Solucionado,,,,,AUI1 - AUTOMOTORES INSTITUCIONES,855781,,7094295,Baja de póliza,,,,'2021-04-28 13:20:00','2016-11-11 08:28:40','2016-11-11 08:28:40',Resuelto,,
161111-350721,,Incidente importado desde SAC,,Emisión Masivos,Usuario Importador,Especialistas,,,Solucionado,,,,,AUS1 - AUTOMOTORES,855782,,4460162,No califica,,,,'2021-04-28 13:20:00','2016-11-11 08:28:40','2016-11-11 08:28:40',Resuelto,,
161111-350722,,Incidente importado desde SAC,,Daños Materiales Autos,Usuario Importador,Telemarketing,,,Solucionado,,,,,AUS1 - AUTOMOTORES,855783,,6137686,Denuncia de robo aparecido,,,,'2021-04-28 13:20:00','2016-11-11 08:28:40','2016-11-11 08:28:40',Resuelto,,
161111-350727,,Incidente importado desde SAC,,Emisión Masivos,Usuario Importador,Telemarketing,,,Solucionado,,,,,AUS1 - AUTOMOTORES,855788,,3697551,10 cuotas con un descuento del 15 %,,,,'2021-04-28 13:20:00','2016-11-11 08:28:40','2016-11-11 08:28:40',Resuelto,,
161111-350728,,Incidente importado desde SAC,,Cac,Usuario Importador,Telemarketing,,,Solucionado,,,,,HOM1 - SEGURO DEL HOGAR,855789,,6889740,Endosos CAC,,,,'2021-04-28 13:20:00','2016-11-11 08:28:40','2016-11-11 08:28:40',Resuelto,,
161111-350729,,Incidente importado desde SAC,,Emisión Cartera Gral.,Usuario Importador,Telemarketing,,,Solucionado,,,,,HOC1 - SEGURO DEL HOGAR,855790,,2347921,Cartera general,,,,'2021-04-28 13:20:00','2016-11-11 08:28:41','2016-11-11 08:28:41',Resuelto,,
161111-350730,,Incidente importado desde SAC,,Pago Telefonico,Usuario Importador,Telemarketing,,,Solucionado,,,,,AUS1 - AUTOMOTORES,855791,,7473314,Pago telefónico,,,,'2021-04-28 13:20:00','2016-11-11 08:28:41','2016-11-11 08:28:41',Resuelto,,
161111-350733,,Incidente importado desde SAC,,Emisión Masivos,Usuario Importador,Telemarketing,,,Solucionado,,,,,AUS1 - AUTOMOTORES,855794,,5213748,Propuesta incompleta,,,,'2021-04-28 13:20:00','2016-11-11 08:28:41','2016-11-11 08:28:41',Resuelto,,
161111-350735,,Incidente importado desde SAC,,Inspecciones Autos,Usuario Importador,Telemarketing,,,Solucionado,,,,,AUS1 - AUTOMOTORES,855796,,2989053,Inspección por previa DDJJ,,,,'2021-04-28 13:20:00','2016-11-11 08:28:42','2016-11-11 08:28:42',Resuelto,,
161111-350739,,Incidente importado desde SAC,,Cac,Usuario Importador,Telemarketing,,,Solucionado,,,,,APR1 - AUTOMOTORES,855800,,3803306,Daños materiales Casa Central,,,,'2021-04-28 13:20:00','2016-11-11 08:28:43','2016-11-11 08:28:43',Anulado,,
161111-350740,,Incidente importado desde SAC,,Emisión Masivos,Usuario Importador,Canal productor,,,Solucionado,,,,,AUS1 - AUTOMOTORES,855801,,6491459,Inspección por previa,,,,'2021-04-28 13:20:00','2016-11-11 08:28:43','2016-11-11 08:28:43',Resuelto,,
161111-350743,,Incidente importado desde SAC,,Cac,Usuario Importador,Telemarketing,,,Solucionado,,,,,APR1 - AUTOMOTORES,855804,,5205373,Ampliación de Cobertura con inspección,,,,'2021-04-28 13:20:00','2016-11-11 08:28:43','2016-11-11 08:28:43',No Procedente,,
161111-350744,,Incidente importado desde SAC,,Emisión Masivos,Usuario Importador,Telemarketing,,,Solucionado,,,,,AUS1 - AUTOMOTORES,855805,,2689951,Propuesta incompleta,,,,'2021-04-28 13:20:00','2016-11-11 08:28:44','2016-11-11 08:28:44',Resuelto,,
161111-350745,,Incidente importado desde SAC,,,Usuario Importador,Telemarketing,,,Solucionado,,,,,AUS1 - AUTOMOTORES,855806,,2013409,Cliente para retención,,,,'2021-04-28 13:20:00','2016-11-11 08:28:44','2016-11-11 08:28:44',Atendido,,
161111-350749,,Incidente importado desde SAC,,Emisión Masivos,Usuario Importador,Telemarketing,,,Solucionado,,,,,AUS1 - AUTOMOTORES,855810,,433083,Excepción comercial altas,,,,'2021-04-28 13:20:00','2016-11-11 08:28:44','2016-11-11 08:28:44',Resuelto,,
161111-350750,,Incidente importado desde SAC,,Inspecciones Autos,Usuario Importador,Telemarketing,,,Solucionado,,,,,AUS1 - AUTOMOTORES,855811,,3493252,Inspección por previa DDJJ,,,,'2021-04-28 13:20:00','2016-11-11 08:28:44','2016-11-11 08:28:44',Resuelto,,
161111-350752,,Incidente importado desde SAC,,Inspecciones Autos,Usuario Importador,Telemarketing,,,Solucionado,,,,,AUS1 - AUTOMOTORES,855813,,4982502,Inspección por previa DDJJ,,,,'2021-04-28 13:20:00','2016-11-11 08:28:44','2016-11-11 08:28:44',No Procedente,,
161111-350753,,Incidente importado desde SAC,,Cac,Usuario Importador,Telemarketing,,,Solucionado,,,,,HOM1 - SEGURO DEL HOGAR,855814,,4970162,Endosos CAC,,,,'2021-04-28 13:20:00','2016-11-11 08:28:44','2016-11-11 08:28:44',Resuelto,,
161111-350755,,Incidente importado desde SAC,,Emisión Masivos,Usuario Importador,Telemarketing,,,Solucionado,,,,,AUS1 - AUTOMOTORES,855816,,498431,4 cuotas con un descuento del 25 %,,,,'2021-04-28 13:20:00','2016-11-11 08:28:45','2016-11-11 08:28:45',Resuelto,,
161111-350758,,Incidente importado desde SAC,,Pago Telefonico,Usuario Importador,Telemarketing,,,Solucionado,,,,,AUS1 - AUTOMOTORES,855819,,7022887,Pago telefónico,,,,'2021-04-28 13:20:00','2016-11-11 08:28:45','2016-11-11 08:28:45',Resuelto,,
161111-350759,,Incidente importado desde SAC,,Emisión Masivos,Usuario Importador,Telemarketing,,,Solucionado,,,,,AUS1 - AUTOMOTORES,855820,,2194866,4 cuotas con un descuento del 25 %,,,,'2021-04-28 13:20:00','2016-11-11 08:28:45','2016-11-11 08:28:45',Resuelto,,
161111-350760,,Incidente importado desde SAC,,,Usuario Importador,Telemarketing,,,Solucionado,,,,,AUS1 - AUTOMOTORES,855821,,5986952,Cliente para retención,,,,'2021-04-28 13:20:00','2016-11-11 08:28:45','2016-11-11 08:28:45',Atendido,,
161111-350762,,Incidente importado desde SAC,,Cobranzas Automático,Usuario Importador,Telemarketing,,,Solucionado,,,,,AUI1 - AUTOMOTORES INSTITUCIONES,855823,,4006214,No califica,,,,'2021-04-28 13:20:00','2016-11-11 08:28:45','2016-11-11 08:28:45',Resuelto,,
161111-350764,,Incidente importado desde SAC,,Emisión Masivos,Usuario Importador,Telemarketing,,,Solucionado,,,,,APR1 - AUTOMOTORES,855825,,3588012,Rechazos/ Reducción de cobertura,,,,'2021-04-28 13:20:00','2016-11-11 08:28:45','2016-11-11 08:28:45',Resuelto,,
161111-350766,,Incidente importado desde SAC,,Emisión Masivos,Usuario Importador,Telemarketing,,,Solucionado,,,,,AUS1 - AUTOMOTORES,855827,,6931277,Excepción comercial altas,,,,'2021-04-28 13:20:00','2016-11-11 08:28:45','2016-11-11 08:28:45',Resuelto,,
161111-350767,,Incidente importado desde SAC,,Emisión Masivos,Usuario Importador,Telemarketing,,,Solucionado,,,,,HOM1 - SEGURO DEL HOGAR,855828,,1096819,Ampliación de Cobertura con inspección,,,,'2021-04-28 13:20:00','2016-11-11 08:28:45','2016-11-11 08:28:45',Resuelto,,
161111-350768,,Incidente importado desde SAC,,Oficina Cordoba,Usuario Importador,Telemarketing,,,Solucionado,,,,,AUT1 - AUTOMOTORES,855829,,6706143,Daños materiales Cordoba,,,,'2021-04-28 13:20:00','2016-11-11 08:28:45','2016-11-11 08:28:45',Resuelto,,
161111-350771,,Incidente importado desde SAC,,Inspecciones Autos,Usuario Importador,Telemarketing,,,Solucionado,,,,,AUS1 - AUTOMOTORES,855832,,3434966,Inspección por previa DDJJ,,,,'2021-04-28 13:20:00','2016-11-11 08:28:46','2016-11-11 08:28:46',Resuelto,,
161111-350772,,Incidente importado desde SAC,,Emisión Masivos,Usuario Importador,Telemarketing,,,Solucionado,,,,,HOM1 - SEGURO DEL HOGAR,855833,,2640552,Propuesta incompleta,,,,'2021-04-28 13:20:00','2016-11-11 08:28:46','2016-11-11 08:28:46',Resuelto,,
161111-350773,,Incidente importado desde SAC,,Emisión Masivos,Usuario Importador,Telemarketing,,,Solucionado,,,,,AUS1 - AUTOMOTORES,855834,,5253433,Rechazos/ Reducción de cobertura,,,,'2021-04-28 13:20:00','2016-11-11 08:28:46','2016-11-11 08:28:46',Resuelto,,
161111-350777,,Incidente importado desde SAC,,Emisión Masivos,Usuario Importador,Telemarketing,,,Solucionado,,,,,AUS1 - AUTOMOTORES,855838,,1054882,Baja de póliza,,,,'2021-04-28 13:20:00','2016-11-11 08:28:47','2016-11-11 08:28:47',Resuelto,,
161111-350778,,Incidente importado desde SAC,,Mailing,Usuario Importador,Telemarketing,,,Solucionado,,,,,APR1 - AUTOMOTORES,855839,,5328046,Certificado de cobertura,,,,'2021-04-28 13:20:00','2016-11-11 08:28:47','2016-11-11 08:28:47',Atendido,,
161111-350786,,Incidente importado desde SAC,,Emisión Masivos,Usuario Importador,Telemarketing,,,Solucionado,,,,,AUS1 - AUTOMOTORES,855847,,1884530,No califica,,,,'2021-04-28 13:20:00','2016-11-11 08:28:48','2016-11-11 08:28:48',Resuelto,,
161111-350787,,Incidente importado desde SAC,,Emisión Masivos,Usuario Importador,Comercial,,,Solucionado,,,,,AUS1 - AUTOMOTORES,855848,,6547919,,,,,'2021-04-28 13:20:00','2016-11-11 08:28:48','2016-11-11 08:28:48',Resuelto,,
161111-350793,,Incidente importado desde SAC,,Inspecciones Autos,Usuario Importador,Telemarketing,,,Solucionado,,,,,AUS1 - AUTOMOTORES,855854,,4309621,Inspección por previa DDJJ,,,,'2021-04-28 13:20:00','2016-11-11 08:28:48','2016-11-11 08:28:48',Resuelto,,
161111-350798,,Incidente importado desde SAC,,Mailing,Usuario Importador,Carta Documento,,,Solucionado,,,,,AUS1 - AUTOMOTORES,855859,,4498263,Certificado de cobertura,,,,'2021-04-28 13:20:00','2016-11-11 08:28:49','2016-11-11 08:28:49',Resuelto,,
161111-350801,,Incidente importado desde SAC,,Cerrito- CIS,Usuario Importador,Carta Documento,,,Solucionado,,,,,EEQ1 - SEGURO INGENIERIA,855862,,2609174,Cerrito - CIS,,,,'2021-04-28 13:20:00','2016-11-11 08:28:49','2016-11-11 08:28:49',Resuelto,,
161111-350808,,Incidente importado desde SAC,,Oficina Rosario,Usuario Importador,Telemarketing,,,Solucionado,,,,,HOM1 - SEGURO DEL HOGAR,855869,,3498954,Riesgos Varios Rosario,,,,'2021-04-28 13:20:00','2016-11-11 08:28:49','2016-11-11 08:28:49',Resuelto,,
161111-350809,,Incidente importado desde SAC,,Emisión Masivos,Usuario Importador,Telemarketing,,,Solucionado,,,,,AUS1 - AUTOMOTORES,855870,,3050221,Propuesta incompleta,,,,'2021-04-28 13:20:00','2016-11-11 08:28:49','2016-11-11 08:28:49',Resuelto,,
161111-350810,,Incidente importado desde SAC,,Emisión Masivos,Usuario Importador,Telemarketing,,,Solucionado,,,,,AUS1 - AUTOMOTORES,855871,,4287565,Baja de póliza,,,,'2021-04-28 13:20:00','2016-11-11 08:28:49','2016-11-11 08:28:49',Resuelto,,
161111-350811,,Incidente importado desde SAC,,Inspecciones Autos,Usuario Importador,Telemarketing,,,Solucionado,,,,,AUS1 - AUTOMOTORES,855872,,3457629,Inspección por previa DDJJ,,,,'2021-04-28 13:20:00','2016-11-11 08:28:49','2016-11-11 08:28:49',Resuelto,,
161111-350815,,Incidente importado desde SAC,,Inspecciones Autos,Usuario Importador,Telemarketing,,,Solucionado,,,,,AUS1 - AUTOMOTORES,855876,,3189983,Rechazos/ Reducción de cobertura,,,,'2021-04-28 13:20:00','2016-11-11 08:28:50','2016-11-11 08:28:50',No Procedente,,
161111-350816,,Incidente importado desde SAC,,Emisión Masivos,Usuario Importador,Telemarketing,,,Solucionado,,,,,AUS1 - AUTOMOTORES,855877,,2964425,4 cuotas con un descuento del 25 %,,,,'2021-04-28 13:20:00','2016-11-11 08:28:50','2016-11-11 08:28:50',Resuelto,,
161111-350820,,Incidente importado desde SAC,,Telecobranzas,Usuario Importador,Telemarketing,,,Solucionado,,,,,AUS1 - AUTOMOTORES,855881,,4462598,Mensaje,,,,'2021-04-28 13:20:00','2016-11-11 08:28:50','2016-11-11 08:28:50',Atendido,,
161111-350821,,Incidente importado desde SAC,,Gerencia Venta Directa,Usuario Importador,Comercial,,,Solucionado,,,,,AUS1 - AUTOMOTORES,855882,,864749,,,,,'2021-04-28 13:20:00','2016-11-11 08:28:50','2016-11-11 08:28:50',Resuelto,,
161111-350823,,Incidente importado desde SAC,,,Usuario Importador,Telemarketing,,,Solucionado,,,,,AUS1 - AUTOMOTORES,855884,,5084767,Cliente para retención,,,,'2021-04-28 13:20:00','2016-11-11 08:28:50','2016-11-11 08:28:50',Atendido,,
161111-350825,,Incidente importado desde SAC,,Emisión Masivos,Usuario Importador,Telemarketing,,,Solucionado,,,,,AUS1 - AUTOMOTORES,855886,,2074210,Bonificación,,,,'2021-04-28 13:20:00','2016-11-11 08:28:50','2016-11-11 08:28:50',Resuelto,,
161111-350832,,Incidente importado desde SAC,,Inspecciones Autos,Usuario Importador,Telemarketing,,,Solucionado,,,,,AUS1 - AUTOMOTORES,855893,,4091579,Inspección por previa DDJJ,,,,'2021-04-28 13:20:00','2016-11-11 08:28:51','2016-11-11 08:28:51',Resuelto,,
161111-350833,,Incidente importado desde SAC,,Inspecciones Autos,Usuario Importador,Telemarketing,,,Solucionado,,,,,AUS1 - AUTOMOTORES,855894,,6606306,Inspección por previa DDJJ,,,,'2021-04-28 13:20:00','2016-11-11 08:28:51','2016-11-11 08:28:51',Resuelto,,
161111-350845,,Incidente importado desde SAC,,Inspecciones Autos,Usuario Importador,Telemarketing,,,Solucionado,,,,,AUS1 - AUTOMOTORES,855906,,7235590,Inspección por previa DDJJ,,,,'2021-04-28 13:20:00','2016-11-11 08:28:51','2016-11-11 08:28:51',Resuelto,,
161111-350849,,Incidente importado desde SAC,,Inspecciones Autos,Usuario Importador,Telemarketing,,,Solucionado,,,,,AUS1 - AUTOMOTORES,855910,,3304075,Inspección por previa DDJJ,,,,'2021-04-28 13:20:00','2016-11-11 08:28:52','2016-11-11 08:28:52',Resuelto,,
161111-350855,,Incidente importado desde SAC,,Emisión Masivos,Usuario Importador,Telemarketing,,,Solucionado,,,,,AUS1 - AUTOMOTORES,855916,,3408455,Rechazos/ Reducción de cobertura,,,,'2021-04-28 13:20:00','2016-11-11 08:28:52','2016-11-11 08:28:52',Resuelto,,
161111-350861,,Incidente importado desde SAC,,Cac,Usuario Importador,Telemarketing,,,Solucionado,,,,,AUS1 - AUTOMOTORES,855922,,5014670,Endosos CAC,,,,'2021-04-28 13:20:00','2016-11-11 08:28:52','2016-11-11 08:28:52',Atendido,,
161111-350864,,Incidente importado desde SAC,,Mailing,Usuario Importador,Telemarketing,,,Solucionado,,,,,AUS1 - AUTOMOTORES,855925,,4846134,Certificado de cobertura,,,,'2021-04-28 13:20:00','2016-11-11 08:28:53','2016-11-11 08:28:53',Atendido,,
161111-350866,,Incidente importado desde SAC,,Juicios / mediaciones daños,Usuario Importador,Telemarketing,,,Solucionado,,,,,AUA1 - AUTOMOTORES CARTERA GENERAL,855927,,4854191,Tercero lesionado,,,,'2021-04-28 13:20:00','2016-11-11 08:28:53','2016-11-11 08:28:53',Resuelto,,
161111-350868,,Incidente importado desde SAC,,Emisión Masivos,Usuario Importador,Telemarketing,,,Solucionado,,,,,AUS1 - AUTOMOTORES,855929,,3520237,Baja de póliza,,,,'2021-04-28 13:20:00','2016-11-11 08:28:53','2016-11-11 08:28:53',Resuelto,,
161111-350871,,Incidente importado desde SAC,,Riesgos Varios Casa Central,Usuario Importador,Telemarketing,,,Solucionado,,,,,HOM1 - SEGURO DEL HOGAR,855932,,4948507,Riesgos Varios Casa Central,,,,'2021-04-28 13:20:00','2016-11-11 08:28:53','2016-11-11 08:28:53',Resuelto,,
161111-350873,,Incidente importado desde SAC,,Riesgos Varios Casa Central,Usuario Importador,Telemarketing,,,Solucionado,,,,,HOM1 - SEGURO DEL HOGAR,855934,,3468356,Riesgos Varios Casa Central,,,,'2021-04-28 13:20:00','2016-11-11 08:28:53','2016-11-11 08:28:53',Resuelto,,
161111-350874,,Incidente importado desde SAC,,Mailing,Usuario Importador,Llamada entrante,,,Solucionado,,,,,APR1 - AUTOMOTORES,855935,,5166931,Certificado de cobertura,,,,'2021-04-28 13:20:00','2016-11-11 08:28:53','2016-11-11 08:28:53',Atendido,,
161111-350880,,Incidente importado desde SAC,,Emisión Masivos,Usuario Importador,Telemarketing,,,Solucionado,,,,,AUS1 - AUTOMOTORES,855941,,3938328,Baja de póliza,,,,'2021-04-28 13:20:00','2016-11-11 08:28:54','2016-11-11 08:28:54',Resuelto,,
161111-350882,,Incidente importado desde SAC,,Mailing,Usuario Importador,Telemarketing,,,Solucionado,,,,,HOM1 - SEGURO DEL HOGAR,855943,,4514331,Certificado de cobertura,,,,'2021-04-28 13:20:00','2016-11-11 08:28:54','2016-11-11 08:28:54',Resuelto,,
161111-350883,,Incidente importado desde SAC,,Inspecciones Autos,Usuario Importador,Telemarketing,,,Solucionado,,,,,AUS1 - AUTOMOTORES,855944,,6781927,Inspección por previa DDJJ,,,,'2021-04-28 13:20:00','2016-11-11 08:28:54','2016-11-11 08:28:54',Resuelto,,
161111-350884,,Incidente importado desde SAC,,Emisión Masivos,Usuario Importador,Telemarketing,,,Solucionado,,,,,AUS1 - AUTOMOTORES,855945,,3409710,Ampliación de Cobertura con inspección,,,,'2021-04-28 13:20:00','2016-11-11 08:28:54','2016-11-11 08:28:54',Resuelto,,
161111-350886,,Incidente importado desde SAC,,Emisión Masivos,Usuario Importador,Canal productor,,,Solucionado,,,,,AUS1 - AUTOMOTORES,855947,,2157945,Inspección por previa,,,,'2021-04-28 13:20:00','2016-11-11 08:28:54','2016-11-11 08:28:54',Resuelto,,
161111-350890,,Incidente importado desde SAC,,Emisión Masivos,Usuario Importador,Telemarketing,,,Solucionado,,,,,AUS1 - AUTOMOTORES,855951,,4931291,Rechazos/ Reducción de cobertura,,,,'2021-04-28 13:20:00','2016-11-11 08:28:55','2016-11-11 08:28:55',Resuelto,,
161111-350894,,Incidente importado desde SAC,,,Usuario Importador,Telemarketing,,,Solucionado,,,,,AUS1 - AUTOMOTORES,855955,,2533176,Cliente para retención,,,,'2021-04-28 13:20:00','2016-11-11 08:28:56','2016-11-11 08:28:56',Atendido,,
161111-350896,,Incidente importado desde SAC,,Cerrito- CIS,Usuario Importador,Telemarketing,,,Solucionado,,,,,HOM1 - SEGURO DEL HOGAR,855957,,4409633,Riesgos Varios Casa Central,,,,'2021-04-28 13:20:00','2016-11-11 08:28:56','2016-11-11 08:28:56',Resuelto,,
161111-350897,,Incidente importado desde SAC,,Emisión Masivos,Usuario Importador,Carta,,,Solucionado,,,,,AUS1 - AUTOMOTORES,855958,,5261098,Baja de póliza,,,,'2021-04-28 13:20:00','2016-11-11 08:28:56','2016-11-11 08:28:56',Resuelto,,
161111-350900,,Incidente importado desde SAC,,Mailing,Usuario Importador,Telemarketing,,,Solucionado,,,,,APR1 - AUTOMOTORES,855961,,5073391,Certificado de cobertura,,,,'2021-04-28 13:20:00','2016-11-11 08:28:57','2016-11-11 08:28:57',Resuelto,,
161111-350909,,Incidente importado desde SAC,,Emisión Masivos,Usuario Importador,Telemarketing,,,Solucionado,,,,,AUS1 - AUTOMOTORES,855969,,4186023,8 cuotas con un descuento del 15 %,,,,'2021-04-28 13:20:00','2016-11-11 08:28:58','2016-11-11 08:28:58',Resuelto,,
161111-350911,,Incidente importado desde SAC,,Emisión Masivos,Usuario Importador,Telemarketing,,,Solucionado,,,,,HOM1 - SEGURO DEL HOGAR,855971,,5361023,No califica,,,,'2021-04-28 13:20:00','2016-11-11 08:28:58','2016-11-11 08:28:58',Resuelto,,
161111-350912,,Incidente importado desde SAC,,Emisión Masivos,Usuario Importador,Telemarketing,,,Solucionado,,,,,AUS1 - AUTOMOTORES,855972,,1386093,Rechazos/ Reducción de cobertura,,,,'2021-04-28 13:20:00','2016-11-11 08:28:58','2016-11-11 08:28:58',Resuelto,,
161111-350915,,Incidente importado desde SAC,,,Usuario Importador,Telemarketing,,,Solucionado,,,,,AUS1 - AUTOMOTORES,855975,,5114932,Instalación de dispositivo de rastreo,,,,'2021-04-28 13:20:00','2016-11-11 08:28:58','2016-11-11 08:28:58',Resuelto,,
161111-350916,,Incidente importado desde SAC,,Emisión Masivos,Usuario Importador,Telemarketing,,,Solucionado,,,,,AUS1 - AUTOMOTORES,855976,,1830459,Baja de póliza,,,,'2021-04-28 13:20:00','2016-11-11 08:28:58','2016-11-11 08:28:58',Resuelto,,
161111-350920,,Incidente importado desde SAC,,Robo / Destruccion Total,Usuario Importador,Telemarketing,,,Solucionado,,,,,AUA1 - AUTOMOTORES CARTERA GENERAL,855980,,3520344,Destrucción Total,,,,'2021-04-28 13:20:00','2016-11-11 08:28:59','2016-11-11 08:28:59',Resuelto,,
161111-350922,,Incidente importado desde SAC,,Cac,Usuario Importador,Carta Documento,,,Solucionado,,,,,AUS1 - AUTOMOTORES,855982,,6190259,Endosos CAC,,,,'2021-04-28 13:20:00','2016-11-11 08:28:59','2016-11-11 08:28:59',Atendido,,
161111-350923,,Incidente importado desde SAC,,Emisión Masivos,Usuario Importador,Telemarketing,,,Solucionado,,,,,AUS1 - AUTOMOTORES,855983,,3709724,Modificación datos personales,,,,'2021-04-28 13:20:00','2016-11-11 08:28:59','2016-11-11 08:28:59',Resuelto,,
161111-350927,,Incidente importado desde SAC,,Fleet Services,Usuario Importador,Telemarketing,,,Solucionado,,,,,AUA1 - AUTOMOTORES CARTERA GENERAL,855987,,1756786,Contacto del tercero,,,,'2021-04-28 13:20:00','2016-11-11 08:28:59','2016-11-11 08:28:59',Resuelto,,
161111-350931,,Incidente importado desde SAC,,Emisión Cartera Gral.,Usuario Importador,Telemarketing,,,Solucionado,,,,,AUT1 - AUTOMOTORES,855991,,6213260,Cartera general,,,,'2021-04-28 13:20:00','2016-11-11 08:28:59','2016-11-11 08:28:59',Resuelto,,
161111-350935,,Incidente importado desde SAC,,Emisión Masivos,Usuario Importador,Telemarketing,,,Solucionado,,,,,AUS1 - AUTOMOTORES,855995,,527480,Propuesta incompleta,,,,'2021-04-28 13:20:00','2016-11-11 08:28:59','2016-11-11 08:28:59',Resuelto,,
161111-350938,,Incidente importado desde SAC,,Fleet Services,Usuario Importador,Telemarketing,,,Solucionado,,,,,APL1 - AUTOMOTORES PLANES,855998,,6782623,Contacto del tercero,,,,'2021-04-28 13:20:00','2016-11-11 08:29:00','2016-11-11 08:29:00',Resuelto,,
161111-350944,,Incidente importado desde SAC,,Riesgos Varios Casa Central,Usuario Importador,Telemarketing,,,Solucionado,,,,,HOM1 - SEGURO DEL HOGAR,856004,,4972573,Riesgos Varios Casa Central,,,,'2021-04-28 13:20:00','2016-11-11 08:29:00','2016-11-11 08:29:00',Resuelto,,
161111-350949,,Incidente importado desde SAC,,,Usuario Importador,Telemarketing,,,Solucionado,,,,,AUS1 - AUTOMOTORES,856009,,549382,Cliente para retención,,,,'2021-04-28 13:20:00','2016-11-11 08:29:00','2016-11-11 08:29:00',Atendido,,
161111-350952,,Incidente importado desde SAC,,Emisión Masivos,Usuario Importador,Telemarketing,,,Solucionado,,,,,AUS1 - AUTOMOTORES,856012,,6674191,4 cuotas con un descuento del 25 %,,,,'2021-04-28 13:20:00','2016-11-11 08:29:00','2016-11-11 08:29:00',Resuelto,,
161111-350953,,Incidente importado desde SAC,,Lesiones,Usuario Importador,Telemarketing,,,Solucionado,,,,,AUS1 - AUTOMOTORES,856013,,4554032,Daños materiales drive in Lanús,,,,'2021-04-28 13:20:00','2016-11-11 08:29:01','2016-11-11 08:29:01',Resuelto,,
161111-350954,,Incidente importado desde SAC,,Emisión Masivos,Usuario Importador,Telemarketing,,,Solucionado,,,,,HOM1 - SEGURO DEL HOGAR,856014,,5164754,Modificación datos de hogar sin inspección,,,,'2021-04-28 13:20:00','2016-11-11 08:29:01','2016-11-11 08:29:01',Resuelto,,
161111-350955,,Incidente importado desde SAC,,,Usuario Importador,Telemarketing,,,Solucionado,,,,,AUS1 - AUTOMOTORES,856015,,142843,Cliente para retención,,,,'2021-04-28 13:20:00','2016-11-11 08:29:01','2016-11-11 08:29:01',Atendido,,
161111-350958,,Incidente importado desde SAC,,Emisión Masivos,Usuario Importador,Telemarketing,,,Solucionado,,,,,AUS1 - AUTOMOTORES,856018,,3992715,Baja de póliza,,,,'2021-04-28 13:20:00','2016-11-11 08:29:01','2016-11-11 08:29:01',Resuelto,,
161111-350962,,Incidente importado desde SAC,,Pago Telefonico,Usuario Importador,Telemarketing,,,Solucionado,,,,,AUS1 - AUTOMOTORES,856022,,1756036,Pago telefónico,,,,'2021-04-28 13:20:00','2016-11-11 08:29:01','2016-11-11 08:29:01',Resuelto,,
161111-350963,,Incidente importado desde SAC,,Emisión Masivos,Usuario Importador,Canal productor,,,Solucionado,,,,,AUS1 - AUTOMOTORES,856023,,6194956,Corrección de propuesta,,,,'2021-04-28 13:20:00','2016-11-11 08:29:01','2016-11-11 08:29:01',Resuelto,,
161111-350966,,Incidente importado desde SAC,,Emisión Masivos,Usuario Importador,Telemarketing,,,Solucionado,,,,,AUS1 - AUTOMOTORES,856026,,4480699,4 cuotas con un descuento del 25 %,,,,'2021-04-28 13:20:00','2016-11-11 08:29:01','2016-11-11 08:29:01',Resuelto,,
161111-350968,,Incidente importado desde SAC,,Cac,Usuario Importador,Telemarketing,,,Solucionado,,,,,APR1 - AUTOMOTORES,856028,,6999185,Documentación para enviar por fax/email,,,,'2021-04-28 13:20:00','2016-11-11 08:29:01','2016-11-11 08:29:01',Resuelto,,
161111-350970,,Incidente importado desde SAC,,Drive in San Isidro,Usuario Importador,Telemarketing,,,Solucionado,,,,,AUT1 - AUTOMOTORES,856030,,7369046,Daños materiales drive in San Isidro,,,,'2021-04-28 13:20:00','2016-11-11 08:29:01','2016-11-11 08:29:01',Resuelto,,
161111-350982,,Incidente importado desde SAC,,Fleet Services,Usuario Importador,Telemarketing,,,Solucionado,,,,,AUT1 - AUTOMOTORES,856042,,4523053,Contacto del tercero,,,,'2021-04-28 13:20:00','2016-11-11 08:29:03','2016-11-11 08:29:03',Resuelto,,
161111-350984,,Incidente importado desde SAC,,Emisión Masivos,Usuario Importador,Especialistas,,,Solucionado,,,,,AUS1 - AUTOMOTORES,856044,,3203421,No califica,,,,'2021-04-28 13:20:00','2016-11-11 08:29:03','2016-11-11 08:29:03',Resuelto,,
161111-350986,,Incidente importado desde SAC,,Emisión Masivos,Usuario Importador,Canal productor,,,Solucionado,,,,,AUS1 - AUTOMOTORES,856046,,3964998,Venta,,,,'2021-04-28 13:20:00','2016-11-11 08:29:03','2016-11-11 08:29:03',Resuelto,,
161111-350989,,Incidente importado desde SAC,,Emisión Masivos,Usuario Importador,Telemarketing,,,Solucionado,,,,,AUS1 - AUTOMOTORES,856049,,997523,No califica,,,,'2021-04-28 13:20:00','2016-11-11 08:29:03','2016-11-11 08:29:03',Resuelto,,
161111-350992,,Incidente importado desde SAC,,Emisión Masivos,Usuario Importador,Telemarketing,,,Solucionado,,,,,AUS1 - AUTOMOTORES,856052,,1298052,4 cuotas con un descuento del 25 %,,,,'2021-04-28 13:20:00','2016-11-11 08:29:03','2016-11-11 08:29:03',Resuelto,,
161111-350994,,Incidente importado desde SAC,,Emisión Masivos,Usuario Importador,Comercial,,,Solucionado,,,,,HOM1 - SEGURO DEL HOGAR,856054,,6843235,,,,,'2021-04-28 13:20:00','2016-11-11 08:29:03','2016-11-11 08:29:03',Resuelto,,
161111-350997,,Incidente importado desde SAC,,Emisión Masivos,Usuario Importador,Canal productor,,,Solucionado,,,,,APR1 - AUTOMOTORES,856057,,2899073,Modificaciones datos del producto,,,,'2021-04-28 13:20:00','2016-11-11 08:29:04','2016-11-11 08:29:04',Resuelto,,
161111-351000,,Incidente importado desde SAC,,Emisión Masivos,Usuario Importador,Telemarketing,,,Solucionado,,,,,AUS1 - AUTOMOTORES,856060,,5752136,No califica,,,,'2021-04-28 13:20:00','2016-11-11 08:29:04','2016-11-11 08:29:04',Resuelto,,
161111-351001,,Incidente importado desde SAC,,,Usuario Importador,Telemarketing,,,Solucionado,,,,,AUS1 - AUTOMOTORES,856061,,529743,Cliente para retención,,,,'2021-04-28 13:20:00','2016-11-11 08:29:04','2016-11-11 08:29:04',Atendido,,
161111-351003,,Incidente importado desde SAC,,Emisión Masivos,Usuario Importador,Comercial,,,Solucionado,,,,,AUS1 - AUTOMOTORES,856063,,1333711,Cambio de campaña,,,,'2021-04-28 13:20:00','2016-11-11 08:29:04','2016-11-11 08:29:04',Resuelto,,
161111-351004,,Incidente importado desde SAC,,Inspecciones Autos,Usuario Importador,Telemarketing,,,Solucionado,,,,,AUS1 - AUTOMOTORES,856064,,3490658,Rechazos/ Reducción de cobertura,,,,'2021-04-28 13:20:00','2016-11-11 08:29:04','2016-11-11 08:29:04',No Procedente,,
161111-351006,,Incidente importado desde SAC,,Fleet Services,Usuario Importador,Telemarketing,,,Solucionado,,,,,AUA1 - AUTOMOTORES CARTERA GENERAL,856066,,725727,Contacto del tercero,,,,'2021-04-28 13:20:00','2016-11-11 08:29:04','2016-11-11 08:29:04',Resuelto,,
161111-351008,,Incidente importado desde SAC,,Emisión Masivos,Usuario Importador,Carta Documento,,,Solucionado,,,,,AUS1 - AUTOMOTORES,856068,,3722512,Corrección de propuesta,,,,'2021-04-28 13:20:00','2016-11-11 08:29:04','2016-11-11 08:29:04',Resuelto,,
161111-351009,,Incidente importado desde SAC,,Cac,Usuario Importador,Telemarketing,,,Solucionado,,,,,AUS1 - AUTOMOTORES,856069,,3603744,Inclusión de accesorios,,,,'2021-04-28 13:20:00','2016-11-11 08:29:04','2016-11-11 08:29:04',No Procedente,,
161111-351012,,Incidente importado desde SAC,,Emisión Masivos,Usuario Importador,Telemarketing,,,Solucionado,,,,,HOM1 - SEGURO DEL HOGAR,856072,,3428846,Ampliación de Cobertura con inspección,,,,'2021-04-28 13:20:00','2016-11-11 08:29:04','2016-11-11 08:29:04',Resuelto,,
161111-351016,,Incidente importado desde SAC,,Mailing,Usuario Importador,Telemarketing,,,Solucionado,,,,,AUS1 - AUTOMOTORES,856076,,2433721,Certificado de cobertura,,,,'2021-04-28 13:20:00','2016-11-11 08:29:05','2016-11-11 08:29:05',Resuelto,,
161111-351021,,Incidente importado desde SAC,,Emisión Masivos,Usuario Importador,Telemarketing,,,Solucionado,,,,,AUS1 - AUTOMOTORES,856081,,626060,Corrección de propuesta,,,,'2021-04-28 13:20:00','2016-11-11 08:29:05','2016-11-11 08:29:05',Resuelto,,
161111-351022,,Incidente importado desde SAC,,Emisión Cartera Gral.,Usuario Importador,Telemarketing,,,Solucionado,,,,,AUT1 - AUTOMOTORES,856082,,7418168,Cartera general,,,,'2021-04-28 13:20:00','2016-11-11 08:29:05','2016-11-11 08:29:05',Resuelto,,
161111-351023,,Incidente importado desde SAC,,Emisión Masivos,Usuario Importador,Telemarketing,,,Solucionado,,,,,HOM1 - SEGURO DEL HOGAR,856083,,7159110,Baja de póliza,,,,'2021-04-28 13:20:00','2016-11-11 08:29:05','2016-11-11 08:29:05',Resuelto,,
161111-351027,,Incidente importado desde SAC,,Emisión Masivos,Usuario Importador,Telemarketing,,,Solucionado,,,,,AUS1 - AUTOMOTORES,856087,,7667611,Facturación,,,,'2021-04-28 13:20:00','2016-11-11 08:29:05','2016-11-11 08:29:05',Resuelto,,
161111-351031,,Incidente importado desde SAC,,Cac,Usuario Importador,Telemarketing,,,Solucionado,,,,,HOM1 - SEGURO DEL HOGAR,856091,,1304256,Reintegro - Automático,,,,'2021-04-28 13:20:00','2016-11-11 08:29:06','2016-11-11 08:29:06',Anulado,,
161111-351032,,Incidente importado desde SAC,,Riesgos Varios Casa Central,Usuario Importador,Carta Documento,,,Solucionado,,,,,HOM1 - SEGURO DEL HOGAR,856092,,4266408,Riesgos Varios Casa Central,,,,'2021-04-28 13:20:00','2016-11-11 08:29:06','2016-11-11 08:29:06',Resuelto,,
161111-351033,,Incidente importado desde SAC,,Juicios / mediaciones daños,Usuario Importador,Telemarketing,,,Solucionado,,,,,AUS1 - AUTOMOTORES,856093,,6524463,Daños materiales Casa Central,,,,'2021-04-28 13:20:00','2016-11-11 08:29:06','2016-11-11 08:29:06',Resuelto,,
161111-351038,,Incidente importado desde SAC,,Cac,Usuario Importador,Telemarketing,,,Solucionado,,,,,AUS1 - AUTOMOTORES,856098,,3623717,Imputación de cobranzas - Automático,,,,'2021-04-28 13:20:00','2016-11-11 08:29:06','2016-11-11 08:29:06',Resuelto,,
161111-351045,,Incidente importado desde SAC,,Emisión Masivos,Usuario Importador,Carta Documento,,,Solucionado,,,,,AUS1 - AUTOMOTORES,856105,,7467399,Modificación datos personales,,,,'2021-04-28 13:20:00','2016-11-11 08:29:07','2016-11-11 08:29:07',Resuelto,,
161111-351047,,Incidente importado desde SAC,,Emisión Masivos,Usuario Importador,Carta,,,Solucionado,,,,,AUS1 - AUTOMOTORES,856107,,1292079,Inclusión de accesorios,,,,'2021-04-28 13:20:00','2016-11-11 08:29:07','2016-11-11 08:29:07',Resuelto,,
161111-351050,,Incidente importado desde SAC,,Emisión Masivos,Usuario Importador,Canal productor,,,Solucionado,,,,,AUS1 - AUTOMOTORES,856110,,2604376,Venta,,,,'2021-04-28 13:20:00','2016-11-11 08:29:07','2016-11-11 08:29:07',Resuelto,,
161111-351054,,Incidente importado desde SAC,,,Usuario Importador,Telemarketing,,,Solucionado,,,,,AUS1 - AUTOMOTORES,856114,,4168891,Cliente para retención,,,,'2021-04-28 13:20:00','2016-11-11 08:29:07','2016-11-11 08:29:07',Atendido,,
161111-351057,,Incidente importado desde SAC,,Mailing,Usuario Importador,Telemarketing,,,Solucionado,,,,,APL1 - AUTOMOTORES PLANES,856117,,722642,Certificado de cobertura,,,,'2021-04-28 13:20:00','2016-11-11 08:29:08','2016-11-11 08:29:08',Resuelto,,
161111-351058,,Incidente importado desde SAC,,Inspecciones Autos,Usuario Importador,Telemarketing,,,Solucionado,,,,,AUS1 - AUTOMOTORES,856118,,7051066,Inspección por previa DDJJ,,,,'2021-04-28 13:20:00','2016-11-11 08:29:08','2016-11-11 08:29:08',Resuelto,,
161111-351059,,Incidente importado desde SAC,,Mailing,Usuario Importador,Telemarketing,,,Solucionado,,,,,AUS1 - AUTOMOTORES,856119,,4788996,Certificado de cobertura,,,,'2021-04-28 13:20:00','2016-11-11 08:29:09','2016-11-11 08:29:09',Resuelto,,
161111-351061,,Incidente importado desde SAC,,Emisión Masivos,Usuario Importador,Telemarketing,,,Solucionado,,,,,AUS1 - AUTOMOTORES,856121,,2300420,10 cuotas con un descuento del 15 %,,,,'2021-04-28 13:20:00','2016-11-11 08:29:09','2016-11-11 08:29:09',Resuelto,,
161111-351062,,Incidente importado desde SAC,,Emisión Masivos,Usuario Importador,Telemarketing,,,Solucionado,,,,,AUI1 - AUTOMOTORES INSTITUCIONES,856122,,4424959,No califica,,,,'2021-04-28 13:20:00','2016-11-11 08:29:09','2016-11-11 08:29:09',Resuelto,,
161111-351065,,Incidente importado desde SAC,,Daños Materiales Interior Sur,Usuario Importador,Telemarketing,,,Solucionado,,,,,APR1 - AUTOMOTORES,856125,,5165724,Daños materiales Casa Central,,,,'2021-04-28 13:20:00','2016-11-11 08:29:09','2016-11-11 08:29:09',Resuelto,,
161111-351072,,Incidente importado desde SAC,,Emisión Masivos,Usuario Importador,Carta Documento,,,Solucionado,,,,,HOM1 - SEGURO DEL HOGAR,856132,,4506177,Baja de póliza,,,,'2021-04-28 13:20:00','2016-11-11 08:29:11','2016-11-11 08:29:11',Resuelto,,
161111-351073,,Incidente importado desde SAC,,Emisión Cartera Gral.,Usuario Importador,Telemarketing,,,Solucionado,,,,,AUT1 - AUTOMOTORES,856133,,158099,Cartera general,,,,'2021-04-28 13:20:00','2016-11-11 08:29:11','2016-11-11 08:29:11',Resuelto,,
161111-351077,,Incidente importado desde SAC,,Mailing,Usuario Importador,Telemarketing,,,Solucionado,,,,,APR1 - AUTOMOTORES,856137,,3251388,Certificado de cobertura,,,,'2021-04-28 13:20:00','2016-11-11 08:29:11','2016-11-11 08:29:11',Atendido,,
161111-351080,,Incidente importado desde SAC,,Emisión Masivos,Usuario Importador,Telemarketing,,,Solucionado,,,,,HOM1 - SEGURO DEL HOGAR,856140,,915594,Propuesta incompleta,,,,'2021-04-28 13:20:00','2016-11-11 08:29:11','2016-11-11 08:29:11',Resuelto,,
161111-351082,,Incidente importado desde SAC,,Oficina Rosario,Usuario Importador,Telemarketing,,,Solucionado,,,,,APL1 - AUTOMOTORES PLANES,856142,,3387021,Daños materiales Rosario,,,,'2021-04-28 13:20:00','2016-11-11 08:29:12','2016-11-11 08:29:12',Resuelto,,
161111-351084,,Incidente importado desde SAC,,Telecobranzas,Usuario Importador,Telemarketing,,,Solucionado,,,,,AUS1 - AUTOMOTORES,856144,,3574570,No pago,,,,'2021-04-28 13:20:00','2016-11-11 08:29:12','2016-11-11 08:29:12',Atendido,,
161111-351087,,Incidente importado desde SAC,,Telemarketing,Usuario Importador,Telemarketing,,,Solucionado,,,,,AUS1 - AUTOMOTORES,856147,,2717007,Bonificación,,,,'2021-04-28 13:20:00','2016-11-11 08:29:12','2016-11-11 08:29:12',Resuelto,,
161111-351088,,Incidente importado desde SAC,,Emisión Masivos,Usuario Importador,Telemarketing,,,Solucionado,,,,,AUS1 - AUTOMOTORES,856148,,4764388,Baja de póliza,,,,'2021-04-28 13:20:00','2016-11-11 08:29:12','2016-11-11 08:29:12',Resuelto,,
161111-351090,,Incidente importado desde SAC,,Oficina Mendoza,Usuario Importador,Telemarketing,,,Solucionado,,,,,APR1 - AUTOMOTORES,856150,,5133302,Daños materiales Mendoza,,,,'2021-04-28 13:20:00','2016-11-11 08:29:12','2016-11-11 08:29:12',Resuelto,,
161111-351091,,Incidente importado desde SAC,,Emisión Masivos,Usuario Importador,Telemarketing,,,Solucionado,,,,,AUS1 - AUTOMOTORES,856151,,7783152,Baja de póliza,,,,'2021-04-28 13:20:00','2016-11-11 08:29:12','2016-11-11 08:29:12',Resuelto,,
161111-351094,,Incidente importado desde SAC,,Emisión Masivos,Usuario Importador,Telemarketing,,,Solucionado,,,,,HOM1 - SEGURO DEL HOGAR,856154,,7374980,Baja de póliza,,,,'2021-04-28 13:20:00','2016-11-11 08:29:12','2016-11-11 08:29:12',Resuelto,,
161111-351098,,Incidente importado desde SAC,,Emisión Masivos,Usuario Importador,Telemarketing,,,Solucionado,,,,,APR1 - AUTOMOTORES,856159,,2063419,Ampliación de Cobertura con inspección,,,,'2021-04-28 13:20:00','2016-11-11 08:29:13','2016-11-11 08:29:13',Resuelto,,
161111-351100,,Incidente importado desde SAC,,Cac,Usuario Importador,Telemarketing,,,Solucionado,,,,,AUS1 - AUTOMOTORES,856161,,2269456,Instalación de dispositivo de rastreo,,,,'2021-04-28 13:20:00','2016-11-11 08:29:13','2016-11-11 08:29:13',Resuelto,,
161111-351102,,Incidente importado desde SAC,,Emisión Masivos,Usuario Importador,Telemarketing,,,Solucionado,,,,,AUS1 - AUTOMOTORES,856163,,5248055,No califica,,,,'2021-04-28 13:20:00','2016-11-11 08:29:13','2016-11-11 08:29:13',Resuelto,,
161111-351103,,Incidente importado desde SAC,,Pago Telefonico,Usuario Importador,Telemarketing,,,Solucionado,,,,,AUS1 - AUTOMOTORES,856164,,4447635,Pago telefónico,,,,'2021-04-28 13:20:00','2016-11-11 08:29:13','2016-11-11 08:29:13',Resuelto,,
161111-351107,,Incidente importado desde SAC,,Emisión Masivos,Usuario Importador,Telemarketing,,,Solucionado,,,,,AUS1 - AUTOMOTORES,856168,,384417,Rechazos/ Reducción de cobertura,,,,'2021-04-28 13:20:00','2016-11-11 08:29:13','2016-11-11 08:29:13',Resuelto,,
161111-351108,,Incidente importado desde SAC,,Daños Materiales Interior Sur,Usuario Importador,Telemarketing,,,Solucionado,,,,,AUS1 - AUTOMOTORES,856169,,2814989,Daños materiales Interior Sur,,,,'2021-04-28 13:20:00','2016-11-11 08:29:13','2016-11-11 08:29:13',Resuelto,,
161111-351110,,Incidente importado desde SAC,,Emisión Masivos,Usuario Importador,Especialistas,,,Solucionado,,,,,AUS1 - AUTOMOTORES,856171,,4500181,No califica,,,,'2021-04-28 13:20:00','2016-11-11 08:29:13','2016-11-11 08:29:13',Resuelto,,
161111-351113,,Incidente importado desde SAC,,Cobranzas Automático,Usuario Importador,Telemarketing,,,Solucionado,,,,,AUI1 - AUTOMOTORES INSTITUCIONES,856174,,6412256,No califica,,,,'2021-04-28 13:20:00','2016-11-11 08:29:14','2016-11-11 08:29:14',Resuelto,,
161111-351121,,Incidente importado desde SAC,,Riesgos Varios Casa Central,Usuario Importador,Telemarketing,,,Solucionado,,,,,HOM1 - SEGURO DEL HOGAR,856182,,2030705,Riesgos Varios Casa Central,,,,'2021-04-28 13:20:00','2016-11-11 08:29:14','2016-11-11 08:29:14',Resuelto,,
161111-351124,,Incidente importado desde SAC,,Emisión Masivos,Usuario Importador,Telemarketing,,,Solucionado,,,,,AUS1 - AUTOMOTORES,856185,,4700770,No califica,,,,'2021-04-28 13:20:00','2016-11-11 08:29:14','2016-11-11 08:29:14',Resuelto,,
161111-351128,,Incidente importado desde SAC,,Riesgos Varios Casa Central,Usuario Importador,Telemarketing,,,Solucionado,,,,,HOM1 - SEGURO DEL HOGAR,856189,,4338232,Riesgos Varios Casa Central,,,,'2021-04-28 13:20:00','2016-11-11 08:29:15','2016-11-11 08:29:15',Resuelto,,
161111-351129,,Incidente importado desde SAC,,Cac,Usuario Importador,Telemarketing,,,Solucionado,,,,,AUA1 - AUTOMOTORES CARTERA GENERAL,856190,,7765348,Cartera general,,,,'2021-04-28 13:20:00','2016-11-11 08:29:15','2016-11-11 08:29:15',Anulado,,
161111-351132,,Incidente importado desde SAC,,Telemarketing,Usuario Importador,Telemarketing,,,Solucionado,,,,,HOM1 - SEGURO DEL HOGAR,856193,,5536613,Corrección de propuesta,,,,'2021-04-28 13:20:00','2016-11-11 08:29:15','2016-11-11 08:29:15',Resuelto,,
161111-351133,,Incidente importado desde SAC,,Emisión Masivos,Usuario Importador,Carta,,,Solucionado,,,,,AUS1 - AUTOMOTORES,856194,,2952823,No califica,,,,'2021-04-28 13:20:00','2016-11-11 08:29:15','2016-11-11 08:29:15',Resuelto,,
161111-351137,,Incidente importado desde SAC,,Emisión Masivos,Usuario Importador,Comercial,,,Solucionado,,,,,AUS1 - AUTOMOTORES,856198,,3833914,Corrección de propuesta,,,,'2021-04-28 13:20:00','2016-11-11 08:29:16','2016-11-11 08:29:16',Resuelto,,
161111-351141,,Incidente importado desde SAC,,Emisión Masivos,Usuario Importador,Telemarketing,,,Solucionado,,,,,AUS1 - AUTOMOTORES,856202,,4531437,Inspección por previa,,,,'2021-04-28 13:20:00','2016-11-11 08:29:16','2016-11-11 08:29:16',Resuelto,,
161111-351143,,Incidente importado desde SAC,,Mailing,Usuario Importador,Telemarketing,,,Solucionado,,,,,AUS1 - AUTOMOTORES,856204,,2314243,Certificado de cobertura,,,,'2021-04-28 13:20:00','2016-11-11 08:29:16','2016-11-11 08:29:16',Resuelto,,
161111-351145,,Incidente importado desde SAC,,Emisión Masivos,Usuario Importador,Telemarketing,,,Solucionado,,,,,HOM1 - SEGURO DEL HOGAR,856206,,6742660,Ampliación de Cobertura con inspección,,,,'2021-04-28 13:20:00','2016-11-11 08:29:17','2016-11-11 08:29:17',Resuelto,,
161111-351146,,Incidente importado desde SAC,,Telecobranzas,Usuario Importador,Telemarketing,,,Solucionado,,,,,HOM1 - SEGURO DEL HOGAR,856207,,1852033,Mensaje,,,,'2021-04-28 13:20:00','2016-11-11 08:29:17','2016-11-11 08:29:17',Atendido,,
161111-351147,,Incidente importado desde SAC,,Cac,Usuario Importador,Telemarketing,,,Solucionado,,,,,HOM1 - SEGURO DEL HOGAR,856208,,1300377,Recotización,,,,'2021-04-28 13:20:00','2016-11-11 08:29:17','2016-11-11 08:29:17',Resuelto,,
161111-351152,,Incidente importado desde SAC,,Cobranzas Automático,Usuario Importador,Canal productor,,,Solucionado,,,,,AUS1 - AUTOMOTORES,856213,,1265453,Modificación medio de pago,,,,'2021-04-28 13:20:00','2016-11-11 08:29:17','2016-11-11 08:29:17',No Procedente,,
161111-351153,,Incidente importado desde SAC,,Mailing,Usuario Importador,Carta Documento,,,Solucionado,,,,,AUS1 - AUTOMOTORES,856214,,2899784,Certificado de cobertura,,,,'2021-04-28 13:20:00','2016-11-11 08:29:17','2016-11-11 08:29:17',Atendido,,
161111-351156,,Incidente importado desde SAC,,Emisión Masivos,Usuario Importador,Telemarketing,,,Solucionado,,,,,AUS1 - AUTOMOTORES,856217,,1408257,Baja de póliza,,,,'2021-04-28 13:20:00','2016-11-11 08:29:17','2016-11-11 08:29:17',Resuelto,,
161111-351159,,Incidente importado desde SAC,,Mailing,Usuario Importador,Telemarketing,,,Solucionado,,,,,APL1 - AUTOMOTORES PLANES,856219,,2025126,Certificado de cobertura,,,,'2021-04-28 13:20:00','2016-11-11 08:29:18','2016-11-11 08:29:18',Resuelto,,
161111-351161,,Incidente importado desde SAC,,Mailing,Usuario Importador,Telemarketing,,,Solucionado,,,,,AUS1 - AUTOMOTORES,856221,,4587810,Certificado de cobertura,,,,'2021-04-28 13:20:00','2016-11-11 08:29:18','2016-11-11 08:29:18',Atendido,,
161111-351163,,Incidente importado desde SAC,,Inspecciones Autos,Usuario Importador,Telemarketing,,,Solucionado,,,,,AUS1 - AUTOMOTORES,856223,,6888141,Inspección por previa DDJJ,,,,'2021-04-28 13:20:00','2016-11-11 08:29:18','2016-11-11 08:29:18',Resuelto,,
161111-351164,,Incidente importado desde SAC,,Inspecciones Autos,Usuario Importador,Telemarketing,,,Solucionado,,,,,AUS1 - AUTOMOTORES,856224,,1214449,Inspección por previa DDJJ,,,,'2021-04-28 13:20:00','2016-11-11 08:29:18','2016-11-11 08:29:18',Resuelto,,
161111-351165,,Incidente importado desde SAC,,Emisión Masivos,Usuario Importador,Telemarketing,,,Solucionado,,,,,AUS1 - AUTOMOTORES,856225,,3486420,Rechazos/ Reducción de cobertura,,,,'2021-04-28 13:20:00','2016-11-11 08:29:18','2016-11-11 08:29:18',Resuelto,,
161111-351168,,Incidente importado desde SAC,,Emisión Masivos,Usuario Importador,Telemarketing,,,Solucionado,,,,,AUS1 - AUTOMOTORES,856228,,3690916,Rechazos/ Reducción de cobertura,,,,'2021-04-28 13:20:00','2016-11-11 08:29:18','2016-11-11 08:29:18',Resuelto,,
161111-351171,,Incidente importado desde SAC,,Emisión Masivos,Usuario Importador,Telemarketing,,,Solucionado,,,,,APR1 - AUTOMOTORES,856231,,7855003,Rechazos/ Reducción de cobertura,,,,'2021-04-28 13:20:00','2016-11-11 08:29:19','2016-11-11 08:29:19',Resuelto,,
161111-351172,,Incidente importado desde SAC,,Telecobranzas,Usuario Importador,Telemarketing,,,Solucionado,,,,,AUS1 - AUTOMOTORES,856232,,1097083,Mensaje,,,,'2021-04-28 13:20:00','2016-11-11 08:29:19','2016-11-11 08:29:19',Atendido,,
161111-351174,,Incidente importado desde SAC,,Mailing,Usuario Importador,Telemarketing,,,Solucionado,,,,,APR1 - AUTOMOTORES,856234,,2022690,Certificado de cobertura,,,,'2021-04-28 13:20:00','2016-11-11 08:29:19','2016-11-11 08:29:19',Atendido,,
161111-351175,,Incidente importado desde SAC,,Fleet Services,Usuario Importador,Telemarketing,,,Solucionado,,,,,AUT1 - AUTOMOTORES,856235,,1425077,Contacto del tercero,,,,'2021-04-28 13:20:00','2016-11-11 08:29:19','2016-11-11 08:29:19',Resuelto,,
161111-351176,,Incidente importado desde SAC,,Emisión Masivos,Usuario Importador,Carta,,,Solucionado,,,,,AUS1 - AUTOMOTORES,856236,,622828,Modificación datos personales,,,,'2021-04-28 13:20:00','2016-11-11 08:29:19','2016-11-11 08:29:19',Resuelto,,
161111-351180,,Incidente importado desde SAC,,Emisión Masivos,Usuario Importador,Telemarketing,,,Solucionado,,,,,AUS1 - AUTOMOTORES,856240,,2602527,Baja de póliza,,,,'2021-04-28 13:20:00','2016-11-11 08:29:19','2016-11-11 08:29:19',Resuelto,,
161111-351185,,Incidente importado desde SAC,,Inspecciones Autos,Usuario Importador,Telemarketing,,,Solucionado,,,,,AUS1 - AUTOMOTORES,856245,,3438172,Inspección por previa DDJJ,,,,'2021-04-28 13:20:00','2016-11-11 08:29:19','2016-11-11 08:29:19',Resuelto,,
161111-351187,,Incidente importado desde SAC,,Emisión Masivos,Usuario Importador,Telemarketing,,,Solucionado,,,,,HOM1 - SEGURO DEL HOGAR,856247,,6081799,Rehabilitación de póliza sin Inspección,,,,'2021-04-28 13:20:00','2016-11-11 08:29:20','2016-11-11 08:29:20',Resuelto,,
161111-351188,,Incidente importado desde SAC,,Emisión Masivos,Usuario Importador,Telemarketing,,,Solucionado,,,,,AUS1 - AUTOMOTORES,856248,,2714275,8 cuotas con un descuento del 15 %,,,,'2021-04-28 13:20:00','2016-11-11 08:29:20','2016-11-11 08:29:20',Resuelto,,
161111-351189,,Incidente importado desde SAC,,Emisión Masivos,Usuario Importador,Telemarketing,,,Solucionado,,,,,HOM1 - SEGURO DEL HOGAR,856249,,7636642,Baja de póliza,,,,'2021-04-28 13:20:00','2016-11-11 08:29:20','2016-11-11 08:29:20',Resuelto,,
161111-351190,,Incidente importado desde SAC,,Drive in Centro,Usuario Importador,Telemarketing,,,Solucionado,,,,,AUS1 - AUTOMOTORES,856250,,2145720,Daños materiales Casa Central,,,,'2021-04-28 13:20:00','2016-11-11 08:29:20','2016-11-11 08:29:20',Resuelto,,
161111-351198,,Incidente importado desde SAC,,,Usuario Importador,Telemarketing,,,Solucionado,,,,,AUS1 - AUTOMOTORES,856258,,944040,Cliente para retención,,,,'2021-04-28 13:20:00','2016-11-11 08:29:21','2016-11-11 08:29:21',Atendido,,
161111-351200,,Incidente importado desde SAC,,Inspecciones Autos,Usuario Importador,Telemarketing,,,Solucionado,,,,,AUS1 - AUTOMOTORES,856260,,3381446,Inspección por previa DDJJ,,,,'2021-04-28 13:20:00','2016-11-11 08:29:21','2016-11-11 08:29:21',Resuelto,,
161111-351201,,Incidente importado desde SAC,,Cobranzas Automático,Usuario Importador,Telemarketing,,,Solucionado,,,,,HOM1 - SEGURO DEL HOGAR,856261,,6059015,Reintegro - Automático,,,,'2021-04-28 13:20:00','2016-11-11 08:29:21','2016-11-11 08:29:21',Resuelto,,
161111-351205,,Incidente importado desde SAC,,Drive in San Isidro,Usuario Importador,Telemarketing,,,Solucionado,,,,,APR1 - AUTOMOTORES,856265,,4505489,Daños materiales drive in San Isidro,,,,'2021-04-28 13:20:00','2016-11-11 08:29:23','2016-11-11 08:29:23',Resuelto,,
161111-351208,,Incidente importado desde SAC,,Inspecciones Autos,Usuario Importador,Telemarketing,,,Solucionado,,,,,AUS1 - AUTOMOTORES,856269,,3268836,Inspección por previa DDJJ,,,,'2021-04-28 13:20:00','2016-11-11 08:29:23','2016-11-11 08:29:23',Resuelto,,
161111-351210,,Incidente importado desde SAC,,Riesgos Varios Casa Central,Usuario Importador,Telemarketing,,,Solucionado,,,,,HOM1 - SEGURO DEL HOGAR,856271,,6752545,Riesgos Varios Casa Central,,,,'2021-04-28 13:20:00','2016-11-11 08:29:23','2016-11-11 08:29:23',Resuelto,,
161111-351212,,Incidente importado desde SAC,,Juicios Lesiones,Usuario Importador,Telemarketing,,,Solucionado,,,,,APL1 - AUTOMOTORES PLANES,856273,,360298,Lesiones,,,,'2021-04-28 13:20:00','2016-11-11 08:29:23','2016-11-11 08:29:23',Resuelto,,
161111-351215,,Incidente importado desde SAC,,Emisión Masivos,Usuario Importador,Carta,,,Solucionado,,,,,AUS1 - AUTOMOTORES,856276,,5111857,No califica,,,,'2021-04-28 13:20:00','2016-11-11 08:29:24','2016-11-11 08:29:24',Resuelto,,
161111-351218,,Incidente importado desde SAC,,Emisión Masivos,Usuario Importador,Telemarketing,,,Solucionado,,,,,APL1 - AUTOMOTORES PLANES,856279,,5340817,Modificaciones datos del producto,,,,'2021-04-28 13:20:00','2016-11-11 08:29:24','2016-11-11 08:29:24',Resuelto,,
161111-351229,,Incidente importado desde SAC,,Cobranzas Automático,Usuario Importador,Comercial,,,Solucionado,,,,,HOM1 - SEGURO DEL HOGAR,856290,,1836873,Venta,,,,'2021-04-28 13:20:00','2016-11-11 08:29:25','2016-11-11 08:29:25',Resuelto,,
161111-351230,,Incidente importado desde SAC,,Inspecciones Autos,Usuario Importador,Telemarketing,,,Solucionado,,,,,AUS1 - AUTOMOTORES,856291,,7758150,Inspección por previa DDJJ,,,,'2021-04-28 13:20:00','2016-11-11 08:29:25','2016-11-11 08:29:25',Resuelto,,
161111-351234,,Incidente importado desde SAC,,Lesiones,Usuario Importador,Telemarketing,,,Solucionado,,,,,AUT1 - AUTOMOTORES,856295,,656893,Tercero lesionado,,,,'2021-04-28 13:20:00','2016-11-11 08:29:25','2016-11-11 08:29:25',Resuelto,,
161111-351235,,Incidente importado desde SAC,,Gerencia Concesionaria,Usuario Importador,Carta Documento,,,Solucionado,,,,,APL1 - AUTOMOTORES PLANES,856296,,3185866,Rechazos/ Reducción de cobertura,,,,'2021-04-28 13:20:00','2016-11-11 08:29:26','2016-11-11 08:29:26',Resuelto,,
161111-351238,,Incidente importado desde SAC,,Emisión Masivos,Usuario Importador,Comercial,,,Solucionado,,,,,AUS1 - AUTOMOTORES,856299,,6914913,Corrección de propuesta,,,,'2021-04-28 13:20:00','2016-11-11 08:29:26','2016-11-11 08:29:26',Resuelto,,
161111-351244,,Incidente importado desde SAC,,Emisión Masivos,Usuario Importador,Telemarketing,,,Solucionado,,,,,AUS1 - AUTOMOTORES,856305,,3792132,Baja de póliza,,,,'2021-04-28 13:20:00','2016-11-11 08:29:26','2016-11-11 08:29:26',Resuelto,,
161111-351249,,Incidente importado desde SAC,,Emisión Masivos,Usuario Importador,Carta Documento,,,Solucionado,,,,,AUS1 - AUTOMOTORES,856309,,2173983,Modificaciones datos del producto,,,,'2021-04-28 13:20:00','2016-11-11 08:29:27','2016-11-11 08:29:27',Resuelto,,
161111-351250,,Incidente importado desde SAC,,Mailing,Usuario Importador,Telemarketing,,,Solucionado,,,,,HOM1 - SEGURO DEL HOGAR,856310,,781407,Certificado de cobertura,,,,'2021-04-28 13:20:00','2016-11-11 08:29:27','2016-11-11 08:29:27',Resuelto,,
161111-351255,,Incidente importado desde SAC,,Riesgos Varios Casa Central,Usuario Importador,Telemarketing,,,Solucionado,,,,,HOM1 - SEGURO DEL HOGAR,856315,,2128427,Riesgos Varios Casa Central,,,,'2021-04-28 13:20:00','2016-11-11 08:29:27','2016-11-11 08:29:27',Resuelto,,
161111-351256,,Incidente importado desde SAC,,Pago Telefonico,Usuario Importador,Telemarketing,,,Solucionado,,,,,AUS1 - AUTOMOTORES,856316,,3247859,Pago telefónico,,,,'2021-04-28 13:20:00','2016-11-11 08:29:28','2016-11-11 08:29:28',Resuelto,,
161111-351258,,Incidente importado desde SAC,,Emisión Masivos,Usuario Importador,Telemarketing,,,Solucionado,,,,,AUS1 - AUTOMOTORES,856318,,424094,Rechazos/ Reducción de cobertura,,,,'2021-04-28 13:20:00','2016-11-11 08:29:28','2016-11-11 08:29:28',Resuelto,,
161111-351260,,Incidente importado desde SAC,,Emisión Masivos,Usuario Importador,Telemarketing,,,Solucionado,,,,,AUS1 - AUTOMOTORES,856320,,4177610,Rechazos/ Reducción de cobertura,,,,'2021-04-28 13:20:00','2016-11-11 08:29:28','2016-11-11 08:29:28',Resuelto,,
161111-351262,,Incidente importado desde SAC,,Emisión Masivos,Usuario Importador,Telemarketing,,,Solucionado,,,,,AUS1 - AUTOMOTORES,856322,,4513241,No califica,,,,'2021-04-28 13:20:00','2016-11-11 08:29:28','2016-11-11 08:29:28',Resuelto,,
161111-351263,,Incidente importado desde SAC,,Emisión Masivos,Usuario Importador,Telemarketing,,,Solucionado,,,,,APR1 - AUTOMOTORES,856323,,3607104,Rechazos/ Reducción de cobertura,,,,'2021-04-28 13:20:00','2016-11-11 08:29:28','2016-11-11 08:29:28',Resuelto,,
161111-351264,,Incidente importado desde SAC,,Emisión Masivos,Usuario Importador,Canal productor,,,Solucionado,,,,,AUS1 - AUTOMOTORES,856324,,7653813,Corrección de propuesta,,,,'2021-04-28 13:20:00','2016-11-11 08:29:28','2016-11-11 08:29:28',Resuelto,,
161111-351266,,Incidente importado desde SAC,,Inspecciones Autos,Usuario Importador,Telemarketing,,,Solucionado,,,,,AUS1 - AUTOMOTORES,856326,,5208626,Inspección por previa DDJJ,,,,'2021-04-28 13:20:00','2016-11-11 08:29:28','2016-11-11 08:29:28',Resuelto,,
161111-351268,,Incidente importado desde SAC,,Mailing,Usuario Importador,Telemarketing,,,Solucionado,,,,,AUS1 - AUTOMOTORES,856328,,1187001,Certificado de cobertura,,,,'2021-04-28 13:20:00','2016-11-11 08:29:28','2016-11-11 08:29:28',Resuelto,,
161111-351269,,Incidente importado desde SAC,,Emisión Masivos,Usuario Importador,Telemarketing,,,Solucionado,,,,,APR1 - AUTOMOTORES,856329,,3642687,Modificación datos personales,,,,'2021-04-28 13:20:00','2016-11-11 08:29:28','2016-11-11 08:29:28',Resuelto,,
161111-351276,,Incidente importado desde SAC,,Emisión Cartera Gral.,Usuario Importador,Carta Documento,,,Solucionado,,,,,AUA1 - AUTOMOTORES CARTERA GENERAL,856336,,1288672,Cartera general,,,,'2021-04-28 13:20:00','2016-11-11 08:29:29','2016-11-11 08:29:29',Resuelto,,
161111-351277,,Incidente importado desde SAC,,Emisión Masivos,Usuario Importador,Telemarketing,,,Solucionado,,,,,AUS1 - AUTOMOTORES,856337,,3213537,4 cuotas con un descuento del 25 %,,,,'2021-04-28 13:20:00','2016-11-11 08:29:29','2016-11-11 08:29:29',Resuelto,,
161111-351280,,Incidente importado desde SAC,,Emisión Masivos,Usuario Importador,Telemarketing,,,Solucionado,,,,,AUS1 - AUTOMOTORES,856340,,269933,Baja de póliza,,,,'2021-04-28 13:20:00','2016-11-11 08:29:29','2016-11-11 08:29:29',Resuelto,,
161111-351281,,Incidente importado desde SAC,,Inspecciones Autos,Usuario Importador,Telemarketing,,,Solucionado,,,,,AUS1 - AUTOMOTORES,856341,,3264333,Inspección por previa DDJJ,,,,'2021-04-28 13:20:00','2016-11-11 08:29:29','2016-11-11 08:29:29',Resuelto,,
161111-351283,,Incidente importado desde SAC,,Cac,Usuario Importador,Telemarketing,,,Solucionado,,,,,AUS1 - AUTOMOTORES,856343,,3926835,Facturación,,,,'2021-04-28 13:20:00','2016-11-11 08:29:29','2016-11-11 08:29:29',No Procedente,,
161111-351285,,Incidente importado desde SAC,,Emisión Masivos,Usuario Importador,Especialistas,,,Solucionado,,,,,AUS1 - AUTOMOTORES,856345,,3162328,Modificaciones datos del producto,,,,'2021-04-28 13:20:00','2016-11-11 08:29:30','2016-11-11 08:29:30',Resuelto,,
161111-351287,,Incidente importado desde SAC,,,Usuario Importador,Telemarketing,,,Solucionado,,,,,AUS1 - AUTOMOTORES,856347,,3404150,Cliente para retención,,,,'2021-04-28 13:20:00','2016-11-11 08:29:30','2016-11-11 08:29:30',Atendido,,
161111-351288,,Incidente importado desde SAC,,,Usuario Importador,Telemarketing,,,Solucionado,,,,,AUS1 - AUTOMOTORES,856348,,3399732,Cliente para retención,,,,'2021-04-28 13:20:00','2016-11-11 08:29:30','2016-11-11 08:29:30',Atendido,,
161111-351290,,Incidente importado desde SAC,,Mailing,Usuario Importador,Telemarketing,,,Solucionado,,,,,HOM1 - SEGURO DEL HOGAR,856350,,4087716,Certificado de cobertura,,,,'2021-04-28 13:20:00','2016-11-11 08:29:30','2016-11-11 08:29:30',Resuelto,,
161111-351293,,Incidente importado desde SAC,,Emisión Masivos,Usuario Importador,Telemarketing,,,Solucionado,,,,,AUS1 - AUTOMOTORES,856353,,7483808,Propuesta incompleta,,,,'2021-04-28 13:20:00','2016-11-11 08:29:30','2016-11-11 08:29:30',Resuelto,,
161111-351296,,Incidente importado desde SAC,,Emisión Masivos,Usuario Importador,Telemarketing,,,Solucionado,,,,,AUS1 - AUTOMOTORES,856356,,7641049,,,,,'2021-04-28 13:20:00','2016-11-11 08:29:30','2016-11-11 08:29:30',Resuelto,,
161111-351298,,Incidente importado desde SAC,,,Usuario Importador,Telemarketing,,,Solucionado,,,,,AUS1 - AUTOMOTORES,856358,,7862320,Cliente para retención,,,,'2021-04-28 13:20:00','2016-11-11 08:29:30','2016-11-11 08:29:30',Atendido,,
161111-351300,,Incidente importado desde SAC,,Emisión Masivos,Usuario Importador,Carta,,,Solucionado,,,,,AUS1 - AUTOMOTORES,856360,,3524607,Reducción de cobertura,,,,'2021-04-28 13:20:00','2016-11-11 08:29:30','2016-11-11 08:29:30',Resuelto,,
161111-351304,,Incidente importado desde SAC,,Emisión Masivos,Usuario Importador,Telemarketing,,,Solucionado,,,,,AUS1 - AUTOMOTORES,856364,,3825825,No califica,,,,'2021-04-28 13:20:00','2016-11-11 08:29:31','2016-11-11 08:29:31',Resuelto,,
161111-351305,,Incidente importado desde SAC,,,Usuario Importador,Canal productor,,,Solucionado,,,,,AUS1 - AUTOMOTORES,856365,,3055538,Cliente para retención,,,,'2021-04-28 13:20:00','2016-11-11 08:29:31','2016-11-11 08:29:31',Atendido,,
161111-351306,,Incidente importado desde SAC,,Emisión Masivos,Usuario Importador,Especialistas,,,Solucionado,,,,,AUS1 - AUTOMOTORES,856366,,1723302,Anulación de propuesta,,,,'2021-04-28 13:20:00','2016-11-11 08:29:31','2016-11-11 08:29:31',Resuelto,,
161111-351311,,Incidente importado desde SAC,,Emisión Masivos,Usuario Importador,Telemarketing,,,Solucionado,,,,,AUS1 - AUTOMOTORES,856371,,7037407,No califica,,,,'2021-04-28 13:20:00','2016-11-11 08:29:31','2016-11-11 08:29:31',Resuelto,,
161111-351312,,Incidente importado desde SAC,,Emisión Masivos,Usuario Importador,Telemarketing,,,Solucionado,,,,,AUS1 - AUTOMOTORES,856372,,2926328,Baja de póliza,,,,'2021-04-28 13:20:00','2016-11-11 08:29:31','2016-11-11 08:29:31',Resuelto,,
161111-351313,,Incidente importado desde SAC,,Drive in Ciudadela,Usuario Importador,Telemarketing,,,Solucionado,,,,,APL1 - AUTOMOTORES PLANES,856373,,3460517,Daños materiales drive in Ciudadela,,,,'2021-04-28 13:20:00','2016-11-11 08:29:31','2016-11-11 08:29:31',Resuelto,,
161111-351315,,Incidente importado desde SAC,,Emisión Masivos,Usuario Importador,Comercial,,,Solucionado,,,,,HOM1 - SEGURO DEL HOGAR,856375,,274143,,,,,'2021-04-28 13:20:00','2016-11-11 08:29:31','2016-11-11 08:29:31',Resuelto,,
161111-351320,,Incidente importado desde SAC,,Mailing,Usuario Importador,Telemarketing,,,Solucionado,,,,,APR1 - AUTOMOTORES,856380,,3279037,Certificado de cobertura,,,,'2021-04-28 13:20:00','2016-11-11 08:29:32','2016-11-11 08:29:32',Resuelto,,
161111-351321,,Incidente importado desde SAC,,Emisión Masivos,Usuario Importador,Especialistas,,,Solucionado,,,,,AUS1 - AUTOMOTORES,856381,,3515722,No califica,,,,'2021-04-28 13:20:00','2016-11-11 08:29:32','2016-11-11 08:29:32',Resuelto,,
161111-351323,,Incidente importado desde SAC,,Cobranzas Automático,Usuario Importador,Telemarketing,,,Solucionado,,,,,AUS1 - AUTOMOTORES,856383,,7040979,Reintegro - Automático,,,,'2021-04-28 13:20:00','2016-11-11 08:29:32','2016-11-11 08:29:32',Atendido,,
161111-351327,,Incidente importado desde SAC,,Fleet Services,Usuario Importador,Telemarketing,,,Solucionado,,,,,AUS1 - AUTOMOTORES,856387,,285464,Contacto del tercero,,,,'2021-04-28 13:20:00','2016-11-11 08:29:32','2016-11-11 08:29:32',Resuelto,,
161111-351329,,Incidente importado desde SAC,,Cac,Usuario Importador,Telemarketing,,,Solucionado,,,,,APL1 - AUTOMOTORES PLANES,856389,,3516766,Daños materiales Cleas,,,,'2021-04-28 13:20:00','2016-11-11 08:29:32','2016-11-11 08:29:32',No Procedente,,
161111-351333,,Incidente importado desde SAC,,Fleet Services,Usuario Importador,Telemarketing,,,Solucionado,,,,,APR1 - AUTOMOTORES,856393,,4327264,Contacto del tercero,,,,'2021-04-28 13:20:00','2016-11-11 08:29:32','2016-11-11 08:29:32',Resuelto,,
161111-351338,,Incidente importado desde SAC,,Emisión Masivos,Usuario Importador,Comercial,,,Solucionado,,,,,HOM1 - SEGURO DEL HOGAR,856398,,1099437,Baja de póliza,,,,'2021-04-28 13:20:00','2016-11-11 08:29:33','2016-11-11 08:29:33',Resuelto,,
161111-351343,,Incidente importado desde SAC,,Fleet Services,Usuario Importador,Telemarketing,,,Solucionado,,,,,AUS1 - AUTOMOTORES,856403,,2262530,Contacto del tercero,,,,'2021-04-28 13:20:00','2016-11-11 08:29:33','2016-11-11 08:29:33',Resuelto,,
161111-351344,,Incidente importado desde SAC,,Mailing,Usuario Importador,Carta Documento,,,Solucionado,,,,,AUI1 - AUTOMOTORES INSTITUCIONES,856404,,4672986,Certificado de cobertura,,,,'2021-04-28 13:20:00','2016-11-11 08:29:34','2016-11-11 08:29:34',Resuelto,,
161111-351347,,Incidente importado desde SAC,,Gerencia Venta Directa,Usuario Importador,Telemarketing,,,Solucionado,,,,,AUS1 - AUTOMOTORES,856407,,532410,Propuesta incompleta,,,,'2021-04-28 13:20:00','2016-11-11 08:29:34','2016-11-11 08:29:34',Resuelto,,
161111-351350,,Incidente importado desde SAC,,Lesiones,Usuario Importador,Telemarketing,,,Solucionado,,,,,APR1 - AUTOMOTORES,856410,,3486621,Tercero lesionado,,,,'2021-04-28 13:20:00','2016-11-11 08:29:34','2016-11-11 08:29:34',Resuelto,,
161111-351351,,Incidente importado desde SAC,,Inspecciones Autos,Usuario Importador,Telemarketing,,,Solucionado,,,,,AUS1 - AUTOMOTORES,856411,,297814,Inspección por previa DDJJ,,,,'2021-04-28 13:20:00','2016-11-11 08:29:35','2016-11-11 08:29:35',Resuelto,,
161111-351359,,Incidente importado desde SAC,,Telemarketing,Usuario Importador,Carta Documento,,,Solucionado,,,,,AUS1 - AUTOMOTORES,856419,,2232883,10 cuotas con un descuento del 15 %,,,,'2021-04-28 13:20:00','2016-11-11 08:29:36','2016-11-11 08:29:36',Resuelto,,
161111-351360,,Incidente importado desde SAC,,Lesiones,Usuario Importador,Telemarketing,,,Solucionado,,,,,AUI1 - AUTOMOTORES INSTITUCIONES,856420,,3447006,Lesiones,,,,'2021-04-28 13:20:00','2016-11-11 08:29:36','2016-11-11 08:29:36',Resuelto,,
161111-351361,,Incidente importado desde SAC,,Mailing,Usuario Importador,Telemarketing,,,Solucionado,,,,,AUS1 - AUTOMOTORES,856421,,2477305,Certificado de cobertura,,,,'2021-04-28 13:20:00','2016-11-11 08:29:37','2016-11-11 08:29:37',Resuelto,,
161111-351362,,Incidente importado desde SAC,,Emisión Masivos,Usuario Importador,Telemarketing,,,Solucionado,,,,,AUI1 - AUTOMOTORES INSTITUCIONES,856422,,3517402,Modificaciones datos del producto,,,,'2021-04-28 13:20:00','2016-11-11 08:29:37','2016-11-11 08:29:37',Resuelto,,
161111-351363,,Incidente importado desde SAC,,Mailing,Usuario Importador,Telemarketing,,,Solucionado,,,,,AUS1 - AUTOMOTORES,856423,,2565005,Certificado de cobertura,,,,'2021-04-28 13:20:00','2016-11-11 08:29:37','2016-11-11 08:29:37',Resuelto,,
161111-351366,,Incidente importado desde SAC,,Inspecciones Autos,Usuario Importador,Telemarketing,,,Solucionado,,,,,AUS1 - AUTOMOTORES,856426,,3797575,Inspección por previa DDJJ,,,,'2021-04-28 13:20:00','2016-11-11 08:29:37','2016-11-11 08:29:37',Resuelto,,
161111-351368,,Incidente importado desde SAC,,Emisión Masivos,Usuario Importador,Telemarketing,,,Solucionado,,,,,HOM1 - SEGURO DEL HOGAR,856428,,3455049,Alta de póliza con inspección,,,,'2021-04-28 13:20:00','2016-11-11 08:29:37','2016-11-11 08:29:37',Resuelto,,
161111-351370,,Incidente importado desde SAC,,Emisión Masivos,Usuario Importador,Telemarketing,,,Solucionado,,,,,AUS1 - AUTOMOTORES,856430,,415585,Referidos,,,,'2021-04-28 13:20:00','2016-11-11 08:29:37','2016-11-11 08:29:37',Resuelto,,
161111-351371,,Incidente importado desde SAC,,Inspecciones Autos,Usuario Importador,Telemarketing,,,Solucionado,,,,,AUS1 - AUTOMOTORES,856431,,3490337,Inspección por previa DDJJ,,,,'2021-04-28 13:20:00','2016-11-11 08:29:38','2016-11-11 08:29:38',Resuelto,,
161111-351372,,Incidente importado desde SAC,,Cobranzas Efectivo,Usuario Importador,Telemarketing,,,Solucionado,,,,,AUS1 - AUTOMOTORES,856432,,1721798,No califica,,,,'2021-04-28 13:20:00','2016-11-11 08:29:38','2016-11-11 08:29:38',Resuelto,,
161111-351378,,Incidente importado desde SAC,,Emisión Masivos,Usuario Importador,Carta,,,Solucionado,,,,,AUS1 - AUTOMOTORES,856438,,4341776,No califica,,,,'2021-04-28 13:20:00','2016-11-11 08:29:38','2016-11-11 08:29:38',Resuelto,,
161111-351384,,Incidente importado desde SAC,,Emisión Masivos,Usuario Importador,Telemarketing,,,Solucionado,,,,,AUS1 - AUTOMOTORES,856444,,2746516,Baja de póliza,,,,'2021-04-28 13:20:00','2016-11-11 08:29:39','2016-11-11 08:29:39',Resuelto,,
161111-351392,,Incidente importado desde SAC,,Emisión Masivos,Usuario Importador,Telemarketing,,,Solucionado,,,,,AUS1 - AUTOMOTORES,856452,,5126795,Baja de póliza,,,,'2021-04-28 13:20:00','2016-11-11 08:29:39','2016-11-11 08:29:39',Resuelto,,
161111-351395,,Incidente importado desde SAC,,Mailing,Usuario Importador,Telemarketing,,,Solucionado,,,,,AUS1 - AUTOMOTORES,856455,,3489063,,,,,'2021-04-28 13:20:00','2016-11-11 08:29:39','2016-11-11 08:29:39',Resuelto,,
161111-351399,,Incidente importado desde SAC,,,Usuario Importador,Telemarketing,,,Solucionado,,,,,AUS1 - AUTOMOTORES,856459,,5467523,Cliente para retención,,,,'2021-04-28 13:20:00','2016-11-11 08:29:39','2016-11-11 08:29:39',Atendido,,
161111-351403,,Incidente importado desde SAC,,Emisión Masivos,Usuario Importador,Telemarketing,,,Solucionado,,,,,AUS1 - AUTOMOTORES,856463,,6102069,Baja de póliza,,,,'2021-04-28 13:20:00','2016-11-11 08:29:40','2016-11-11 08:29:40',Resuelto,,
161111-351405,,Incidente importado desde SAC,,,Usuario Importador,Telemarketing,,,Solucionado,,,,,AUS1 - AUTOMOTORES,856465,,7289510,Cliente para retención,,,,'2021-04-28 13:20:00','2016-11-11 08:29:40','2016-11-11 08:29:40',Atendido,,
161111-351406,,Incidente importado desde SAC,,Emisión Masivos,Usuario Importador,Canal productor,,,Solucionado,,,,,AUS1 - AUTOMOTORES,856466,,7100528,No califica,,,,'2021-04-28 13:20:00','2016-11-11 08:29:40','2016-11-11 08:29:40',Resuelto,,
161111-351407,,Incidente importado desde SAC,,Lesiones,Usuario Importador,Telemarketing,,,Solucionado,,,,,AUS1 - AUTOMOTORES,856467,,2517837,Tercero lesionado,,,,'2021-04-28 13:20:00','2016-11-11 08:29:40','2016-11-11 08:29:40',Resuelto,,
161111-351410,,Incidente importado desde SAC,,Emisión Masivos,Usuario Importador,Telemarketing,,,Solucionado,,,,,HOM1 - SEGURO DEL HOGAR,856470,,5673056,Propuesta incompleta,,,,'2021-04-28 13:20:00','2016-11-11 08:29:40','2016-11-11 08:29:40',Resuelto,,
161111-351412,,Incidente importado desde SAC,,Riesgos Varios Casa Central,Usuario Importador,Telemarketing,,,Solucionado,,,,,HOM1 - SEGURO DEL HOGAR,856472,,6017743,Riesgos Varios Casa Central,,,,'2021-04-28 13:20:00','2016-11-11 08:29:40','2016-11-11 08:29:40',Resuelto,,
161111-351413,,Incidente importado desde SAC,,Lesiones,Usuario Importador,Telemarketing,,,Solucionado,,,,,AUA1 - AUTOMOTORES CARTERA GENERAL,856473,,4340482,Tercero lesionado,,,,'2021-04-28 13:20:00','2016-11-11 08:29:40','2016-11-11 08:29:40',Resuelto,,
161111-351414,,Incidente importado desde SAC,,Emisión Masivos,Usuario Importador,Telemarketing,,,Solucionado,,,,,APR1 - AUTOMOTORES,856474,,3430388,Ampliación de Cobertura con inspección,,,,'2021-04-28 13:20:00','2016-11-11 08:29:40','2016-11-11 08:29:40',Resuelto,,
161111-351415,,Incidente importado desde SAC,,Emisión Masivos,Usuario Importador,Telemarketing,,,Solucionado,,,,,HOM1 - SEGURO DEL HOGAR,856475,,3681579,Alta de póliza con inspección,,,,'2021-04-28 13:20:00','2016-11-11 08:29:40','2016-11-11 08:29:40',Resuelto,,
161111-351417,,Incidente importado desde SAC,,Emisión Masivos,Usuario Importador,Telemarketing,,,Solucionado,,,,,AUS1 - AUTOMOTORES,856477,,5833750,4 cuotas con un descuento del 25 %,,,,'2021-04-28 13:20:00','2016-11-11 08:29:40','2016-11-11 08:29:40',Resuelto,,
161111-351419,,Incidente importado desde SAC,,Riesgos Varios Casa Central,Usuario Importador,Telemarketing,,,Solucionado,,,,,EGE1 - EXT.GARANTIA ELECTRO,856479,,2993160,Atenc. Serv. Tecn (Stro ext. de gtías),,,,'2021-04-28 13:20:00','2016-11-11 08:29:40','2016-11-11 08:29:40',Resuelto,,
161111-351420,,Incidente importado desde SAC,,Emisión Masivos,Usuario Importador,Canal productor,,,Solucionado,,,,,AUS1 - AUTOMOTORES,856480,,6155469,No califica,,,,'2021-04-28 13:20:00','2016-11-11 08:29:41','2016-11-11 08:29:41',Resuelto,,
161111-351422,,Incidente importado desde SAC,,Emisión Masivos,Usuario Importador,Telemarketing,,,Solucionado,,,,,AUS1 - AUTOMOTORES,856482,,7534328,Baja de póliza,,,,'2021-04-28 13:20:00','2016-11-11 08:29:41','2016-11-11 08:29:41',Resuelto,,
161111-351423,,Incidente importado desde SAC,,Oficina Mendoza,Usuario Importador,Telemarketing,,,Solucionado,,,,,AUS1 - AUTOMOTORES,856483,,7017039,Daños materiales Mendoza,,,,'2021-04-28 13:20:00','2016-11-11 08:29:41','2016-11-11 08:29:41',Resuelto,,
161111-351426,,Incidente importado desde SAC,,Inspecciones Autos,Usuario Importador,Telemarketing,,,Solucionado,,,,,APR1 - AUTOMOTORES,856486,,4460755,Rechazos/ Reducción de cobertura,,,,'2021-04-28 13:20:00','2016-11-11 08:29:41','2016-11-11 08:29:41',No Procedente,,
161111-351427,,Incidente importado desde SAC,,Emisión Masivos,Usuario Importador,Carta,,,Solucionado,,,,,HOM1 - SEGURO DEL HOGAR,856487,,6089836,No califica,,,,'2021-04-28 13:20:00','2016-11-11 08:29:41','2016-11-11 08:29:41',Resuelto,,
161111-351429,,Incidente importado desde SAC,,Mailing,Usuario Importador,Telemarketing,,,Solucionado,,,,,AUI1 - AUTOMOTORES INSTITUCIONES,856489,,2168726,Certificado de cobertura,,,,'2021-04-28 13:20:00','2016-11-11 08:29:41','2016-11-11 08:29:41',Resuelto,,
161111-351432,,Incidente importado desde SAC,,Emisión Masivos,Usuario Importador,Telemarketing,,,Solucionado,,,,,AUS1 - AUTOMOTORES,856492,,3440110,No califica,,,,'2021-04-28 13:20:00','2016-11-11 08:29:41','2016-11-11 08:29:41',Resuelto,,
161111-351433,,Incidente importado desde SAC,,Riesgos Varios Casa Central,Usuario Importador,Telemarketing,,,Solucionado,,,,,HOM1 - SEGURO DEL HOGAR,856493,,3759897,Riesgos Varios Casa Central,,,,'2021-04-28 13:20:00','2016-11-11 08:29:41','2016-11-11 08:29:41',Resuelto,,
161111-351435,,Incidente importado desde SAC,,Emisión Masivos,Usuario Importador,Especialistas,,,Solucionado,,,,,AUI1 - AUTOMOTORES INSTITUCIONES,856495,,3908025,No califica,,,,'2021-04-28 13:20:00','2016-11-11 08:29:41','2016-11-11 08:29:41',Resuelto,,
161111-351438,,Incidente importado desde SAC,,Emisión Masivos,Usuario Importador,Telemarketing,,,Solucionado,,,,,AUS1 - AUTOMOTORES,856499,,5163688,Ampliación de Cobertura con inspección,,,,'2021-04-28 13:20:00','2016-11-11 08:29:42','2016-11-11 08:29:42',Resuelto,,
161111-351439,,Incidente importado desde SAC,,Inspecciones Autos,Usuario Importador,Telemarketing,,,Solucionado,,,,,AUS1 - AUTOMOTORES,856500,,7788530,Inspección por previa DDJJ,,,,'2021-04-28 13:20:00','2016-11-11 08:29:42','2016-11-11 08:29:42',Resuelto,,
161111-351442,,Incidente importado desde SAC,,,Usuario Importador,Telemarketing,,,Solucionado,,,,,AUS1 - AUTOMOTORES,856503,,2746516,Cliente para retención,,,,'2021-04-28 13:20:00','2016-11-11 08:29:42','2016-11-11 08:29:42',Atendido,,
161111-351447,,Incidente importado desde SAC,,Emisión Masivos,Usuario Importador,Telemarketing,,,Solucionado,,,,,AUS1 - AUTOMOTORES,856508,,3424115,Anulación de propuesta,,,,'2021-04-28 13:20:00','2016-11-11 08:29:42','2016-11-11 08:29:42',Resuelto,,
161111-351448,,Incidente importado desde SAC,,Emisión Cartera Gral.,Usuario Importador,Telemarketing,,,Solucionado,,,,,AUA1 - AUTOMOTORES CARTERA GENERAL,856509,,4569435,Cartera general,,,,'2021-04-28 13:20:00','2016-11-11 08:29:42','2016-11-11 08:29:42',Resuelto,,
161111-351449,,Incidente importado desde SAC,,Cobranzas Automático,Usuario Importador,Telemarketing,,,Solucionado,,,,,AUS1 - AUTOMOTORES,856510,,2615703,Facturación,,,,'2021-04-28 13:20:00','2016-11-11 08:29:42','2016-11-11 08:29:42',Resuelto,,
161111-351458,,Incidente importado desde SAC,,Drive in San Isidro,Usuario Importador,Telemarketing,,,Solucionado,,,,,AUS1 - AUTOMOTORES,856519,,3537792,Inspección por siniestros,,,,'2021-04-28 13:20:00','2016-11-11 08:29:43','2016-11-11 08:29:43',Resuelto,,
161111-351462,,Incidente importado desde SAC,,Emisión Masivos,Usuario Importador,Telemarketing,,,Solucionado,,,,,HOM1 - SEGURO DEL HOGAR,856523,,445211,Baja de póliza,,,,'2021-04-28 13:20:00','2016-11-11 08:29:43','2016-11-11 08:29:43',Resuelto,,
161111-351463,,Incidente importado desde SAC,,Emisión Masivos,Usuario Importador,Telemarketing,,,Solucionado,,,,,AUS1 - AUTOMOTORES,856524,,3521377,Baja de póliza,,,,'2021-04-28 13:20:00','2016-11-11 08:29:43','2016-11-11 08:29:43',Resuelto,,
161111-351466,,Incidente importado desde SAC,,Mailing,Usuario Importador,Telemarketing,,,Solucionado,,,,,APR1 - AUTOMOTORES,856527,,4532027,Certificado de cobertura,,,,'2021-04-28 13:20:00','2016-11-11 08:29:43','2016-11-11 08:29:43',Resuelto,,
161111-351471,,Incidente importado desde SAC,,Emisión Masivos,Usuario Importador,Telemarketing,,,Solucionado,,,,,AUS1 - AUTOMOTORES,856532,,2731888,Baja de póliza,,,,'2021-04-28 13:20:00','2016-11-11 08:29:44','2016-11-11 08:29:44',Resuelto,,
161111-351472,,Incidente importado desde SAC,,Emisión Masivos,Usuario Importador,Telemarketing,,,Solucionado,,,,,HOM1 - SEGURO DEL HOGAR,856533,,6027725,Ampliación de Cobertura con inspección,,,,'2021-04-28 13:20:00','2016-11-11 08:29:44','2016-11-11 08:29:44',Resuelto,,
161111-351474,,Incidente importado desde SAC,,Emisión Masivos,Usuario Importador,Carta,,,Solucionado,,,,,AUS1 - AUTOMOTORES,856535,,5342937,4 cuotas con un descuento del 25 %,,,,'2021-04-28 13:20:00','2016-11-11 08:29:44','2016-11-11 08:29:44',Resuelto,,
161111-351476,,Incidente importado desde SAC,,Emisión Masivos,Usuario Importador,Telemarketing,,,Solucionado,,,,,AUS1 - AUTOMOTORES,856537,,7398582,Baja de póliza,,,,'2021-04-28 13:20:00','2016-11-11 08:29:44','2016-11-11 08:29:44',Resuelto,,
161111-351478,,Incidente importado desde SAC,,Mailing,Usuario Importador,Telemarketing,,,Solucionado,,,,,AUS1 - AUTOMOTORES,856539,,3595133,Certificado de cobertura,,,,'2021-04-28 13:20:00','2016-11-11 08:29:44','2016-11-11 08:29:44',Resuelto,,
161111-351480,,Incidente importado desde SAC,,Emisión Cartera Gral.,Usuario Importador,Telemarketing,,,Solucionado,,,,,AUS1 - AUTOMOTORES,856541,,7007755,Venta trailer,,,,'2021-04-28 13:20:00','2016-11-11 08:29:44','2016-11-11 08:29:44',Resuelto,,
161111-351482,,Incidente importado desde SAC,,Emisión Masivos,Usuario Importador,Telemarketing,,,Solucionado,,,,,AUS1 - AUTOMOTORES,856543,,6493775,4 cuotas con un descuento del 25 %,,,,'2021-04-28 13:20:00','2016-11-11 08:29:44','2016-11-11 08:29:44',Resuelto,,
161111-351483,,Incidente importado desde SAC,,,Usuario Importador,Telemarketing,,,Solucionado,,,,,AUS1 - AUTOMOTORES,856544,,7424986,Cliente para retención,,,,'2021-04-28 13:20:00','2016-11-11 08:29:44','2016-11-11 08:29:44',Atendido,,
161111-351486,,Incidente importado desde SAC,,Prestadores,Usuario Importador,Telemarketing,,,Solucionado,,,,,HOM1 - SEGURO DEL HOGAR,856547,,3411111,Reintegro Ibero,,,,'2021-04-28 13:20:00','2016-11-11 08:29:45','2016-11-11 08:29:45',No Procedente,,
161111-351492,,Incidente importado desde SAC,,Emisión Masivos,Usuario Importador,Telemarketing,,,Solucionado,,,,,AUS1 - AUTOMOTORES,856553,,1024593,Baja de póliza,,,,'2021-04-28 13:20:00','2016-11-11 08:29:45','2016-11-11 08:29:45',Resuelto,,
161111-351498,,Incidente importado desde SAC,,Inspecciones Autos,Usuario Importador,Telemarketing,,,Solucionado,,,,,AUS1 - AUTOMOTORES,856559,,2003264,Inspección por previa DDJJ,,,,'2021-04-28 13:20:00','2016-11-11 08:29:46','2016-11-11 08:29:46',Resuelto,,
161111-351503,,Incidente importado desde SAC,,Emisión Masivos,Usuario Importador,Telemarketing,,,Solucionado,,,,,HOM1 - SEGURO DEL HOGAR,856564,,1269108,No califica,,,,'2021-04-28 13:20:00','2016-11-11 08:29:46','2016-11-11 08:29:46',Resuelto,,
161111-351505,,Incidente importado desde SAC,,Drive in Lanus,Usuario Importador,Telemarketing,,,Solucionado,,,,,AUS1 - AUTOMOTORES,856566,,5256259,Daños materiales drive in Lanús,,,,'2021-04-28 13:20:00','2016-11-11 08:29:46','2016-11-11 08:29:46',Resuelto,,
161111-351511,,Incidente importado desde SAC,,Emisión Cartera Gral.,Usuario Importador,Telemarketing,,,Solucionado,,,,,AUT1 - AUTOMOTORES,856572,,2931924,Cartera general,,,,'2021-04-28 13:20:00','2016-11-11 08:29:47','2016-11-11 08:29:47',Resuelto,,
161111-351513,,Incidente importado desde SAC,,Emisión Masivos,Usuario Importador,Comercial,,,Solucionado,,,,,HOM1 - SEGURO DEL HOGAR,856574,,2309772,,,,,'2021-04-28 13:20:00','2016-11-11 08:29:47','2016-11-11 08:29:47',Resuelto,,
161111-351515,,Incidente importado desde SAC,,Oficina Cordoba,Usuario Importador,Telemarketing,,,Solucionado,,,,,HOM1 - SEGURO DEL HOGAR,856576,,5759997,Riesgos Varios Cordoba,,,,'2021-04-28 13:20:00','2016-11-11 08:29:47','2016-11-11 08:29:47',Resuelto,,
161111-351519,,Incidente importado desde SAC,,Emisión Masivos,Usuario Importador,Carta,,,Solucionado,,,,,AUS1 - AUTOMOTORES,856580,,989595,No califica,,,,'2021-04-28 13:20:00','2016-11-11 08:29:49','2016-11-11 08:29:49',Resuelto,,
161111-351521,,Incidente importado desde SAC,,,Usuario Importador,Telemarketing,,,Solucionado,,,,,AUS1 - AUTOMOTORES,856582,,6212271,Cliente para retención,,,,'2021-04-28 13:20:00','2016-11-11 08:29:49','2016-11-11 08:29:49',Atendido,,
161111-351524,,Incidente importado desde SAC,,Emisión Masivos,Usuario Importador,Telemarketing,,,Solucionado,,,,,AUS1 - AUTOMOTORES,856585,,3427657,Rechazos/ Reducción de cobertura,,,,'2021-04-28 13:20:00','2016-11-11 08:29:49','2016-11-11 08:29:49',Resuelto,,
161111-351526,,Incidente importado desde SAC,,,Usuario Importador,Telemarketing,,,Solucionado,,,,,AUS1 - AUTOMOTORES,856587,,1415833,Cliente para retención,,,,'2021-04-28 13:20:00','2016-11-11 08:29:49','2016-11-11 08:29:49',Atendido,,
161111-351527,,Incidente importado desde SAC,,Emisión Masivos,Usuario Importador,Telemarketing,,,Solucionado,,,,,HOM1 - SEGURO DEL HOGAR,856588,,6725999,No califica,,,,'2021-04-28 13:20:00','2016-11-11 08:29:50','2016-11-11 08:29:50',Resuelto,,
161111-351531,,Incidente importado desde SAC,,Oficina Mendoza,Usuario Importador,Telemarketing,,,Solucionado,,,,,AUT1 - AUTOMOTORES,856593,,3412114,Daños materiales Mendoza,,,,'2021-04-28 13:20:00','2016-11-11 08:29:50','2016-11-11 08:29:50',Resuelto,,
161111-351532,,Incidente importado desde SAC,,Lesiones,Usuario Importador,Telemarketing,,,Solucionado,,,,,AUT1 - AUTOMOTORES,856594,,1789662,Tercero lesionado,,,,'2021-04-28 13:20:00','2016-11-11 08:29:50','2016-11-11 08:29:50',Resuelto,,
161111-351534,,Incidente importado desde SAC,,Emisión Masivos,Usuario Importador,Telemarketing,,,Solucionado,,,,,AUS1 - AUTOMOTORES,856596,,2879067,Rechazos/ Reducción de cobertura,,,,'2021-04-28 13:20:00','2016-11-11 08:29:51','2016-11-11 08:29:51',Resuelto,,
161111-351538,,Incidente importado desde SAC,,,Usuario Importador,Telemarketing,,,Solucionado,,,,,AUS1 - AUTOMOTORES,856600,,2705880,Cliente para retención,,,,'2021-04-28 13:20:00','2016-11-11 08:29:51','2016-11-11 08:29:51',Atendido,,
161111-351543,,Incidente importado desde SAC,,Emisión Masivos,Usuario Importador,Telemarketing,,,Solucionado,,,,,HOM1 - SEGURO DEL HOGAR,856605,,1133599,Baja de póliza,,,,'2021-04-28 13:20:00','2016-11-11 08:29:51','2016-11-11 08:29:51',Resuelto,,
161111-351545,,Incidente importado desde SAC,,Emisión Masivos,Usuario Importador,Telemarketing,,,Solucionado,,,,,HOM1 - SEGURO DEL HOGAR,856607,,6252239,Ampliación de Cobertura con inspección,,,,'2021-04-28 13:20:00','2016-11-11 08:29:51','2016-11-11 08:29:51',Resuelto,,
161111-351546,,Incidente importado desde SAC,,,Usuario Importador,Telemarketing,,,Solucionado,,,,,AUS1 - AUTOMOTORES,856608,,817952,Cliente para retención,,,,'2021-04-28 13:20:00','2016-11-11 08:29:51','2016-11-11 08:29:51',Atendido,,
161111-351547,,Incidente importado desde SAC,,Emisión Masivos,Usuario Importador,Telemarketing,,,Solucionado,,,,,HOM1 - SEGURO DEL HOGAR,856609,,1371794,Baja de póliza,,,,'2021-04-28 13:20:00','2016-11-11 08:29:51','2016-11-11 08:29:51',Resuelto,,
161111-351548,,Incidente importado desde SAC,,Emisión Masivos,Usuario Importador,Telemarketing,,,Solucionado,,,,,AUS1 - AUTOMOTORES,856610,,4468152,Rechazos/ Reducción de cobertura,,,,'2021-04-28 13:20:00','2016-11-11 08:29:51','2016-11-11 08:29:51',Resuelto,,
161111-351549,,Incidente importado desde SAC,,Inspecciones Autos,Usuario Importador,Telemarketing,,,Solucionado,,,,,AUS1 - AUTOMOTORES,856611,,1022089,Inspección por previa DDJJ,,,,'2021-04-28 13:20:00','2016-11-11 08:29:51','2016-11-11 08:29:51',Resuelto,,
161111-351552,,Incidente importado desde SAC,,Cleas,Usuario Importador,Telemarketing,,,Solucionado,,,,,APR1 - AUTOMOTORES,856614,,7188146,Daños materiales Cleas,,,,'2021-04-28 13:20:00','2016-11-11 08:29:51','2016-11-11 08:29:51',Resuelto,,
161111-351553,,Incidente importado desde SAC,,Mailing,Usuario Importador,Telemarketing,,,Solucionado,,,,,AUS1 - AUTOMOTORES,856615,,3862765,Certificado de cobertura,,,,'2021-04-28 13:20:00','2016-11-11 08:29:52','2016-11-11 08:29:52',Resuelto,,
161111-351568,,Incidente importado desde SAC,,Emisión Masivos,Usuario Importador,Telemarketing,,,Solucionado,,,,,AUS1 - AUTOMOTORES,856630,,4485864,Corrección de propuesta,,,,'2021-04-28 13:20:00','2016-11-11 08:29:52','2016-11-11 08:29:52',Resuelto,,
161111-351570,,Incidente importado desde SAC,,Gerencia Clientes,Usuario Importador,Telemarketing,,,Solucionado,,,,,AUS1 - AUTOMOTORES,856632,,6906190,Certificado de cobertura,,,,'2021-04-28 13:20:00','2016-11-11 08:29:53','2016-11-11 08:29:53',Resuelto,,
161111-351571,,Incidente importado desde SAC,,Emisión Masivos,Usuario Importador,Telemarketing,,,Solucionado,,,,,AUS1 - AUTOMOTORES,856633,,6766966,Baja de póliza,,,,'2021-04-28 13:20:00','2016-11-11 08:29:53','2016-11-11 08:29:53',Resuelto,,
161111-351577,,Incidente importado desde SAC,,Emisión Masivos,Usuario Importador,Telemarketing,,,Solucionado,,,,,AUS1 - AUTOMOTORES,856639,,136418,No califica,,,,'2021-04-28 13:20:00','2016-11-11 08:29:53','2016-11-11 08:29:53',Resuelto,,
161111-351578,,Incidente importado desde SAC,,Telecobranzas,Usuario Importador,Telemarketing,,,Solucionado,,,,,AUI1 - AUTOMOTORES INSTITUCIONES,856640,,5318159,No contesta,,,,'2021-04-28 13:20:00','2016-11-11 08:29:53','2016-11-11 08:29:53',Atendido,,
161111-351582,,Incidente importado desde SAC,,Emisión Masivos,Usuario Importador,Canal productor,,,Solucionado,,,,,AUS1 - AUTOMOTORES,856644,,5901292,Venta,,,,'2021-04-28 13:20:00','2016-11-11 08:29:53','2016-11-11 08:29:53',Resuelto,,
161111-351590,,Incidente importado desde SAC,,Emisión Masivos,Usuario Importador,Especialistas,,,Solucionado,,,,,AUS1 - AUTOMOTORES,856652,,1166378,Modificaciones datos del producto,,,,'2021-04-28 13:20:00','2016-11-11 08:29:54','2016-11-11 08:29:54',Resuelto,,
161111-351593,,Incidente importado desde SAC,,Emisión Masivos,Usuario Importador,Carta,,,Solucionado,,,,,AUS1 - AUTOMOTORES,856655,,7751257,Baja de póliza,,,,'2021-04-28 13:20:00','2016-11-11 08:29:54','2016-11-11 08:29:54',Resuelto,,
161111-351594,,Incidente importado desde SAC,,Mailing,Usuario Importador,Telemarketing,,,Solucionado,,,,,HOM1 - SEGURO DEL HOGAR,856656,,3409820,Modificación medio de pago,,,,'2021-04-28 13:20:00','2016-11-11 08:29:54','2016-11-11 08:29:54',No Procedente,,
161111-351597,,Incidente importado desde SAC,,Emisión Masivos,Usuario Importador,Telemarketing,,,Solucionado,,,,,AUS1 - AUTOMOTORES,856659,,4171684,Baja de póliza,,,,'2021-04-28 13:20:00','2016-11-11 08:29:54','2016-11-11 08:29:54',Resuelto,,
161111-351600,,Incidente importado desde SAC,,Emisión Masivos,Usuario Importador,Telemarketing,,,Solucionado,,,,,AUS1 - AUTOMOTORES,856662,,3486849,No califica,,,,'2021-04-28 13:20:00','2016-11-11 08:29:54','2016-11-11 08:29:54',Resuelto,,
161111-351601,,Incidente importado desde SAC,,Emisión Masivos,Usuario Importador,Telemarketing,,,Solucionado,,,,,HOM1 - SEGURO DEL HOGAR,856663,,3701247,Ampliación de Cobertura con ddjj,,,,'2021-04-28 13:20:00','2016-11-11 08:29:54','2016-11-11 08:29:54',Resuelto,,
161111-351603,,Incidente importado desde SAC,,Inspecciones Autos,Usuario Importador,Telemarketing,,,Solucionado,,,,,AUI1 - AUTOMOTORES INSTITUCIONES,856665,,1886543,Rechazos/ Reducción de cobertura,,,,'2021-04-28 13:20:00','2016-11-11 08:29:54','2016-11-11 08:29:54',No Procedente,,
161111-351605,,Incidente importado desde SAC,,,Usuario Importador,Telemarketing,,,Solucionado,,,,,AUS1 - AUTOMOTORES,856667,,4759347,Cliente para retención,,,,'2021-04-28 13:20:00','2016-11-11 08:29:55','2016-11-11 08:29:55',Atendido,,
161111-351606,,Incidente importado desde SAC,,Inspecciones Autos,Usuario Importador,Telemarketing,,,Solucionado,,,,,AUS1 - AUTOMOTORES,856668,,2662753,Rechazos/ Reducción de cobertura,,,,'2021-04-28 13:20:00','2016-11-11 08:29:55','2016-11-11 08:29:55',No Procedente,,
161111-351614,,Incidente importado desde SAC,,Emisión Masivos,Usuario Importador,Telemarketing,,,Solucionado,,,,,AUS1 - AUTOMOTORES,856676,,1786735,Baja de póliza,,,,'2021-04-28 13:20:00','2016-11-11 08:29:55','2016-11-11 08:29:55',Resuelto,,
161111-351618,,Incidente importado desde SAC,,Daños Materiales Autos,Usuario Importador,Telemarketing,,,Solucionado,,,,,APR1 - AUTOMOTORES,856680,,3521894,Daños materiales Casa Central,,,,'2021-04-28 13:20:00','2016-11-11 08:29:56','2016-11-11 08:29:56',Resuelto,,
161111-351623,,Incidente importado desde SAC,,Emisión Masivos,Usuario Importador,Telemarketing,,,Solucionado,,,,,AUS1 - AUTOMOTORES,856685,,781842,No califica,,,,'2021-04-28 13:20:00','2016-11-11 08:29:56','2016-11-11 08:29:56',Resuelto,,
161111-351627,,Incidente importado desde SAC,,Emisión Masivos,Usuario Importador,Telemarketing,,,Solucionado,,,,,AUS1 - AUTOMOTORES,856689,,4112880,Baja de póliza,,,,'2021-04-28 13:20:00','2016-11-11 08:29:56','2016-11-11 08:29:56',Resuelto,,
161111-351635,,Incidente importado desde SAC,,Drive in Ciudadela,Usuario Importador,Telemarketing,,,Solucionado,,,,,APR1 - AUTOMOTORES,856697,,5383864,Daños materiales drive in Ciudadela,,,,'2021-04-28 13:20:00','2016-11-11 08:29:56','2016-11-11 08:29:56',Resuelto,,
161111-351636,,Incidente importado desde SAC,,Emisión Masivos,Usuario Importador,Carta,,,Solucionado,,,,,AUS1 - AUTOMOTORES,856698,,270931,Baja de póliza,,,,'2021-04-28 13:20:00','2016-11-11 08:29:56','2016-11-11 08:29:56',Resuelto,,
161111-351638,,Incidente importado desde SAC,,Drive in Lanus,Usuario Importador,Telemarketing,,,Solucionado,,,,,AUS1 - AUTOMOTORES,856700,,376467,Daños materiales drive in Lanús,,,,'2021-04-28 13:20:00','2016-11-11 08:29:56','2016-11-11 08:29:56',Resuelto,,
161111-351639,,Incidente importado desde SAC,,Emisión Masivos,Usuario Importador,Especialistas,,,Solucionado,,,,,AUS1 - AUTOMOTORES,856701,,4859800,Venta,,,,'2021-04-28 13:20:00','2016-11-11 08:29:56','2016-11-11 08:29:56',Resuelto,,
161111-351641,,Incidente importado desde SAC,,Cac,Usuario Importador,Telemarketing,,,Solucionado,,,,,AUI1 - AUTOMOTORES INSTITUCIONES,856703,,3490530,Rehabilitación de póliza con Inspección,,,,'2021-04-28 13:20:00','2016-11-11 08:29:57','2016-11-11 08:29:57',No Procedente,,
161111-351157,,,,Emisión Masivos,Verónica Beatriz Peralta,Canal productor,,,Solucionado,,,45810,,AUS1 - AUTOMOTORES,856705,,3412694,4 cuotas con un descuento del 15 %,,,,'2021-04-28 13:20:00','2016-11-11 08:29:57','2016-11-16 14:34:14',Resuelto,,
161111-351643,,Incidente importado desde SAC,,,Usuario Importador,Telemarketing,,,Solucionado,,,,,AUS1 - AUTOMOTORES,856706,,4524996,Cliente para retención,,,,'2021-04-28 13:20:00','2016-11-11 08:29:57','2016-11-11 08:29:57',Atendido,,
161111-351648,,Incidente importado desde SAC,,Emisión Masivos,Usuario Importador,Telemarketing,,,Solucionado,,,,,AUS1 - AUTOMOTORES,856711,,3336763,No califica,,,,'2021-04-28 13:20:00','2016-11-11 08:29:57','2016-11-11 08:29:57',Resuelto,,
161111-351651,,Incidente importado desde SAC,,Emisión Masivos,Usuario Importador,Telemarketing,,,Solucionado,,,,,AUS1 - AUTOMOTORES,856714,,2078900,Ampliación de Cobertura con inspección,,,,'2021-04-28 13:20:00','2016-11-11 08:29:58','2016-11-11 08:29:58',Resuelto,,
161111-351653,,Incidente importado desde SAC,,Oficina Rosario,Usuario Importador,Telemarketing,,,Solucionado,,,,,HOM1 - SEGURO DEL HOGAR,856716,,3628326,Riesgos Varios Rosario,,,,'2021-04-28 13:20:00','2016-11-11 08:29:58','2016-11-11 08:29:58',Resuelto,,
161111-351654,,Incidente importado desde SAC,,Cac,Usuario Importador,Telemarketing,,,Solucionado,,,,,AUS1 - AUTOMOTORES,856717,,1432273,Imputación de cobranzas - Automático,,,,'2021-04-28 13:20:00','2016-11-11 08:29:58','2016-11-11 08:29:58',No Procedente,,
161111-351659,,Incidente importado desde SAC,,Emisión Masivos,Usuario Importador,Telemarketing,,,Solucionado,,,,,HOM1 - SEGURO DEL HOGAR,856722,,837633,Modificación datos de hogar sin inspección,,,,'2021-04-28 13:20:00','2016-11-11 08:29:58','2016-11-11 08:29:58',Resuelto,,
161111-351660,,Incidente importado desde SAC,,,Usuario Importador,Telemarketing,,,Solucionado,,,,,AUS1 - AUTOMOTORES,856723,,1263833,Cliente para retención,,,,'2021-04-28 13:20:00','2016-11-11 08:29:59','2016-11-11 08:29:59',Atendido,,
161111-351663,,Incidente importado desde SAC,,Inspecciones Autos,Usuario Importador,Telemarketing,,,Solucionado,,,,,AUS1 - AUTOMOTORES,856726,,7597612,Inspección por previa DDJJ,,,,'2021-04-28 13:20:00','2016-11-11 08:29:59','2016-11-11 08:29:59',Resuelto,,
161111-351666,,Incidente importado desde SAC,,Emisión Masivos,Usuario Importador,Telemarketing,,,Solucionado,,,,,HOM1 - SEGURO DEL HOGAR,856729,,6932615,Propuesta incompleta,,,,'2021-04-28 13:20:00','2016-11-11 08:29:59','2016-11-11 08:29:59',Resuelto,,
161111-351668,,Incidente importado desde SAC,,,Usuario Importador,Telemarketing,,,Solucionado,,,,,AUS1 - AUTOMOTORES,856731,,4945264,Cliente para retención,,,,'2021-04-28 13:20:00','2016-11-11 08:29:59','2016-11-11 08:29:59',Atendido,,
161111-351670,,Incidente importado desde SAC,,Emisión Masivos,Usuario Importador,Canal productor,,,Solucionado,,,,,AUS1 - AUTOMOTORES,856733,,1046605,Corrección de propuesta,,,,'2021-04-28 13:20:00','2016-11-11 08:29:59','2016-11-11 08:29:59',Resuelto,,
161111-351671,,Incidente importado desde SAC,,Emisión Masivos,Usuario Importador,Telemarketing,,,Solucionado,,,,,AUS1 - AUTOMOTORES,856734,,482761,No califica,,,,'2021-04-28 13:20:00','2016-11-11 08:30:00','2016-11-11 08:30:00',Resuelto,,
161111-351679,,Incidente importado desde SAC,,Emisión Masivos,Usuario Importador,Telemarketing,,,Solucionado,,,,,AUS1 - AUTOMOTORES,856742,,3264526,4 cuotas con un descuento del 25 %,,,,'2021-04-28 13:20:00','2016-11-11 08:30:00','2016-11-11 08:30:00',Resuelto,,
161111-351683,,Incidente importado desde SAC,,Emisión Masivos,Usuario Importador,Comercial,,,Solucionado,,,,,HOM1 - SEGURO DEL HOGAR,856746,,3458693,,,,,'2021-04-28 13:20:00','2016-11-11 08:30:01','2016-11-11 08:30:01',Resuelto,,
161111-351684,,Incidente importado desde SAC,,Emisión Masivos,Usuario Importador,Telemarketing,,,Solucionado,,,,,AUS1 - AUTOMOTORES,856747,,1889322,Baja de póliza,,,,'2021-04-28 13:20:00','2016-11-11 08:30:01','2016-11-11 08:30:01',Resuelto,,
161111-351687,,Incidente importado desde SAC,,Cac,Usuario Importador,Telemarketing,,,Solucionado,,,,,AUS1 - AUTOMOTORES,856750,,4349929,Excepción comercial vigente,,,,'2021-04-28 13:20:00','2016-11-11 08:30:01','2016-11-11 08:30:01',Resuelto,,
161111-351691,,Incidente importado desde SAC,,Inspecciones Autos,Usuario Importador,Telemarketing,,,Solucionado,,,,,AUS1 - AUTOMOTORES,856754,,422783,Inspección por previa DDJJ,,,,'2021-04-28 13:20:00','2016-11-11 08:30:01','2016-11-11 08:30:01',Resuelto,,
161111-351692,,Incidente importado desde SAC,,,Usuario Importador,Telemarketing,,,Solucionado,,,,,AUS1 - AUTOMOTORES,856755,,5742985,Cliente para retención,,,,'2021-04-28 13:20:00','2016-11-11 08:30:02','2016-11-11 08:30:02',Atendido,,
161111-351694,,Incidente importado desde SAC,,Cleas,Usuario Importador,Telemarketing,,,Solucionado,,,,,APR1 - AUTOMOTORES,856757,,3836712,Daños materiales Cleas,,,,'2021-04-28 13:20:00','2016-11-11 08:30:02','2016-11-11 08:30:02',Resuelto,,
161111-351698,,Incidente importado desde SAC,,Telecobranzas,Usuario Importador,Telemarketing,,,Solucionado,,,,,AUS1 - AUTOMOTORES,856761,,3758902,Contestador,,,,'2021-04-28 13:20:00','2016-11-11 08:30:03','2016-11-11 08:30:03',Atendido,,
161111-351701,,Incidente importado desde SAC,,Emisión Masivos,Usuario Importador,Carta Documento,,,Solucionado,,,,,AUI1 - AUTOMOTORES INSTITUCIONES,856764,,3102278,Certificado de cobertura,,,,'2021-04-28 13:20:00','2016-11-11 08:30:03','2016-11-11 08:30:03',Resuelto,,
161111-351707,,Incidente importado desde SAC,,Emisión Masivos,Usuario Importador,Carta Documento,,,Solucionado,,,,,AUS1 - AUTOMOTORES,856770,,6706731,Modificaciones datos del producto,,,,'2021-04-28 13:20:00','2016-11-11 08:30:03','2016-11-11 08:30:03',Resuelto,,
161111-351711,,Incidente importado desde SAC,,Drive in Libertador,Usuario Importador,Telemarketing,,,Solucionado,,,,,AUS1 - AUTOMOTORES,856774,,7252752,Daños materiales drive in Libertador,,,,'2021-04-28 13:20:00','2016-11-11 08:30:03','2016-11-11 08:30:03',Resuelto,,
161111-351715,,Incidente importado desde SAC,,Emisión Masivos,Usuario Importador,Comercial,,,Solucionado,,,,,AUI1 - AUTOMOTORES INSTITUCIONES,856778,,6486110,No califica,,,,'2021-04-28 13:20:00','2016-11-11 08:30:04','2016-11-11 08:30:04',Resuelto,,
161111-351719,,Incidente importado desde SAC,,,Usuario Importador,Carta Documento,,,Solucionado,,,,,AUS1 - AUTOMOTORES,856782,,6238848,Excepción comercial altas,,,,'2021-04-28 13:20:00','2016-11-11 08:30:04','2016-11-11 08:30:04',Resuelto,,
161111-351720,,Incidente importado desde SAC,,Emisión Masivos,Usuario Importador,Telemarketing,,,Solucionado,,,,,AUS1 - AUTOMOTORES,856783,,3856869,Baja de póliza,,,,'2021-04-28 13:20:00','2016-11-11 08:30:04','2016-11-11 08:30:04',Resuelto,,
161111-351723,,Incidente importado desde SAC,,Mailing,Usuario Importador,Telemarketing,,,Solucionado,,,,,AUS1 - AUTOMOTORES,856786,,6586343,Certificado de cobertura,,,,'2021-04-28 13:20:00','2016-11-11 08:30:04','2016-11-11 08:30:04',Resuelto,,
161111-351731,,Incidente importado desde SAC,,,Usuario Importador,Telemarketing,,,Solucionado,,,,,AUS1 - AUTOMOTORES,856794,,3073436,Cliente para retención,,,,'2021-04-28 13:20:00','2016-11-11 08:30:05','2016-11-11 08:30:05',Atendido,,
161111-351735,,Incidente importado desde SAC,,Oficina Mendoza,Usuario Importador,Telemarketing,,,Solucionado,,,,,ICO1 - INTEGR.COMERCIO,856798,,5187099,Denuncia Riesgos Varios,,,,'2021-04-28 13:20:00','2016-11-11 08:30:05','2016-11-11 08:30:05',Resuelto,,
161111-351736,,Incidente importado desde SAC,,Oficina Cordoba,Usuario Importador,Telemarketing,,,Solucionado,,,,,AUS1 - AUTOMOTORES,856799,,3649298,Daños materiales Cordoba,,,,'2021-04-28 13:20:00','2016-11-11 08:30:05','2016-11-11 08:30:05',Resuelto,,
161111-351737,,Incidente importado desde SAC,,Emisión Masivos,Usuario Importador,Telemarketing,,,Solucionado,,,,,AUS1 - AUTOMOTORES,856800,,3787009,Rechazos/ Reducción de cobertura,,,,'2021-04-28 13:20:00','2016-11-11 08:30:05','2016-11-11 08:30:05',Resuelto,,
161111-351738,,Incidente importado desde SAC,,Fleet Services,Usuario Importador,Telemarketing,,,Solucionado,,,,,AUA1 - AUTOMOTORES CARTERA GENERAL,856801,,1425352,Contacto del tercero,,,,'2021-04-28 13:20:00','2016-11-11 08:30:05','2016-11-11 08:30:05',Resuelto,,
161111-351746,,Incidente importado desde SAC,,Emisión Masivos,Usuario Importador,Carta,,,Solucionado,,,,,APR1 - AUTOMOTORES,856809,,1844207,Modificaciones datos del producto,,,,'2021-04-28 13:20:00','2016-11-11 08:30:06','2016-11-11 08:30:06',Resuelto,,
161111-351748,,Incidente importado desde SAC,,Emisión Masivos,Usuario Importador,Telemarketing,,,Solucionado,,,,,APR1 - AUTOMOTORES,856811,,3409552,Ampliación de Cobertura con inspección,,,,'2021-04-28 13:20:00','2016-11-11 08:30:06','2016-11-11 08:30:06',Resuelto,,
161111-351754,,Incidente importado desde SAC,,Emisión Masivos,Usuario Importador,Telemarketing,,,Solucionado,,,,,AUS1 - AUTOMOTORES,856817,,7450690,Baja de póliza,,,,'2021-04-28 13:20:00','2016-11-11 08:30:07','2016-11-11 08:30:07',Resuelto,,
161111-351755,,Incidente importado desde SAC,,Emisión Masivos,Usuario Importador,Telemarketing,,,Solucionado,,,,,APR1 - AUTOMOTORES,856818,,5329743,Inclusión de GNC,,,,'2021-04-28 13:20:00','2016-11-11 08:30:07','2016-11-11 08:30:07',Resuelto,,
161111-351757,,Incidente importado desde SAC,,Emisión Masivos,Usuario Importador,Telemarketing,,,Solucionado,,,,,HOM1 - SEGURO DEL HOGAR,856820,,177801,Baja de póliza,,,,'2021-04-28 13:20:00','2016-11-11 08:30:07','2016-11-11 08:30:07',Resuelto,,
161111-351758,,Incidente importado desde SAC,,Emisión Masivos,Usuario Importador,Telemarketing,,,Solucionado,,,,,APR1 - AUTOMOTORES,856821,,3638916,Rechazos/ Reducción de cobertura,,,,'2021-04-28 13:20:00','2016-11-11 08:30:07','2016-11-11 08:30:07',Resuelto,,
161111-351762,,Incidente importado desde SAC,,,Usuario Importador,Telemarketing,,,Solucionado,,,,,AUS1 - AUTOMOTORES,856825,,3098643,Cliente para retención,,,,'2021-04-28 13:20:00','2016-11-11 08:30:07','2016-11-11 08:30:07',Atendido,,
161111-351763,,Incidente importado desde SAC,,Emisión Masivos,Usuario Importador,Telemarketing,,,Solucionado,,,,,AUI1 - AUTOMOTORES INSTITUCIONES,856826,,6003392,Rechazos/ Reducción de cobertura,,,,'2021-04-28 13:20:00','2016-11-11 08:30:08','2016-11-11 08:30:08',Resuelto,,
161111-351766,,Incidente importado desde SAC,,Emisión Masivos,Usuario Importador,Telemarketing,,,Solucionado,,,,,AUS1 - AUTOMOTORES,856828,,4167403,Baja de póliza,,,,'2021-04-28 13:20:00','2016-11-11 08:30:08','2016-11-11 08:30:08',Resuelto,,
161111-351767,,Incidente importado desde SAC,,,Usuario Importador,Telemarketing,,,Solucionado,,,,,AUS1 - AUTOMOTORES,856829,,3006435,Cliente para retención,,,,'2021-04-28 13:20:00','2016-11-11 08:30:08','2016-11-11 08:30:08',Atendido,,
161111-351772,,Incidente importado desde SAC,,Oficina Rosario,Usuario Importador,Carta,,,Solucionado,,,,,AUS1 - AUTOMOTORES,856834,,2707651,No califica,,,,'2021-04-28 13:20:00','2016-11-11 08:30:08','2016-11-11 08:30:08',Resuelto,,
161111-351774,,Incidente importado desde SAC,,Daños Materiales Autos,Usuario Importador,Telemarketing,,,Solucionado,,,,,AUS1 - AUTOMOTORES,856836,,7604692,Daños materiales Casa Central,,,,'2021-04-28 13:20:00','2016-11-11 08:30:08','2016-11-11 08:30:08',Resuelto,,
161111-351778,,Incidente importado desde SAC,,Emisión Masivos,Usuario Importador,Telemarketing,,,Solucionado,,,,,AUS1 - AUTOMOTORES,856840,,495126,Baja de póliza,,,,'2021-04-28 13:20:00','2016-11-11 08:30:09','2016-11-11 08:30:09',Resuelto,,
161111-351779,,Incidente importado desde SAC,,Inspecciones Autos,Usuario Importador,Telemarketing,,,Solucionado,,,,,AUS1 - AUTOMOTORES,856841,,3063320,Inspección por previa DDJJ,,,,'2021-04-28 13:20:00','2016-11-11 08:30:09','2016-11-11 08:30:09',Resuelto,,
161111-351780,,Incidente importado desde SAC,,Oficina Cordoba,Usuario Importador,Canal productor,,,Solucionado,,,,,AUS1 - AUTOMOTORES,856842,,3438333,Daños materiales Cordoba,,,,'2021-04-28 13:20:00','2016-11-11 08:30:09','2016-11-11 08:30:09',Resuelto,,
161111-351785,,Incidente importado desde SAC,,Emisión Masivos,Usuario Importador,Telemarketing,,,Solucionado,,,,,AUS1 - AUTOMOTORES,856847,,7830714,Rechazos/ Reducción de cobertura,,,,'2021-04-28 13:20:00','2016-11-11 08:30:09','2016-11-11 08:30:09',Resuelto,,
161111-351786,,Incidente importado desde SAC,,Telecobranzas,Usuario Importador,Telemarketing,,,Solucionado,,,,,AUS1 - AUTOMOTORES,856848,,3393903,,,,,'2021-04-28 13:20:00','2016-11-11 08:30:09','2016-11-11 08:30:09',Atendido,,
161111-351787,,Incidente importado desde SAC,,Inspecciones Autos,Usuario Importador,Telemarketing,,,Solucionado,,,,,AUS1 - AUTOMOTORES,856849,,3447707,Inspección por previa DDJJ,,,,'2021-04-28 13:20:00','2016-11-11 08:30:09','2016-11-11 08:30:09',Resuelto,,
161111-351789,,Incidente importado desde SAC,,Emisión Masivos,Usuario Importador,Telemarketing,,,Solucionado,,,,,HOM1 - SEGURO DEL HOGAR,856851,,3446562,Propuesta incompleta,,,,'2021-04-28 13:20:00','2016-11-11 08:30:09','2016-11-11 08:30:09',Resuelto,,
161111-351791,,Incidente importado desde SAC,,Inspecciones Autos,Usuario Importador,Telemarketing,,,Solucionado,,,,,AUS1 - AUTOMOTORES,856853,,4351806,Inspección por previa DDJJ,,,,'2021-04-28 13:20:00','2016-11-11 08:30:09','2016-11-11 08:30:09',Resuelto,,
161111-351792,,Incidente importado desde SAC,,Emisión Masivos,Usuario Importador,Telemarketing,,,Solucionado,,,,,AUS1 - AUTOMOTORES,856854,,5419280,Retención sin beneficio,,,,'2021-04-28 13:20:00','2016-11-11 08:30:10','2016-11-11 08:30:10',Atendido,,
161111-351794,,Incidente importado desde SAC,,Telemarketing,Usuario Importador,Telemarketing,,,Solucionado,,,,,AUS1 - AUTOMOTORES,856856,,7351345,Excepción comercial altas,,,,'2021-04-28 13:20:00','2016-11-11 08:30:10','2016-11-11 08:30:10',No Procedente,,
161111-351798,,Incidente importado desde SAC,,Emisión Masivos,Usuario Importador,Telemarketing,,,Solucionado,,,,,AUS1 - AUTOMOTORES,856860,,4976334,4 cuotas con un descuento del 25 %,,,,'2021-04-28 13:20:00','2016-11-11 08:30:10','2016-11-11 08:30:10',Resuelto,,
161111-351805,,Incidente importado desde SAC,,,Usuario Importador,Telemarketing,,,Solucionado,,,,,AUS1 - AUTOMOTORES,856868,,7008598,Cliente para retención,,,,'2021-04-28 13:20:00','2016-11-11 08:30:10','2016-11-11 08:30:10',Atendido,,
161111-351808,,Incidente importado desde SAC,,Emisión Masivos,Usuario Importador,Telemarketing,,,Solucionado,,,,,HOM1 - SEGURO DEL HOGAR,856871,,3530145,Cambio de titularidad,,,,'2021-04-28 13:20:00','2016-11-11 08:30:10','2016-11-11 08:30:10',Resuelto,,
161111-351809,,Incidente importado desde SAC,,Cac,Usuario Importador,Telemarketing,,,Solucionado,,,,,AUS1 - AUTOMOTORES,856872,,3451018,Ampliación de Cobertura con inspección,,,,'2021-04-28 13:20:00','2016-11-11 08:30:11','2016-11-11 08:30:11',No Procedente,,
161111-351810,,Incidente importado desde SAC,,Cac,Usuario Importador,Telemarketing,,,Solucionado,,,,,AUT1 - AUTOMOTORES,856873,,7111945,Imputación de cobranzas - Automático,,,,'2021-04-28 13:20:00','2016-11-11 08:30:11','2016-11-11 08:30:11',Anulado,,
161111-351811,,Incidente importado desde SAC,,Emisión Masivos,Usuario Importador,Telemarketing,,,Solucionado,,,,,AUS1 - AUTOMOTORES,856874,,3453245,No califica,,,,'2021-04-28 13:20:00','2016-11-11 08:30:11','2016-11-11 08:30:11',Resuelto,,
161111-351812,,Incidente importado desde SAC,,Emisión Masivos,Usuario Importador,Telemarketing,,,Solucionado,,,,,AUS1 - AUTOMOTORES,856875,,4505216,Excepción comercial altas,,,,'2021-04-28 13:20:00','2016-11-11 08:30:11','2016-11-11 08:30:11',No Procedente,,
161111-351813,,Incidente importado desde SAC,,Inspecciones Autos,Usuario Importador,Telemarketing,,,Solucionado,,,,,AUS1 - AUTOMOTORES,856876,,3270179,Inspección por previa DDJJ,,,,'2021-04-28 13:20:00','2016-11-11 08:30:11','2016-11-11 08:30:11',Resuelto,,
161111-351815,,Incidente importado desde SAC,,Emisión Masivos,Usuario Importador,Telemarketing,,,Solucionado,,,,,APR1 - AUTOMOTORES,856878,,3421659,Ampliación de Cobertura con inspección,,,,'2021-04-28 13:20:00','2016-11-11 08:30:11','2016-11-11 08:30:11',Resuelto,,
161111-351822,,Incidente importado desde SAC,,Telemarketing,Usuario Importador,Carta,,,Solucionado,,,,,AUS1 - AUTOMOTORES,856885,,1158964,Excepción comercial vigente,,,,'2021-04-28 13:20:00','2016-11-11 08:30:11','2016-11-11 08:30:11',Resuelto,,
161111-351824,,Incidente importado desde SAC,,,Usuario Importador,Telemarketing,,,Solucionado,,,,,AUS1 - AUTOMOTORES,856887,,1202062,Cliente para retención,,,,'2021-04-28 13:20:00','2016-11-11 08:30:11','2016-11-11 08:30:11',Atendido,,
161111-351825,,Incidente importado desde SAC,,Inspecciones Autos,Usuario Importador,Telemarketing,,,Solucionado,,,,,AUS1 - AUTOMOTORES,856888,,6976978,Rechazos/ Reducción de cobertura,,,,'2021-04-28 13:20:00','2016-11-11 08:30:12','2016-11-11 08:30:12',No Procedente,,
161111-351826,,Incidente importado desde SAC,,Emisión Masivos,Usuario Importador,Telemarketing,,,Solucionado,,,,,AUS1 - AUTOMOTORES,856889,,3468143,4 cuotas con un descuento del 25 %,,,,'2021-04-28 13:20:00','2016-11-11 08:30:12','2016-11-11 08:30:12',Resuelto,,
161111-351830,,Incidente importado desde SAC,,,Usuario Importador,Telemarketing,,,Solucionado,,,,,AUS1 - AUTOMOTORES,856893,,2243879,Cliente para retención,,,,'2021-04-28 13:20:00','2016-11-11 08:30:12','2016-11-11 08:30:12',Atendido,,
161111-351832,,Incidente importado desde SAC,,Emisión Masivos,Usuario Importador,Telemarketing,,,Solucionado,,,,,HOM1 - SEGURO DEL HOGAR,856895,,2085254,Baja de póliza,,,,'2021-04-28 13:20:00','2016-11-11 08:30:12','2016-11-11 08:30:12',Resuelto,,
161111-351835,,Incidente importado desde SAC,,Emisión Masivos,Usuario Importador,Telemarketing,,,Solucionado,,,,,AUS1 - AUTOMOTORES,856898,,274336,Baja de póliza,,,,'2021-04-28 13:20:00','2016-11-11 08:30:12','2016-11-11 08:30:12',Resuelto,,
161111-351839,,Incidente importado desde SAC,,,Usuario Importador,Telemarketing,,,Solucionado,,,,,AUS1 - AUTOMOTORES,856902,,3067945,Cliente para retención,,,,'2021-04-28 13:20:00','2016-11-11 08:30:13','2016-11-11 08:30:13',Atendido,,
161111-351841,,Incidente importado desde SAC,,Drive in Centro,Usuario Importador,Telemarketing,,,Solucionado,,,,,APL1 - AUTOMOTORES PLANES,856904,,6064357,Daños materiales drive in Libertador,,,,'2021-04-28 13:20:00','2016-11-11 08:30:13','2016-11-11 08:30:13',Resuelto,,
161111-351845,,Incidente importado desde SAC,,Fleet Services,Usuario Importador,Telemarketing,,,Solucionado,,,,,AUA1 - AUTOMOTORES CARTERA GENERAL,856908,,1325741,Contacto del tercero,,,,'2021-04-28 13:20:00','2016-11-11 08:30:13','2016-11-11 08:30:13',Resuelto,,
161111-351847,,Incidente importado desde SAC,,Mailing,Usuario Importador,Telemarketing,,,Solucionado,,,,,AUS1 - AUTOMOTORES,856910,,5923457,Certificado de cobertura,,,,'2021-04-28 13:20:00','2016-11-11 08:30:13','2016-11-11 08:30:13',Resuelto,,
161111-351851,,Incidente importado desde SAC,,Lesiones,Usuario Importador,Telemarketing,,,Solucionado,,,,,AUT1 - AUTOMOTORES,856914,,2998670,Tercero lesionado,,,,'2021-04-28 13:20:00','2016-11-11 08:30:14','2016-11-11 08:30:14',Resuelto,,
161111-351852,,Incidente importado desde SAC,,Gerencia Clientes,Usuario Importador,Carta Documento,,,Solucionado,,,,,AUA1 - AUTOMOTORES CARTERA GENERAL,856915,,7407160,Certificado de cobertura,,,,'2021-04-28 13:20:00','2016-11-11 08:30:14','2016-11-11 08:30:14',Resuelto,,
161111-351854,,Incidente importado desde SAC,,Inspecciones Autos,Usuario Importador,Telemarketing,,,Solucionado,,,,,AUS1 - AUTOMOTORES,856917,,3432727,Inspección por previa DDJJ,,,,'2021-04-28 13:20:00','2016-11-11 08:30:14','2016-11-11 08:30:14',Resuelto,,
161111-351855,,Incidente importado desde SAC,,Inspecciones Autos,Usuario Importador,Telemarketing,,,Solucionado,,,,,AUS1 - AUTOMOTORES,856918,,3502776,Inspección por previa DDJJ,,,,'2021-04-28 13:20:00','2016-11-11 08:30:14','2016-11-11 08:30:14',Resuelto,,
161111-351858,,Incidente importado desde SAC,,Telemarketing,Usuario Importador,Telemarketing,,,Solucionado,,,,,HOM1 - SEGURO DEL HOGAR,856921,,4532473,No califica,,,,'2021-04-28 13:20:00','2016-11-11 08:30:15','2016-11-11 08:30:15',Resuelto,,
161111-351860,,Incidente importado desde SAC,,Emisión Masivos,Usuario Importador,Telemarketing,,,Solucionado,,,,,AUS1 - AUTOMOTORES,856923,,4396240,Rechazos/ Reducción de cobertura,,,,'2021-04-28 13:20:00','2016-11-11 08:30:15','2016-11-11 08:30:15',Resuelto,,
161111-351862,,Incidente importado desde SAC,,Emisión Masivos,Usuario Importador,Telemarketing,,,Solucionado,,,,,AUS1 - AUTOMOTORES,856925,,6015229,Rechazos/ Reducción de cobertura,,,,'2021-04-28 13:20:00','2016-11-11 08:30:16','2016-11-11 08:30:16',Resuelto,,
161111-351869,,Incidente importado desde SAC,,Cac,Usuario Importador,Telemarketing,,,Solucionado,,,,,AUI1 - AUTOMOTORES INSTITUCIONES,856932,,5108495,Modificaciones datos del producto,,,,'2021-04-28 13:20:00','2016-11-11 08:30:16','2016-11-11 08:30:16',Resuelto,,
161111-351870,,Incidente importado desde SAC,,Inspecciones Autos,Usuario Importador,Telemarketing,,,Solucionado,,,,,AUS1 - AUTOMOTORES,856933,,809105,Inspección por previa,,,,'2021-04-28 13:20:00','2016-11-11 08:30:16','2016-11-11 08:30:16',Resuelto,,
161111-351872,,Incidente importado desde SAC,,Emisión Masivos,Usuario Importador,Telemarketing,,,Solucionado,,,,,AUS1 - AUTOMOTORES,856935,,1360945,4 cuotas con un descuento del 25 %,,,,'2021-04-28 13:20:00','2016-11-11 08:30:17','2016-11-11 08:30:17',Resuelto,,
161111-351874,,Incidente importado desde SAC,,Emisión Masivos,Usuario Importador,Telemarketing,,,Solucionado,,,,,AUS1 - AUTOMOTORES,856937,,3240291,Cambio de campaña,,,,'2021-04-28 13:20:00','2016-11-11 08:30:17','2016-11-11 08:30:17',Resuelto,,
161111-351875,,Incidente importado desde SAC,,Emisión Masivos,Usuario Importador,Telemarketing,,,Solucionado,,,,,AUS1 - AUTOMOTORES,856938,,4040836,4 cuotas con un descuento del 25 %,,,,'2021-04-28 13:20:00','2016-11-11 08:30:17','2016-11-11 08:30:17',Resuelto,,
161111-351877,,Incidente importado desde SAC,,Inspecciones Autos,Usuario Importador,Telemarketing,,,Solucionado,,,,,AUS1 - AUTOMOTORES,856940,,5778181,Inspección por previa DDJJ,,,,'2021-04-28 13:20:00','2016-11-11 08:30:17','2016-11-11 08:30:17',Resuelto,,
161111-351880,,Incidente importado desde SAC,,Emisión Masivos,Usuario Importador,Telemarketing,,,Solucionado,,,,,AUS1 - AUTOMOTORES,856943,,5187536,Baja de póliza,,,,'2021-04-28 13:20:00','2016-11-11 08:30:17','2016-11-11 08:30:17',Resuelto,,
161111-351882,,Incidente importado desde SAC,,Inspecciones Autos,Usuario Importador,Telemarketing,,,Solucionado,,,,,AUS1 - AUTOMOTORES,856945,,3946846,Inspección por previa DDJJ,,,,'2021-04-28 13:20:00','2016-11-11 08:30:18','2016-11-11 08:30:18',Resuelto,,
161111-351884,,Incidente importado desde SAC,,Drive in Libertador,Usuario Importador,Telemarketing,,,Solucionado,,,,,APL1 - AUTOMOTORES PLANES,856947,,7012529,Daños materiales drive in Libertador,,,,'2021-04-28 13:20:00','2016-11-11 08:30:18','2016-11-11 08:30:18',Resuelto,,
161111-351885,,Incidente importado desde SAC,,Inspecciones Autos,Usuario Importador,Telemarketing,,,Solucionado,,,,,AUS1 - AUTOMOTORES,856948,,5034048,Rechazos/ Reducción de cobertura,,,,'2021-04-28 13:20:00','2016-11-11 08:30:18','2016-11-11 08:30:18',No Procedente,,
161111-351898,,Incidente importado desde SAC,,Lesiones,Usuario Importador,Telemarketing,,,Solucionado,,,,,AUA1 - AUTOMOTORES CARTERA GENERAL,856961,,3328556,Tercero lesionado,,,,'2021-04-28 13:20:00','2016-11-11 08:30:19','2016-11-11 08:30:19',Resuelto,,
161111-351900,,Incidente importado desde SAC,,Emisión Masivos,Usuario Importador,Telemarketing,,,Solucionado,,,,,AUS1 - AUTOMOTORES,856963,,5099445,No califica,,,,'2021-04-28 13:20:00','2016-11-11 08:30:19','2016-11-11 08:30:19',Resuelto,,
161111-351905,,Incidente importado desde SAC,,Emisión Masivos,Usuario Importador,Especialistas,,,Solucionado,,,,,AUS1 - AUTOMOTORES,856968,,1108786,Corrección de propuesta,,,,'2021-04-28 13:20:00','2016-11-11 08:30:20','2016-11-11 08:30:20',Resuelto,,
161111-351908,,Incidente importado desde SAC,,Inspecciones Autos,Usuario Importador,Telemarketing,,,Solucionado,,,,,AUS1 - AUTOMOTORES,856971,,3264334,Inspección por previa DDJJ,,,,'2021-04-28 13:20:00','2016-11-11 08:30:20','2016-11-11 08:30:20',Resuelto,,
161111-351909,,Incidente importado desde SAC,,Mailing,Usuario Importador,Telemarketing,,,Solucionado,,,,,AUS1 - AUTOMOTORES,856972,,415137,Certificado de cobertura,,,,'2021-04-28 13:20:00','2016-11-11 08:30:20','2016-11-11 08:30:20',Resuelto,,
161111-351912,,Incidente importado desde SAC,,Mailing,Usuario Importador,Carta Documento,,,Solucionado,,,,,AUI1 - AUTOMOTORES INSTITUCIONES,856975,,1421519,Certificado de cobertura,,,,'2021-04-28 13:20:00','2016-11-11 08:30:22','2016-11-11 08:30:22',Resuelto,,
161111-351914,,Incidente importado desde SAC,,Fleet Services,Usuario Importador,Telemarketing,,,Solucionado,,,,,APR1 - AUTOMOTORES,856977,,5208779,Contacto del tercero,,,,'2021-04-28 13:20:00','2016-11-11 08:30:22','2016-11-11 08:30:22',Resuelto,,
161111-351920,,Incidente importado desde SAC,,,Usuario Importador,Telemarketing,,,Solucionado,,,,,AUS1 - AUTOMOTORES,856983,,3103896,Cliente para retención,,,,'2021-04-28 13:20:00','2016-11-11 08:30:22','2016-11-11 08:30:22',Atendido,,
161111-351922,,Incidente importado desde SAC,,Emisión Masivos,Usuario Importador,Telemarketing,,,Solucionado,,,,,AUS1 - AUTOMOTORES,856985,,5055295,Retención sin beneficio,,,,'2021-04-28 13:20:00','2016-11-11 08:30:23','2016-11-11 08:30:23',Atendido,,
161111-351923,,Incidente importado desde SAC,,Fleet Services,Usuario Importador,Telemarketing,,,Solucionado,,,,,AUT1 - AUTOMOTORES,856986,,3780005,Contacto del tercero,,,,'2021-04-28 13:20:00','2016-11-11 08:30:23','2016-11-11 08:30:23',Resuelto,,
161111-351927,,Incidente importado desde SAC,,Drive in Centro,Usuario Importador,Telemarketing,,,Solucionado,,,,,APL1 - AUTOMOTORES PLANES,856990,,3516743,Daños materiales drive In Centro,,,,'2021-04-28 13:20:00','2016-11-11 08:30:24','2016-11-11 08:30:24',Resuelto,,
161111-351933,,Incidente importado desde SAC,,Telecobranzas,Usuario Importador,Telemarketing,,,Solucionado,,,,,AUS1 - AUTOMOTORES,856996,,4460162,Contestador,,,,'2021-04-28 13:20:00','2016-11-11 08:30:24','2016-11-11 08:30:24',Atendido,,
161111-351934,,Incidente importado desde SAC,,Inspecciones Autos,Usuario Importador,Telemarketing,,,Solucionado,,,,,AUS1 - AUTOMOTORES,856997,,5150355,Rechazos/ Reducción de cobertura,,,,'2021-04-28 13:20:00','2016-11-11 08:30:25','2016-11-11 08:30:25',No Procedente,,
161111-351936,,Incidente importado desde SAC,,Inspecciones Autos,Usuario Importador,Telemarketing,,,Solucionado,,,,,AUS1 - AUTOMOTORES,856999,,447105,Inspección por previa DDJJ,,,,'2021-04-28 13:20:00','2016-11-11 08:30:26','2016-11-11 08:30:26',Resuelto,,
161111-351939,,Incidente importado desde SAC,,Telecobranzas,Usuario Importador,Telemarketing,,,Solucionado,,,,,AUS1 - AUTOMOTORES,857002,,3818355,Mensaje,,,,'2021-04-28 13:20:00','2016-11-11 08:30:26','2016-11-11 08:30:26',Atendido,,
161111-351942,,Incidente importado desde SAC,,Emisión Masivos,Usuario Importador,Telemarketing,,,Solucionado,,,,,HOM1 - SEGURO DEL HOGAR,857005,,7695919,Baja de póliza,,,,'2021-04-28 13:20:00','2016-11-11 08:30:26','2016-11-11 08:30:26',Resuelto,,
161111-351943,,Incidente importado desde SAC,,Emisión Masivos,Usuario Importador,Telemarketing,,,Solucionado,,,,,HOM1 - SEGURO DEL HOGAR,857006,,4615518,No califica,,,,'2021-04-28 13:20:00','2016-11-11 08:30:26','2016-11-11 08:30:26',Resuelto,,
161111-351944,,Incidente importado desde SAC,,Fleet Services,Usuario Importador,Telemarketing,,,Solucionado,,,,,AUT1 - AUTOMOTORES,857007,,7396125,Contacto del tercero,,,,'2021-04-28 13:20:00','2016-11-11 08:30:26','2016-11-11 08:30:26',Resuelto,,
161111-351945,,Incidente importado desde SAC,,Emisión Masivos,Usuario Importador,Telemarketing,,,Solucionado,,,,,AUS1 - AUTOMOTORES,857008,,6150795,Retención sin beneficio,,,,'2021-04-28 13:20:00','2016-11-11 08:30:26','2016-11-11 08:30:26',Atendido,,
161111-351947,,Incidente importado desde SAC,,Lesiones,Usuario Importador,Telemarketing,,,Solucionado,,,,,AUT1 - AUTOMOTORES,857010,,1322999,Tercero lesionado,,,,'2021-04-28 13:20:00','2016-11-11 08:30:28','2016-11-11 08:30:28',Resuelto,,
161111-351948,,Incidente importado desde SAC,,Emisión Masivos,Usuario Importador,Telemarketing,,,Solucionado,,,,,AUS1 - AUTOMOTORES,857011,,2567986,Excepción comercial altas,,,,'2021-04-28 13:20:00','2016-11-11 08:30:28','2016-11-11 08:30:28',Resuelto,,
161111-351950,,Incidente importado desde SAC,,Fleet Services,Usuario Importador,Telemarketing,,,Solucionado,,,,,AUS1 - AUTOMOTORES,857013,,2829341,Contacto del tercero,,,,'2021-04-28 13:20:00','2016-11-11 08:30:28','2016-11-11 08:30:28',Resuelto,,
161111-351953,,Incidente importado desde SAC,,,Usuario Importador,Telemarketing,,,Solucionado,,,,,AUS1 - AUTOMOTORES,857016,,4618875,Cliente para retención,,,,'2021-04-28 13:20:00','2016-11-11 08:30:29','2016-11-11 08:30:29',Atendido,,
161111-351954,,Incidente importado desde SAC,,Cac,Usuario Importador,Telemarketing,,,Solucionado,,,,,APR1 - AUTOMOTORES,857017,,3619719,Ampliación de Cobertura con inspección,,,,'2021-04-28 13:20:00','2016-11-11 08:30:29','2016-11-11 08:30:29',Resuelto,,
161111-351956,,Incidente importado desde SAC,,Emisión Masivos,Usuario Importador,Especialistas,,,Solucionado,,,,,AUS1 - AUTOMOTORES,857019,,4539677,Inspección por previa,,,,'2021-04-28 13:20:00','2016-11-11 08:30:30','2016-11-11 08:30:30',Resuelto,,
161111-351964,,Incidente importado desde SAC,,Lesiones,Usuario Importador,Telemarketing,,,Solucionado,,,,,APL1 - AUTOMOTORES PLANES,857027,,4582211,Tercero lesionado,,,,'2021-04-28 13:20:00','2016-11-11 08:30:31','2016-11-11 08:30:31',Resuelto,,
161111-351966,,Incidente importado desde SAC,,Pago Telefonico,Usuario Importador,Telemarketing,,,Solucionado,,,,,AUS1 - AUTOMOTORES,857029,,2243418,Pago telefónico,,,,'2021-04-28 13:20:00','2016-11-11 08:30:31','2016-11-11 08:30:31',Resuelto,,
161111-351967,,Incidente importado desde SAC,,Drive in San Isidro,Usuario Importador,Telemarketing,,,Solucionado,,,,,AUS1 - AUTOMOTORES,857030,,4211340,Denuncia daños materiales,,,,'2021-04-28 13:20:00','2016-11-11 08:30:32','2016-11-11 08:30:32',Resuelto,,
161111-351968,,Incidente importado desde SAC,,Inspecciones Autos,Usuario Importador,Telemarketing,,,Solucionado,,,,,AUS1 - AUTOMOTORES,857031,,7271337,Rechazos/ Reducción de cobertura,,,,'2021-04-28 13:20:00','2016-11-11 08:30:32','2016-11-11 08:30:32',No Procedente,,
161111-351969,,Incidente importado desde SAC,,,Usuario Importador,Telemarketing,,,Solucionado,,,,,AUS1 - AUTOMOTORES,857032,,4751642,Cliente para retención,,,,'2021-04-28 13:20:00','2016-11-11 08:30:32','2016-11-11 08:30:32',Atendido,,
161111-351974,,Incidente importado desde SAC,,Emisión Masivos,Usuario Importador,Especialistas,,,Solucionado,,,,,AUS1 - AUTOMOTORES,857037,,3993945,Bonificación,,,,'2021-04-28 13:20:00','2016-11-11 08:30:32','2016-11-11 08:30:32',Resuelto,,
161111-351978,,Incidente importado desde SAC,,,Usuario Importador,Telemarketing,,,Solucionado,,,,,AUS1 - AUTOMOTORES,857041,,3967591,Cliente para retención,,,,'2021-04-28 13:20:00','2016-11-11 08:30:34','2016-11-11 08:30:34',Atendido,,
161111-351979,,Incidente importado desde SAC,,Cac,Usuario Importador,Telemarketing,,,Solucionado,,,,,AUS1 - AUTOMOTORES,857042,,3006072,Baja de póliza,,,,'2021-04-28 13:20:00','2016-11-11 08:30:34','2016-11-11 08:30:34',Resuelto,,
161111-351982,,Incidente importado desde SAC,,Telecobranzas,Usuario Importador,Telemarketing,,,Solucionado,,,,,AUS1 - AUTOMOTORES,857045,,2983322,,,,,'2021-04-28 13:20:00','2016-11-11 08:30:35','2016-11-11 08:30:35',Atendido,,
161111-351986,,Incidente importado desde SAC,,Robo / Destruccion Total,Usuario Importador,Telemarketing,,,Solucionado,,,,,APR1 - AUTOMOTORES,857049,,3463891,Inspección por siniestros,,,,'2021-04-28 13:20:00','2016-11-11 08:30:35','2016-11-11 08:30:35',Resuelto,,
161111-351988,,Incidente importado desde SAC,,Cac,Usuario Importador,Telemarketing,,,Solucionado,,,,,AUS1 - AUTOMOTORES,857051,,3468155,Recotización,,,,'2021-04-28 13:20:00','2016-11-11 08:30:36','2016-11-11 08:30:36',Resuelto,,
161111-351989,,Incidente importado desde SAC,,Emisión Masivos,Usuario Importador,Canal productor,,,Solucionado,,,,,AUS1 - AUTOMOTORES,857052,,6969592,Venta,,,,'2021-04-28 13:20:00','2016-11-11 08:30:36','2016-11-11 08:30:36',Resuelto,,
161111-351990,,Incidente importado desde SAC,,Emisión Masivos,Usuario Importador,Telemarketing,,,Solucionado,,,,,AUS1 - AUTOMOTORES,857053,,1825915,Excepción comercial altas,,,,'2021-04-28 13:20:00','2016-11-11 08:30:36','2016-11-11 08:30:36',Resuelto,,
161111-351991,,Incidente importado desde SAC,,Emisión Masivos,Usuario Importador,Especialistas,,,Solucionado,,,,,AUS1 - AUTOMOTORES,857054,,1395628,Inspección por previa,,,,'2021-04-28 13:20:00','2016-11-11 08:30:36','2016-11-11 08:30:36',Resuelto,,
161111-351993,,Incidente importado desde SAC,,Cac,Usuario Importador,Telemarketing,,,Solucionado,,,,,AUS1 - AUTOMOTORES,857056,,5411215,Imputación de cobranzas - Automático,,,,'2021-04-28 13:20:00','2016-11-11 08:30:36','2016-11-11 08:30:36',No Procedente,,
161111-351998,,Incidente importado desde SAC,,Emisión Masivos,Usuario Importador,Telemarketing,,,Solucionado,,,,,AUS1 - AUTOMOTORES,857061,,1347741,8 cuotas con un descuento del 15 %,,,,'2021-04-28 13:20:00','2016-11-11 08:30:37','2016-11-11 08:30:37',Resuelto,,
161111-351999,,Incidente importado desde SAC,,Emisión Masivos,Usuario Importador,Telemarketing,,,Solucionado,,,,,AUS1 - AUTOMOTORES,857062,,5458096,4 cuotas con un descuento del 15 %,,,,'2021-04-28 13:20:00','2016-11-11 08:30:37','2016-11-11 08:30:37',Resuelto,,
161111-352003,,Incidente importado desde SAC,,Oficina Rosario,Usuario Importador,Telemarketing,,,Solucionado,,,,,AUS1 - AUTOMOTORES,857066,,6708011,Denuncia daños materiales,,,,'2021-04-28 13:20:00','2016-11-11 08:30:37','2016-11-11 08:30:37',Resuelto,,
161111-352006,,Incidente importado desde SAC,,Mailing,Usuario Importador,Carta Documento,,,Solucionado,,,,,AUT1 - AUTOMOTORES,857069,,1721572,Certificado de cobertura,,,,'2021-04-28 13:20:00','2016-11-11 08:30:38','2016-11-11 08:30:38',Resuelto,,
161111-352008,,Incidente importado desde SAC,,Cac,Usuario Importador,Telemarketing,,,Solucionado,,,,,AUA1 - AUTOMOTORES CARTERA GENERAL,857071,,3006260,Venta trailer,,,,'2021-04-28 13:20:00','2016-11-11 08:30:38','2016-11-11 08:30:38',No Procedente,,
161111-352010,,Incidente importado desde SAC,,,Usuario Importador,Telemarketing,,,Solucionado,,,,,AUS1 - AUTOMOTORES,857073,,5887202,Cliente para retención,,,,'2021-04-28 13:20:00','2016-11-11 08:30:39','2016-11-11 08:30:39',Atendido,,
161111-352019,,Incidente importado desde SAC,,,Usuario Importador,Telemarketing,,,Solucionado,,,,,AUS1 - AUTOMOTORES,857082,,7682417,Cliente para retención,,,,'2021-04-28 13:20:00','2016-11-11 08:30:40','2016-11-11 08:30:40',Atendido,,
161111-352020,,Incidente importado desde SAC,,,Usuario Importador,Telemarketing,,,Solucionado,,,,,AUS1 - AUTOMOTORES,857083,,4779624,Cliente para retención,,,,'2021-04-28 13:20:00','2016-11-11 08:30:41','2016-11-11 08:30:41',Atendido,,
161111-352022,,Incidente importado desde SAC,,Inspecciones Autos,Usuario Importador,Telemarketing,,,Solucionado,,,,,AUS1 - AUTOMOTORES,857085,,3481089,Inspección por previa DDJJ,,,,'2021-04-28 13:20:00','2016-11-11 08:30:41','2016-11-11 08:30:41',Resuelto,,
161111-352023,,Incidente importado desde SAC,,Emisión Masivos,Usuario Importador,Telemarketing,,,Solucionado,,,,,AUS1 - AUTOMOTORES,857086,,5304158,Rechazos/ Reducción de cobertura,,,,'2021-04-28 13:20:00','2016-11-11 08:30:41','2016-11-11 08:30:41',Resuelto,,
161111-352026,,Incidente importado desde SAC,,,Usuario Importador,Telemarketing,,,Solucionado,,,,,AUS1 - AUTOMOTORES,857089,,379057,Cliente para retención,,,,'2021-04-28 13:20:00','2016-11-11 08:30:42','2016-11-11 08:30:42',Atendido,,
161111-352027,,Incidente importado desde SAC,,Emisión Masivos,Usuario Importador,Telemarketing,,,Solucionado,,,,,AUS1 - AUTOMOTORES,857090,,601478,Baja de póliza,,,,'2021-04-28 13:20:00','2016-11-11 08:30:42','2016-11-11 08:30:42',Resuelto,,
161111-352030,,Incidente importado desde SAC,,Mailing,Usuario Importador,Telemarketing,,,Solucionado,,,,,APR1 - AUTOMOTORES,857093,,5221949,Certificado de cobertura,,,,'2021-04-28 13:20:00','2016-11-11 08:30:44','2016-11-11 08:30:44',Resuelto,,
161111-352033,,Incidente importado desde SAC,,Emisión Masivos,Usuario Importador,Telemarketing,,,Solucionado,,,,,AUS1 - AUTOMOTORES,857096,,6674520,Rechazos/ Reducción de cobertura,,,,'2021-04-28 13:20:00','2016-11-11 08:30:44','2016-11-11 08:30:44',Resuelto,,
161111-352035,,Incidente importado desde SAC,,Emisión Masivos,Usuario Importador,Canal productor,,,Solucionado,,,,,HOM1 - SEGURO DEL HOGAR,857098,,7111943,Ampliación de Cobertura con ddjj,,,,'2021-04-28 13:20:00','2016-11-11 08:30:45','2016-11-11 08:30:45',Resuelto,,
161111-352041,,Incidente importado desde SAC,,Fleet Services,Usuario Importador,Telemarketing,,,Solucionado,,,,,AUT1 - AUTOMOTORES,857105,,7023065,Contacto del tercero,,,,'2021-04-28 13:20:00','2016-11-11 08:30:47','2016-11-11 08:30:47',Resuelto,,
161111-352043,,Incidente importado desde SAC,,,Usuario Importador,Telemarketing,,,Solucionado,,,,,AUS1 - AUTOMOTORES,857107,,3486710,Cliente para retención,,,,'2021-04-28 13:20:00','2016-11-11 08:30:47','2016-11-11 08:30:47',Atendido,,
161111-352046,,Incidente importado desde SAC,,Emisión Masivos,Usuario Importador,Carta Documento,,,Solucionado,,,,,AUS1 - AUTOMOTORES,857110,,5737748,Modificaciones datos del producto,,,,'2021-04-28 13:20:00','2016-11-11 08:30:47','2016-11-11 08:30:47',Resuelto,,
161111-352049,,Incidente importado desde SAC,,Inspecciones Autos,Usuario Importador,Telemarketing,,,Solucionado,,,,,AUS1 - AUTOMOTORES,857113,,3489572,Inspección por previa DDJJ,,,,'2021-04-28 13:20:00','2016-11-11 08:30:48','2016-11-11 08:30:48',Resuelto,,
161111-352053,,Incidente importado desde SAC,,Emisión Masivos,Usuario Importador,Telemarketing,,,Solucionado,,,,,APR1 - AUTOMOTORES,857117,,3394789,Rechazos/ Reducción de cobertura,,,,'2021-04-28 13:20:00','2016-11-11 08:30:48','2016-11-11 08:30:48',Resuelto,,
161111-352057,,Incidente importado desde SAC,,Emisión Masivos,Usuario Importador,Comercial,,,Solucionado,,,,,HOM1 - SEGURO DEL HOGAR,857121,,3005970,Alta de póliza con inspección,,,,'2021-04-28 13:20:00','2016-11-11 08:30:49','2016-11-11 08:30:49',Resuelto,,
161111-352059,,Incidente importado desde SAC,,Cac,Usuario Importador,Telemarketing,,,Solucionado,,,,,AUS1 - AUTOMOTORES,857123,,5319025,Inspección por previa DDJJ,,,,'2021-04-28 13:20:00','2016-11-11 08:30:49','2016-11-11 08:30:49',No Procedente,,
161111-352062,,Incidente importado desde SAC,,Emisión Masivos,Usuario Importador,Especialistas,,,Solucionado,,,,,AUS1 - AUTOMOTORES,857126,,3552004,,,,,'2021-04-28 13:20:00','2016-11-11 08:30:49','2016-11-11 08:30:49',Resuelto,,
161111-352063,,Incidente importado desde SAC,,Cac,Usuario Importador,Telemarketing,,,Solucionado,,,,,AUS1 - AUTOMOTORES,857127,,1360200,Modificaciones datos del producto,,,,'2021-04-28 13:20:00','2016-11-11 08:30:49','2016-11-11 08:30:49',No Procedente,,
161111-352064,,Incidente importado desde SAC,,Emisión Masivos,Usuario Importador,Telemarketing,,,Solucionado,,,,,AUS1 - AUTOMOTORES,857128,,4484166,Baja de póliza,,,,'2021-04-28 13:20:00','2016-11-11 08:30:49','2016-11-11 08:30:49',Resuelto,,
161111-352067,,Incidente importado desde SAC,,Oficina Mendoza,Usuario Importador,Carta,,,Solucionado,,,,,HOM1 - SEGURO DEL HOGAR,857131,,3266384,Rehabilitación de póliza con Inspección,,,,'2021-04-28 13:20:00','2016-11-11 08:30:50','2016-11-11 08:30:50',Resuelto,,
161111-352069,,Incidente importado desde SAC,,Emisión Masivos,Usuario Importador,Telemarketing,,,Solucionado,,,,,AUS1 - AUTOMOTORES,857133,,7653310,Baja de póliza,,,,'2021-04-28 13:20:00','2016-11-11 08:30:50','2016-11-11 08:30:50',Resuelto,,
161111-352071,,Incidente importado desde SAC,,,Usuario Importador,Telemarketing,,,Solucionado,,,,,AUS1 - AUTOMOTORES,857135,,2317260,Inspección por previa,,,,'2021-04-28 13:20:00','2016-11-11 08:30:51','2016-11-11 08:30:51',Resuelto,,
161111-352072,,Incidente importado desde SAC,,Emisión Masivos,Usuario Importador,Telemarketing,,,Solucionado,,,,,AUS1 - AUTOMOTORES,857136,,4084137,4 cuotas con un descuento del 25 %,,,,'2021-04-28 13:20:00','2016-11-11 08:30:51','2016-11-11 08:30:51',Resuelto,,
161111-352073,,Incidente importado desde SAC,,Emisión Masivos,Usuario Importador,Telemarketing,,,Solucionado,,,,,HOM1 - SEGURO DEL HOGAR,857137,,1165513,Modificación datos personales,,,,'2021-04-28 13:20:00','2016-11-11 08:30:51','2016-11-11 08:30:51',Resuelto,,
161111-352074,,Incidente importado desde SAC,,Telemarketing,Usuario Importador,Telemarketing,,,Solucionado,,,,,AUS1 - AUTOMOTORES,857138,,1033567,Bonificación,,,,'2021-04-28 13:20:00','2016-11-11 08:30:51','2016-11-11 08:30:51',Resuelto,,
161111-352075,,Incidente importado desde SAC,,Emisión Masivos,Usuario Importador,Telemarketing,,,Solucionado,,,,,HOM1 - SEGURO DEL HOGAR,857139,,552341,Propuesta incompleta,,,,'2021-04-28 13:20:00','2016-11-11 08:30:51','2016-11-11 08:30:51',Resuelto,,
161111-352077,,Incidente importado desde SAC,,Emisión Masivos,Usuario Importador,Canal productor,,,Solucionado,,,,,AUS1 - AUTOMOTORES,857141,,4545292,Corrección de propuesta,,,,'2021-04-28 13:20:00','2016-11-11 08:30:51','2016-11-11 08:30:51',Resuelto,,
161111-352079,,Incidente importado desde SAC,,Drive in San Isidro,Usuario Importador,Telemarketing,,,Solucionado,,,,,APL1 - AUTOMOTORES PLANES,857143,,3296885,Daños materiales Cordoba,,,,'2021-04-28 13:20:00','2016-11-11 08:30:52','2016-11-11 08:30:52',Resuelto,,
161111-352080,,Incidente importado desde SAC,,Emisión Masivos,Usuario Importador,Canal productor,,,Solucionado,,,,,AUS1 - AUTOMOTORES,857144,,5010039,Corrección de propuesta,,,,'2021-04-28 13:20:00','2016-11-11 08:30:52','2016-11-11 08:30:52',Resuelto,,
161111-352083,,Incidente importado desde SAC,,Emisión Masivos,Usuario Importador,Telemarketing,,,Solucionado,,,,,AUS1 - AUTOMOTORES,857147,,543312,No califica,,,,'2021-04-28 13:20:00','2016-11-11 08:30:53','2016-11-11 08:30:53',Resuelto,,
161111-352084,,Incidente importado desde SAC,,Oficina Cordoba,Usuario Importador,Telemarketing,,,Solucionado,,,,,AUS1 - AUTOMOTORES,857148,,6875047,Daños materiales Cordoba,,,,'2021-04-28 13:20:00','2016-11-11 08:30:53','2016-11-11 08:30:53',Resuelto,,
161111-352087,,Incidente importado desde SAC,,Emisión Masivos,Usuario Importador,Canal productor,,,Solucionado,,,,,AUP1 - AUTOMOTORES PRODUCTORES,857151,,2361182,Inspección por previa,,,,'2021-04-28 13:20:00','2016-11-11 08:30:53','2016-11-11 08:30:53',No Procedente,,
161111-352088,,Incidente importado desde SAC,,,Usuario Importador,Telemarketing,,,Solucionado,,,,,AUS1 - AUTOMOTORES,857152,,5176656,Cliente para retención,,,,'2021-04-28 13:20:00','2016-11-11 08:30:53','2016-11-11 08:30:53',Atendido,,
161111-352093,,Incidente importado desde SAC,,Emisión Masivos,Usuario Importador,Telemarketing,,,Solucionado,,,,,AUS1 - AUTOMOTORES,857157,,1374814,Suma asegurada,,,,'2021-04-28 13:20:00','2016-11-11 08:30:55','2016-11-11 08:30:55',Resuelto,,
161111-352094,,Incidente importado desde SAC,,Emisión Masivos,Usuario Importador,Carta Documento,,,Solucionado,,,,,AUS1 - AUTOMOTORES,857158,,6101718,Modificación datos personales,,,,'2021-04-28 13:20:00','2016-11-11 08:30:55','2016-11-11 08:30:55',Resuelto,,
161111-352099,,Incidente importado desde SAC,,Inspecciones Autos,Usuario Importador,Telemarketing,,,Solucionado,,,,,AUS1 - AUTOMOTORES,857163,,4876605,Inspección por previa DDJJ,,,,'2021-04-28 13:20:00','2016-11-11 08:30:56','2016-11-11 08:30:56',Resuelto,,
161111-352100,,Incidente importado desde SAC,,Emisión Masivos,Usuario Importador,Telemarketing,,,Solucionado,,,,,AUS1 - AUTOMOTORES,857164,,4318467,4 cuotas con un descuento del 25 %,,,,'2021-04-28 13:20:00','2016-11-11 08:30:56','2016-11-11 08:30:56',Resuelto,,
161111-352103,,Incidente importado desde SAC,,Cac,Usuario Importador,Telemarketing,,,Solucionado,,,,,AUS1 - AUTOMOTORES,857167,,5773529,Cupón de pago,,,,'2021-04-28 13:20:00','2016-11-11 08:30:57','2016-11-11 08:30:57',Anulado,,
161111-352106,,Incidente importado desde SAC,,Gerencia Productores,Usuario Importador,Canal productor,,,Solucionado,,,,,AUS1 - AUTOMOTORES,857170,,2851489,Inspección por previa,,,,'2021-04-28 13:20:00','2016-11-11 08:30:57','2016-11-11 08:30:57',Resuelto,,
161111-352109,,Incidente importado desde SAC,,Robo / Destruccion Total,Usuario Importador,Telemarketing,,,Solucionado,,,,,AUS1 - AUTOMOTORES,857173,,4273145,Robo Total,,,,'2021-04-28 13:20:00','2016-11-11 08:30:58','2016-11-11 08:30:58',Resuelto,,
161111-352114,,Incidente importado desde SAC,,Drive in Ciudadela,Usuario Importador,Telemarketing,,,Solucionado,,,,,AUS1 - AUTOMOTORES,857178,,2033516,Daños materiales drive in Ciudadela,,,,'2021-04-28 13:20:00','2016-11-11 08:30:59','2016-11-11 08:30:59',Resuelto,,
161111-352115,,Incidente importado desde SAC,,Oficina Mar del Plata,Usuario Importador,Carta Documento,,,Solucionado,,,,,AUS1 - AUTOMOTORES,857179,,1061583,No califica,,,,'2021-04-28 13:20:00','2016-11-11 08:30:59','2016-11-11 08:30:59',Resuelto,,
161111-352118,,Incidente importado desde SAC,,Emisión Masivos,Usuario Importador,Telemarketing,,,Solucionado,,,,,AUS1 - AUTOMOTORES,857182,,3436980,Excepción comercial altas,,,,'2021-04-28 13:20:00','2016-11-11 08:30:59','2016-11-11 08:30:59',Resuelto,,
161111-352119,,Incidente importado desde SAC,,Daños Materiales Autos,Usuario Importador,Telemarketing,,,Solucionado,,,,,AUS1 - AUTOMOTORES,857183,,2741962,Daños materiales Casa Central,,,,'2021-04-28 13:20:00','2016-11-11 08:30:59','2016-11-11 08:30:59',Resuelto,,
161111-352122,,Incidente importado desde SAC,,Mailing,Usuario Importador,Telemarketing,,,Solucionado,,,,,AUS1 - AUTOMOTORES,857186,,1408649,Certificado de cobertura,,,,'2021-04-28 13:20:00','2016-11-11 08:31:00','2016-11-11 08:31:00',Atendido,,
161111-352124,,Incidente importado desde SAC,,Drive in Ciudadela,Usuario Importador,Telemarketing,,,Solucionado,,,,,APR1 - AUTOMOTORES,857188,,1806875,Daños materiales drive in Ciudadela,,,,'2021-04-28 13:20:00','2016-11-11 08:31:00','2016-11-11 08:31:00',Resuelto,,
161111-352129,,Incidente importado desde SAC,,Emisión Masivos,Usuario Importador,Telemarketing,,,Solucionado,,,,,AUS1 - AUTOMOTORES,857193,,731322,Rechazos/ Reducción de cobertura,,,,'2021-04-28 13:20:00','2016-11-11 08:31:00','2016-11-11 08:31:00',Resuelto,,
161111-352131,,Incidente importado desde SAC,,Riesgos Varios Casa Central,Usuario Importador,Telemarketing,,,Solucionado,,,,,HOM1 - SEGURO DEL HOGAR,857195,,2741803,Riesgos Varios Casa Central,,,,'2021-04-28 13:20:00','2016-11-11 08:31:01','2016-11-11 08:31:01',Resuelto,,
161111-352139,,Incidente importado desde SAC,,,Usuario Importador,Especialistas,,,Solucionado,,,,,AUS1 - AUTOMOTORES,857203,,4281486,Inspección por previa,,,,'2021-04-28 13:20:00','2016-11-11 08:31:02','2016-11-11 08:31:02',Resuelto,,
161111-352143,,Incidente importado desde SAC,,Emisión Masivos,Usuario Importador,Carta,,,Solucionado,,,,,HOM1 - SEGURO DEL HOGAR,857207,,1412941,No califica,,,,'2021-04-28 13:20:00','2016-11-11 08:31:02','2016-11-11 08:31:02',Resuelto,,
161111-352145,,Incidente importado desde SAC,,Emisión Masivos,Usuario Importador,Telemarketing,,,Solucionado,,,,,AUS1 - AUTOMOTORES,857209,,1303640,No califica,,,,'2021-04-28 13:20:00','2016-11-11 08:31:03','2016-11-11 08:31:03',Resuelto,,
161111-352148,,Incidente importado desde SAC,,,Usuario Importador,Telemarketing,,,Solucionado,,,,,AUS1 - AUTOMOTORES,857212,,1375536,Cliente para retención,,,,'2021-04-28 13:20:00','2016-11-11 08:31:03','2016-11-11 08:31:03',Atendido,,
161111-352156,,Incidente importado desde SAC,,Emisión Masivos,Usuario Importador,Telemarketing,,,Solucionado,,,,,HOM1 - SEGURO DEL HOGAR,857220,,2343610,Baja de póliza,,,,'2021-04-28 13:20:00','2016-11-11 08:31:04','2016-11-11 08:31:04',Resuelto,,
161111-352157,,Incidente importado desde SAC,,Telecobranzas,Usuario Importador,Telemarketing,,,Solucionado,,,,,HOM1 - SEGURO DEL HOGAR,857221,,5716485,Mensaje,,,,'2021-04-28 13:20:00','2016-11-11 08:31:04','2016-11-11 08:31:04',Atendido,,
161111-352158,,Incidente importado desde SAC,,Inspecciones Autos,Usuario Importador,Telemarketing,,,Solucionado,,,,,APL1 - AUTOMOTORES PLANES,857222,,4570020,Rechazos/ Reducción de cobertura,,,,'2021-04-28 13:20:00','2016-11-11 08:31:05','2016-11-11 08:31:05',No Procedente,,
161111-352161,,Incidente importado desde SAC,,Fleet Services,Usuario Importador,Telemarketing,,,Solucionado,,,,,APL1 - AUTOMOTORES PLANES,857225,,3548560,Contacto del tercero,,,,'2021-04-28 13:20:00','2016-11-11 08:31:05','2016-11-11 08:31:05',Resuelto,,
161111-352163,,Incidente importado desde SAC,,Inspecciones Autos,Usuario Importador,Telemarketing,,,Solucionado,,,,,AUS1 - AUTOMOTORES,857227,,3493629,Inspección por previa DDJJ,,,,'2021-04-28 13:20:00','2016-11-11 08:31:06','2016-11-11 08:31:06',Resuelto,,
161111-352165,,Incidente importado desde SAC,,Emisión Masivos,Usuario Importador,Telemarketing,,,Solucionado,,,,,AUS1 - AUTOMOTORES,857229,,7492319,Modificación datos personales,,,,'2021-04-28 13:20:00','2016-11-11 08:31:06','2016-11-11 08:31:06',Resuelto,,
161111-352166,,Incidente importado desde SAC,,Cac,Usuario Importador,Telemarketing,,,Solucionado,,,,,APR1 - AUTOMOTORES,857230,,6212977,Ampliación de Cobertura con inspección,,,,'2021-04-28 13:20:00','2016-11-11 08:31:06','2016-11-11 08:31:06',Resuelto,,
161111-352169,,Incidente importado desde SAC,,Emisión Masivos,Usuario Importador,Telemarketing,,,Solucionado,,,,,APR1 - AUTOMOTORES,857233,,5334662,Rechazos/ Reducción de cobertura,,,,'2021-04-28 13:20:00','2016-11-11 08:31:06','2016-11-11 08:31:06',Resuelto,,
161111-352182,,Incidente importado desde SAC,,Emisión Masivos,Usuario Importador,Telemarketing,,,Solucionado,,,,,AUS1 - AUTOMOTORES,857246,,3455350,Rechazos/ Reducción de cobertura,,,,'2021-04-28 13:20:00','2016-11-11 08:31:10','2016-11-11 08:31:10',Resuelto,,
161111-352185,,Incidente importado desde SAC,,Drive in Lanus,Usuario Importador,Telemarketing,,,Solucionado,,,,,APR1 - AUTOMOTORES,857249,,2627320,Inspección por siniestros,,,,'2021-04-28 13:20:00','2016-11-11 08:31:10','2016-11-11 08:31:10',Resuelto,,
161111-352190,,Incidente importado desde SAC,,Emisión Masivos,Usuario Importador,Telemarketing,,,Solucionado,,,,,APR1 - AUTOMOTORES,857254,,4922603,Inclusión de GNC,,,,'2021-04-28 13:20:00','2016-11-11 08:31:11','2016-11-11 08:31:11',Resuelto,,
161111-352191,,Incidente importado desde SAC,,Emisión Masivos,Usuario Importador,Telemarketing,,,Solucionado,,,,,APR1 - AUTOMOTORES,857255,,4784888,Ampliación de Cobertura con inspección,,,,'2021-04-28 13:20:00','2016-11-11 08:31:11','2016-11-11 08:31:11',Resuelto,,
161111-352193,,Incidente importado desde SAC,,Cobranzas Automático,Usuario Importador,Telemarketing,,,Solucionado,,,,,ATD1 - ROBO/USUAR.T.DEB-CRE,857257,,2566553,No califica,,,,'2021-04-28 13:20:00','2016-11-11 08:31:11','2016-11-11 08:31:11',Resuelto,,
161111-352194,,Incidente importado desde SAC,,,Usuario Importador,Telemarketing,,,Solucionado,,,,,AUS1 - AUTOMOTORES,857258,,3395679,Daños materiales Cordoba,,,,'2021-04-28 13:20:00','2016-11-11 08:31:11','2016-11-11 08:31:11',Resuelto,,
161111-352197,,Incidente importado desde SAC,,Emisión Masivos,Usuario Importador,Telemarketing,,,Solucionado,,,,,APR1 - AUTOMOTORES,857261,,3453645,Rechazos/ Reducción de cobertura,,,,'2021-04-28 13:20:00','2016-11-11 08:31:12','2016-11-11 08:31:12',Resuelto,,
161111-352199,,Incidente importado desde SAC,,Robo / Destruccion Total,Usuario Importador,Telemarketing,,,Solucionado,,,,,AUS1 - AUTOMOTORES,857263,,6062579,Inspección por siniestros,,,,'2021-04-28 13:20:00','2016-11-11 08:31:13','2016-11-11 08:31:13',Resuelto,,
161111-352200,,Incidente importado desde SAC,,Emisión Masivos,Usuario Importador,Telemarketing,,,Solucionado,,,,,AUS1 - AUTOMOTORES,857264,,7388949,Propuesta incompleta,,,,'2021-04-28 13:20:00','2016-11-11 08:31:13','2016-11-11 08:31:13',Resuelto,,
161111-352205,,Incidente importado desde SAC,,Daños Materiales Autos,Usuario Importador,Telemarketing,,,Solucionado,,,,,AUS1 - AUTOMOTORES,857269,,5713423,Daños materiales Casa Central,,,,'2021-04-28 13:20:00','2016-11-11 08:31:13','2016-11-11 08:31:13',Resuelto,,
161111-352211,,Incidente importado desde SAC,,Cobranzas Automático,Usuario Importador,Comercial,,,Solucionado,,,,,AUI1 - AUTOMOTORES INSTITUCIONES,857275,,4808129,No califica,,,,'2021-04-28 13:20:00','2016-11-11 08:31:14','2016-11-11 08:31:14',Resuelto,,
161111-352215,,Incidente importado desde SAC,,Emisión Cartera Gral.,Usuario Importador,Carta Documento,,,Solucionado,,,,,AUT1 - AUTOMOTORES,857279,,7801885,Modificación medio de pago,,,,'2021-04-28 13:20:00','2016-11-11 08:31:14','2016-11-11 08:31:14',Resuelto,,
161111-352218,,Incidente importado desde SAC,,Emisión Masivos,Usuario Importador,Telemarketing,,,Solucionado,,,,,AUS1 - AUTOMOTORES,857282,,2662387,Baja de póliza,,,,'2021-04-28 13:20:00','2016-11-11 08:31:15','2016-11-11 08:31:15',Resuelto,,
161111-352219,,Incidente importado desde SAC,,Cac,Usuario Importador,Telemarketing,,,Solucionado,,,,,APR1 - AUTOMOTORES,857283,,3444861,Ampliación de Cobertura con ddjj,,,,'2021-04-28 13:20:00','2016-11-11 08:31:15','2016-11-11 08:31:15',Resuelto,,
161111-352222,,Incidente importado desde SAC,,Emisión Masivos,Usuario Importador,Telemarketing,,,Solucionado,,,,,AUS1 - AUTOMOTORES,857286,,3440366,4 cuotas con un descuento del 25 %,,,,'2021-04-28 13:20:00','2016-11-11 08:31:15','2016-11-11 08:31:15',Resuelto,,
161111-352228,,Incidente importado desde SAC,,Daños Materiales Autos,Usuario Importador,Telemarketing,,,Solucionado,,,,,AUS1 - AUTOMOTORES,857292,,3718016,Daños materiales Casa Central,,,,'2021-04-28 13:20:00','2016-11-11 08:31:16','2016-11-11 08:31:16',Resuelto,,
161111-352230,,Incidente importado desde SAC,,,Usuario Importador,Canal productor,,,Solucionado,,,,,AUS1 - AUTOMOTORES,857294,,3450902,Corrección de propuesta,,,,'2021-04-28 13:20:00','2016-11-11 08:31:16','2016-11-11 08:31:16',Resuelto,,
161111-352231,,Incidente importado desde SAC,,Inspecciones Autos,Usuario Importador,Telemarketing,,,Solucionado,,,,,AUS1 - AUTOMOTORES,857295,,5338163,Inspección por previa DDJJ,,,,'2021-04-28 13:20:00','2016-11-11 08:31:16','2016-11-11 08:31:16',No Procedente,,
161111-352233,,Incidente importado desde SAC,,,Usuario Importador,Telemarketing,,,Solucionado,,,,,AUS1 - AUTOMOTORES,857297,,3929594,Cliente para retención,,,,'2021-04-28 13:20:00','2016-11-11 08:31:17','2016-11-11 08:31:17',Atendido,,
161111-352235,,Incidente importado desde SAC,,Cerrito- CIS,Usuario Importador,Canal productor,,,Solucionado,,,,,AUT1 - AUTOMOTORES,857299,,5190701,Certificado de cobertura,,,,'2021-04-28 13:20:00','2016-11-11 08:31:17','2016-11-11 08:31:17',Resuelto,,
161111-352236,,Incidente importado desde SAC,,Emisión Masivos,Usuario Importador,Telemarketing,,,Solucionado,,,,,AUS1 - AUTOMOTORES,857300,,2742458,Baja de póliza,,,,'2021-04-28 13:20:00','2016-11-11 08:31:17','2016-11-11 08:31:17',Resuelto,,
161111-352242,,Incidente importado desde SAC,,Telecobranzas,Usuario Importador,Telemarketing,,,Solucionado,,,,,AUT1 - AUTOMOTORES,857306,,7203707,Reenvío al cobro,,,,'2021-04-28 13:20:00','2016-11-11 08:31:18','2016-11-11 08:31:18',Resuelto,,
161111-352245,,Incidente importado desde SAC,,Mailing,Usuario Importador,Telemarketing,,,Solucionado,,,,,AUS1 - AUTOMOTORES,857309,,1100473,Certificado de cobertura,,,,'2021-04-28 13:20:00','2016-11-11 08:31:18','2016-11-11 08:31:18',Resuelto,,
161111-352246,,Incidente importado desde SAC,,Fleet Services,Usuario Importador,Telemarketing,,,Solucionado,,,,,AUS1 - AUTOMOTORES,857310,,1011782,Contacto del tercero,,,,'2021-04-28 13:20:00','2016-11-11 08:31:18','2016-11-11 08:31:18',Resuelto,,
161111-352249,,Incidente importado desde SAC,,Inspecciones Autos,Usuario Importador,Telemarketing,,,Solucionado,,,,,AUS1 - AUTOMOTORES,857313,,3399736,Rechazos/ Reducción de cobertura,,,,'2021-04-28 13:20:00','2016-11-11 08:31:19','2016-11-11 08:31:19',No Procedente,,
161111-352251,,Incidente importado desde SAC,,Emisión Masivos,Usuario Importador,Telemarketing,,,Solucionado,,,,,AUS1 - AUTOMOTORES,857315,,3459238,Rechazos/ Reducción de cobertura,,,,'2021-04-28 13:20:00','2016-11-11 08:31:19','2016-11-11 08:31:19',Resuelto,,
161111-352255,,Incidente importado desde SAC,,Emisión Masivos,Usuario Importador,Telemarketing,,,Solucionado,,,,,AUS1 - AUTOMOTORES,857319,,2533355,Baja de póliza,,,,'2021-04-28 13:20:00','2016-11-11 08:31:20','2016-11-11 08:31:20',Resuelto,,
161111-352256,,Incidente importado desde SAC,,Emisión Masivos,Usuario Importador,Telemarketing,,,Solucionado,,,,,AUS1 - AUTOMOTORES,857320,,3393984,4 cuotas con un descuento del 25 %,,,,'2021-04-28 13:20:00','2016-11-11 08:31:20','2016-11-11 08:31:20',Resuelto,,
161111-352258,,Incidente importado desde SAC,,Fleet Services,Usuario Importador,Telemarketing,,,Solucionado,,,,,AUS1 - AUTOMOTORES,857322,,6973136,Contacto del tercero,,,,'2021-04-28 13:20:00','2016-11-11 08:31:22','2016-11-11 08:31:22',Resuelto,,
161111-352266,,Incidente importado desde SAC,,,Usuario Importador,Telemarketing,,,Solucionado,,,,,AUS1 - AUTOMOTORES,857330,,163552,Cliente para retención,,,,'2021-04-28 13:20:00','2016-11-11 08:31:23','2016-11-11 08:31:23',Atendido,,
161111-352267,,Incidente importado desde SAC,,Emisión Masivos,Usuario Importador,Telemarketing,,,Solucionado,,,,,AUS1 - AUTOMOTORES,857331,,776572,No califica,,,,'2021-04-28 13:20:00','2016-11-11 08:31:23','2016-11-11 08:31:23',Resuelto,,
161111-352268,,Incidente importado desde SAC,,Pago Telefonico,Usuario Importador,Telemarketing,,,Solucionado,,,,,ICO1 - INTEGR.COMERCIO,857332,,5349323,Pago telefónico,,,,'2021-04-28 13:20:00','2016-11-11 08:31:23','2016-11-11 08:31:23',Resuelto,,
161111-352270,,Incidente importado desde SAC,,Cac,Usuario Importador,Telemarketing,,,Solucionado,,,,,AUI1 - AUTOMOTORES INSTITUCIONES,857334,,3700680,Rehabilitación de póliza con Inspección,,,,'2021-04-28 13:20:00','2016-11-11 08:31:23','2016-11-11 08:31:23',No Procedente,,
161111-352273,,Incidente importado desde SAC,,,Usuario Importador,Telemarketing,,,Solucionado,,,,,AUS1 - AUTOMOTORES,857337,,1340770,Cliente para retención,,,,'2021-04-28 13:20:00','2016-11-11 08:31:24','2016-11-11 08:31:24',Atendido,,
161111-352274,,Incidente importado desde SAC,,Emisión Masivos,Usuario Importador,Especialistas,,,Solucionado,,,,,AUS1 - AUTOMOTORES,857338,,393675,No califica,,,,'2021-04-28 13:20:00','2016-11-11 08:31:24','2016-11-11 08:31:24',Resuelto,,
161111-352275,,Incidente importado desde SAC,,Mailing,Usuario Importador,Carta Documento,,,Solucionado,,,,,APR1 - AUTOMOTORES,857339,,2873290,Certificado de cobertura,,,,'2021-04-28 13:20:00','2016-11-11 08:31:24','2016-11-11 08:31:24',Resuelto,,
161111-352278,,Incidente importado desde SAC,,Drive in La Plata,Usuario Importador,Telemarketing,,,Solucionado,,,,,AUA1 - AUTOMOTORES CARTERA GENERAL,857342,,7369046,Daños materiales drive in La Plata,,,,'2021-04-28 13:20:00','2016-11-11 08:31:25','2016-11-11 08:31:25',Resuelto,,
161111-352280,,Incidente importado desde SAC,,Inspecciones Autos,Usuario Importador,Telemarketing,,,Solucionado,,,,,AUS1 - AUTOMOTORES,857344,,4905994,Inspección por previa DDJJ,,,,'2021-04-28 13:20:00','2016-11-11 08:31:25','2016-11-11 08:31:25',Resuelto,,
161111-352281,,Incidente importado desde SAC,,Inspecciones Autos,Usuario Importador,Telemarketing,,,Solucionado,,,,,AUS1 - AUTOMOTORES,857345,,1845913,Inspección por previa DDJJ,,,,'2021-04-28 13:20:00','2016-11-11 08:31:25','2016-11-11 08:31:25',Resuelto,,
161111-352283,,Incidente importado desde SAC,,,Usuario Importador,Telemarketing,,,Solucionado,,,,,AUS1 - AUTOMOTORES,857347,,717878,Cliente para retención,,,,'2021-04-28 13:20:00','2016-11-11 08:31:25','2016-11-11 08:31:25',Atendido,,
161111-352285,,Incidente importado desde SAC,,Riesgos Varios Casa Central,Usuario Importador,Telemarketing,,,Solucionado,,,,,HOM1 - SEGURO DEL HOGAR,857349,,4285896,Riesgos Varios Casa Central,,,,'2021-04-28 13:20:00','2016-11-11 08:31:26','2016-11-11 08:31:26',Resuelto,,
161111-352292,,Incidente importado desde SAC,,Riesgos Varios Casa Central,Usuario Importador,Telemarketing,,,Solucionado,,,,,HOM1 - SEGURO DEL HOGAR,857356,,3753221,Riesgos Varios Casa Central,,,,'2021-04-28 13:20:00','2016-11-11 08:31:26','2016-11-11 08:31:26',Resuelto,,
161111-352294,,Incidente importado desde SAC,,Mailing,Usuario Importador,Carta Documento,,,Solucionado,,,,,APR1 - AUTOMOTORES,857358,,3477272,Certificado de cobertura,,,,'2021-04-28 13:20:00','2016-11-11 08:31:27','2016-11-11 08:31:27',Resuelto,,
161111-352298,,Incidente importado desde SAC,,Oficina Mendoza,Usuario Importador,Telemarketing,,,Solucionado,,,,,AUS1 - AUTOMOTORES,857362,,3653244,Daños materiales Mendoza,,,,'2021-04-28 13:20:00','2016-11-11 08:31:27','2016-11-11 08:31:27',Resuelto,,
161111-352301,,Incidente importado desde SAC,,Telemarketing,Usuario Importador,Telemarketing,,,Solucionado,,,,,AUS1 - AUTOMOTORES,857365,,5208626,Inspección por previa DDJJ,,,,'2021-04-28 13:20:00','2016-11-11 08:31:27','2016-11-11 08:31:27',Resuelto,,
161111-352303,,Incidente importado desde SAC,,Cac,Usuario Importador,Telemarketing,,,Solucionado,,,,,HOM1 - SEGURO DEL HOGAR,857367,,3729416,Rehabilitación de póliza sin Inspección,,,,'2021-04-28 13:20:00','2016-11-11 08:31:28','2016-11-11 08:31:28',Resuelto,,
161111-352306,,Incidente importado desde SAC,,Emisión Masivos,Usuario Importador,Telemarketing,,,Solucionado,,,,,AUS1 - AUTOMOTORES,857370,,3464204,Modificaciones datos del producto,,,,'2021-04-28 13:20:00','2016-11-11 08:31:28','2016-11-11 08:31:28',Resuelto,,
161111-352310,,Incidente importado desde SAC,,Inspecciones Autos,Usuario Importador,Telemarketing,,,Solucionado,,,,,AUS1 - AUTOMOTORES,857374,,5204849,Inspección por previa DDJJ,,,,'2021-04-28 13:20:00','2016-11-11 08:31:29','2016-11-11 08:31:29',Resuelto,,
161111-352312,,Incidente importado desde SAC,,Inspecciones Autos,Usuario Importador,Telemarketing,,,Solucionado,,,,,AUS1 - AUTOMOTORES,857376,,6716153,Excepción comercial altas,,,,'2021-04-28 13:20:00','2016-11-11 08:31:29','2016-11-11 08:31:29',No Procedente,,
161111-352319,,Incidente importado desde SAC,,Juicios / mediaciones daños,Usuario Importador,Telemarketing,,,Solucionado,,,,,AUT1 - AUTOMOTORES,857383,,4553140,Daños materiales Casa Central,,,,'2021-04-28 13:20:00','2016-11-11 08:31:30','2016-11-11 08:31:30',Resuelto,,
161111-352321,,Incidente importado desde SAC,,Emisión Masivos,Usuario Importador,Carta,,,Solucionado,,,,,AUS1 - AUTOMOTORES,857385,,7420007,Baja de póliza,,,,'2021-04-28 13:20:00','2016-11-11 08:31:31','2016-11-11 08:31:31',Resuelto,,
161111-352323,,Incidente importado desde SAC,,Emisión Masivos,Usuario Importador,Telemarketing,,,Solucionado,,,,,AUS1 - AUTOMOTORES,857387,,4114505,Rechazos/ Reducción de cobertura,,,,'2021-04-28 13:20:00','2016-11-11 08:31:31','2016-11-11 08:31:31',Resuelto,,
161111-352324,,Incidente importado desde SAC,,Emisión Masivos,Usuario Importador,Carta Documento,,,Solucionado,,,,,AUS1 - AUTOMOTORES,857388,,524707,Modificación datos personales,,,,'2021-04-28 13:20:00','2016-11-11 08:31:31','2016-11-11 08:31:31',Resuelto,,
161111-352326,,Incidente importado desde SAC,,,Usuario Importador,Telemarketing,,,Solucionado,,,,,AUS1 - AUTOMOTORES,857390,,7568944,Cliente para retención,,,,'2021-04-28 13:20:00','2016-11-11 08:31:31','2016-11-11 08:31:31',Atendido,,
161111-352330,,Incidente importado desde SAC,,Mailing,Usuario Importador,Telemarketing,,,Solucionado,,,,,AUS1 - AUTOMOTORES,857394,,1741479,Certificado de cobertura,,,,'2021-04-28 13:20:00','2016-11-11 08:31:32','2016-11-11 08:31:32',Resuelto,,
161111-352333,,Incidente importado desde SAC,,Emisión Masivos,Usuario Importador,Telemarketing,,,Solucionado,,,,,AUS1 - AUTOMOTORES,857397,,1432559,Modificaciones datos del producto,,,,'2021-04-28 13:20:00','2016-11-11 08:31:33','2016-11-11 08:31:33',Resuelto,,
161111-352336,,Incidente importado desde SAC,,Emisión Masivos,Usuario Importador,Telemarketing,,,Solucionado,,,,,HOM1 - SEGURO DEL HOGAR,857400,,3510957,Baja de póliza,,,,'2021-04-28 13:20:00','2016-11-11 08:31:33','2016-11-11 08:31:33',Resuelto,,
161111-352341,,Incidente importado desde SAC,,Emisión Masivos,Usuario Importador,Telemarketing,,,Solucionado,,,,,AUS1 - AUTOMOTORES,857405,,5751310,Baja de póliza,,,,'2021-04-28 13:20:00','2016-11-11 08:31:35','2016-11-11 08:31:35',Resuelto,,
161111-352342,,Incidente importado desde SAC,,Emisión Masivos,Usuario Importador,Telemarketing,,,Solucionado,,,,,AUS1 - AUTOMOTORES,857406,,592959,Baja de póliza,,,,'2021-04-28 13:20:00','2016-11-11 08:31:35','2016-11-11 08:31:35',Resuelto,,
161111-352343,,Incidente importado desde SAC,,Lesiones,Usuario Importador,Telemarketing,,,Solucionado,,,,,APR1 - AUTOMOTORES,857407,,3831427,Tercero lesionado,,,,'2021-04-28 13:20:00','2016-11-11 08:31:36','2016-11-11 08:31:36',Resuelto,,
161111-352347,,Incidente importado desde SAC,,Cac,Usuario Importador,Telemarketing,,,Solucionado,,,,,HOM1 - SEGURO DEL HOGAR,857411,,7204310,Imputación de cobranzas - Automático,,,,'2021-04-28 13:20:00','2016-11-11 08:31:36','2016-11-11 08:31:36',Resuelto,,
161111-352348,,Incidente importado desde SAC,,Inspecciones Autos,Usuario Importador,Telemarketing,,,Solucionado,,,,,AUS1 - AUTOMOTORES,857412,,3597187,Inspección por previa DDJJ,,,,'2021-04-28 13:20:00','2016-11-11 08:31:37','2016-11-11 08:31:37',Resuelto,,
161111-352349,,Incidente importado desde SAC,,Mailing,Usuario Importador,Telemarketing,,,Solucionado,,,,,AUS1 - AUTOMOTORES,857413,,3957592,Certificado de cobertura,,,,'2021-04-28 13:20:00','2016-11-11 08:31:37','2016-11-11 08:31:37',Atendido,,
161111-352350,,Incidente importado desde SAC,,Mailing,Usuario Importador,Telemarketing,,,Solucionado,,,,,AUS1 - AUTOMOTORES,857414,,3396768,Certificado de cobertura,,,,'2021-04-28 13:20:00','2016-11-11 08:31:37','2016-11-11 08:31:37',Resuelto,,
161111-352351,,Incidente importado desde SAC,,Lesiones,Usuario Importador,Telemarketing,,,Solucionado,,,,,AUI1 - AUTOMOTORES INSTITUCIONES,857415,,7257792,Tercero lesionado,,,,'2021-04-28 13:20:00','2016-11-11 08:31:37','2016-11-11 08:31:37',Resuelto,,
161111-352356,,Incidente importado desde SAC,,Telecobranzas,Usuario Importador,Telemarketing,,,Solucionado,,,,,AUS1 - AUTOMOTORES,857420,,7661658,Mensaje,,,,'2021-04-28 13:20:00','2016-11-11 08:31:37','2016-11-11 08:31:37',Atendido,,
161111-352358,,Incidente importado desde SAC,,Emisión Masivos,Usuario Importador,Especialistas,,,Solucionado,,,,,AUS1 - AUTOMOTORES,857422,,4357891,Bonificación,,,,'2021-04-28 13:20:00','2016-11-11 08:31:38','2016-11-11 08:31:38',Resuelto,,
161111-352361,,Incidente importado desde SAC,,Emisión Masivos,Usuario Importador,Telemarketing,,,Solucionado,,,,,HOM1 - SEGURO DEL HOGAR,857425,,5971919,Baja de póliza,,,,'2021-04-28 13:20:00','2016-11-11 08:31:38','2016-11-11 08:31:38',Resuelto,,
161111-352365,,Incidente importado desde SAC,,Inspecciones Autos,Usuario Importador,Telemarketing,,,Solucionado,,,,,AUS1 - AUTOMOTORES,857429,,5207263,Inspección por previa DDJJ,,,,'2021-04-28 13:20:00','2016-11-11 08:31:39','2016-11-11 08:31:39',Resuelto,,
161111-352366,,Incidente importado desde SAC,,Emisión Masivos,Usuario Importador,Telemarketing,,,Solucionado,,,,,AUS1 - AUTOMOTORES,857430,,1934298,Modificaciones scoring,,,,'2021-04-28 13:20:00','2016-11-11 08:31:39','2016-11-11 08:31:39',Resuelto,,
161111-352368,,Incidente importado desde SAC,,Emisión Masivos,Usuario Importador,Telemarketing,,,Solucionado,,,,,AUS1 - AUTOMOTORES,857432,,3440700,Corrección de propuesta,,,,'2021-04-28 13:20:00','2016-11-11 08:31:40','2016-11-11 08:31:40',Resuelto,,
161111-352370,,Incidente importado desde SAC,,Emisión Masivos,Usuario Importador,Telemarketing,,,Solucionado,,,,,APR1 - AUTOMOTORES,857434,,3596051,Rechazos/ Reducción de cobertura,,,,'2021-04-28 13:20:00','2016-11-11 08:31:40','2016-11-11 08:31:40',Resuelto,,
161111-352372,,Incidente importado desde SAC,,Prestadores,Usuario Importador,Telemarketing,,,Solucionado,,,,,APL1 - AUTOMOTORES PLANES,857435,,3473085,,,,,'2021-04-28 13:20:00','2016-11-11 08:31:42','2016-11-11 08:31:42',Resuelto,,
161111-352378,,Incidente importado desde SAC,,Inspecciones Autos,Usuario Importador,Telemarketing,,,Solucionado,,,,,AUS1 - AUTOMOTORES,857441,,5317653,Inspección por previa DDJJ,,,,'2021-04-28 13:20:00','2016-11-11 08:31:44','2016-11-11 08:31:44',Resuelto,,
161111-352379,,Incidente importado desde SAC,,Daños Materiales Autos,Usuario Importador,Telemarketing,,,Solucionado,,,,,AUA1 - AUTOMOTORES CARTERA GENERAL,857442,,6680835,Daños materiales Casa Central,,,,'2021-04-28 13:20:00','2016-11-11 08:31:44','2016-11-11 08:31:44',Resuelto,,
161111-352381,,Incidente importado desde SAC,,Inspecciones Autos,Usuario Importador,Telemarketing,,,Solucionado,,,,,AUS1 - AUTOMOTORES,857444,,3433156,Inspección por previa DDJJ,,,,'2021-04-28 13:20:00','2016-11-11 08:31:44','2016-11-11 08:31:44',Resuelto,,
161111-352384,,Incidente importado desde SAC,,Emisión Masivos,Usuario Importador,Telemarketing,,,Solucionado,,,,,AUS1 - AUTOMOTORES,857447,,1406358,4 cuotas con un descuento del 25 %,,,,'2021-04-28 13:20:00','2016-11-11 08:31:44','2016-11-11 08:31:44',Resuelto,,
161111-352390,,Incidente importado desde SAC,,Emisión Masivos,Usuario Importador,Canal productor,,,Solucionado,,,,,AUS1 - AUTOMOTORES,857453,,3874925,Corrección de propuesta,,,,'2021-04-28 13:20:00','2016-11-11 08:31:45','2016-11-11 08:31:45',No Procedente,,
161111-352392,,Incidente importado desde SAC,,Fleet Services,Usuario Importador,Telemarketing,,,Solucionado,,,,,AUS1 - AUTOMOTORES,857455,,3659716,Contacto del tercero,,,,'2021-04-28 13:20:00','2016-11-11 08:31:45','2016-11-11 08:31:45',Resuelto,,
161111-352396,,Incidente importado desde SAC,,Cac,Usuario Importador,Telemarketing,,,Solucionado,,,,,HOM1 - SEGURO DEL HOGAR,857459,,4190997,Endosos CAC,,,,'2021-04-28 13:20:00','2016-11-11 08:31:46','2016-11-11 08:31:46',Resuelto,,
161111-352398,,Incidente importado desde SAC,,Emisión Masivos,Usuario Importador,Comercial,,,Solucionado,,,,,APR1 - AUTOMOTORES,857461,,4489847,Modificación datos personales,,,,'2021-04-28 13:20:00','2016-11-11 08:31:46','2016-11-11 08:31:46',Resuelto,,
161111-352399,,Incidente importado desde SAC,,Cac,Usuario Importador,Telemarketing,,,Solucionado,,,,,APR1 - AUTOMOTORES,857462,,5342582,Endosos CAC,,,,'2021-04-28 13:20:00','2016-11-11 08:31:46','2016-11-11 08:31:46',Resuelto,,
161111-352401,,Incidente importado desde SAC,,Mailing,Usuario Importador,Telemarketing,,,Solucionado,,,,,AUS1 - AUTOMOTORES,857464,,1804907,Certificado de cobertura,,,,'2021-04-28 13:20:00','2016-11-11 08:31:47','2016-11-11 08:31:47',Resuelto,,
161111-352402,,Incidente importado desde SAC,,Emisión Masivos,Usuario Importador,Telemarketing,,,Solucionado,,,,,AUS1 - AUTOMOTORES,857465,,3521305,Rechazos/ Reducción de cobertura,,,,'2021-04-28 13:20:00','2016-11-11 08:31:47','2016-11-11 08:31:47',Resuelto,,
161111-352405,,Incidente importado desde SAC,,Emisión Masivos,Usuario Importador,Carta Documento,,,Solucionado,,,,,AUS1 - AUTOMOTORES,857468,,7735578,No califica,,,,'2021-04-28 13:20:00','2016-11-11 08:31:47','2016-11-11 08:31:47',Resuelto,,
161111-352406,,Incidente importado desde SAC,,,Usuario Importador,Telemarketing,,,Solucionado,,,,,AUS1 - AUTOMOTORES,857469,,4587886,Cliente para retención,,,,'2021-04-28 13:20:00','2016-11-11 08:31:47','2016-11-11 08:31:47',Atendido,,
161111-352408,,Incidente importado desde SAC,,Emisión Masivos,Usuario Importador,Telemarketing,,,Solucionado,,,,,AUS1 - AUTOMOTORES,857471,,1410124,4 cuotas con un descuento del 25 %,,,,'2021-04-28 13:20:00','2016-11-11 08:31:49','2016-11-11 08:31:49',Resuelto,,
161111-352414,,Incidente importado desde SAC,,Emisión Masivos,Usuario Importador,Telemarketing,,,Solucionado,,,,,AUS1 - AUTOMOTORES,857477,,7215168,Referidos,,,,'2021-04-28 13:20:00','2016-11-11 08:31:50','2016-11-11 08:31:50',Resuelto,,
161111-352418,,Incidente importado desde SAC,,Lesiones,Usuario Importador,Telemarketing,,,Solucionado,,,,,APR1 - AUTOMOTORES,857481,,5187711,Tercero lesionado,,,,'2021-04-28 13:20:00','2016-11-11 08:31:51','2016-11-11 08:31:51',Resuelto,,
161111-352420,,Incidente importado desde SAC,,Emisión Masivos,Usuario Importador,Telemarketing,,,Solucionado,,,,,HOM1 - SEGURO DEL HOGAR,857483,,3994883,Baja de póliza,,,,'2021-04-28 13:20:00','2016-11-11 08:31:51','2016-11-11 08:31:51',Resuelto,,
161111-352424,,Incidente importado desde SAC,,Mailing,Usuario Importador,Telemarketing,,,Solucionado,,,,,AUS1 - AUTOMOTORES,857487,,4408162,Certificado de cobertura,,,,'2021-04-28 13:20:00','2016-11-11 08:31:52','2016-11-11 08:31:52',Resuelto,,
161111-352435,,Incidente importado desde SAC,,Inspecciones Autos,Usuario Importador,Telemarketing,,,Solucionado,,,,,AUS1 - AUTOMOTORES,857498,,3236760,Inspección por previa DDJJ,,,,'2021-04-28 13:20:00','2016-11-11 08:31:53','2016-11-11 08:31:53',Resuelto,,
161111-352437,,Incidente importado desde SAC,,Robo / Destruccion Total,Usuario Importador,Telemarketing,,,Solucionado,,,,,APL1 - AUTOMOTORES PLANES,857500,,4310747,Robo Total,,,,'2021-04-28 13:20:00','2016-11-11 08:31:53','2016-11-11 08:31:53',Resuelto,,
161111-352439,,Incidente importado desde SAC,,Oficina Mendoza,Usuario Importador,Carta Documento,,,Solucionado,,,,,APR1 - AUTOMOTORES,857502,,3412114,Daños materiales Mendoza,,,,'2021-04-28 13:20:00','2016-11-11 08:31:53','2016-11-11 08:31:53',Resuelto,,
161111-352442,,Incidente importado desde SAC,,Emisión Masivos,Usuario Importador,Telemarketing,,,Solucionado,,,,,AUS1 - AUTOMOTORES,857505,,5920211,Rechazos/ Reducción de cobertura,,,,'2021-04-28 13:20:00','2016-11-11 08:31:54','2016-11-11 08:31:54',Resuelto,,
161111-352445,,Incidente importado desde SAC,,Oficina Cordoba,Usuario Importador,Telemarketing,,,Solucionado,,,,,APR1 - AUTOMOTORES,857508,,5358720,Destrucción Total,,,,'2021-04-28 13:20:00','2016-11-11 08:31:54','2016-11-11 08:31:54',Resuelto,,
161111-352447,,Incidente importado desde SAC,,Emisión Masivos,Usuario Importador,Telemarketing,,,Solucionado,,,,,AUS1 - AUTOMOTORES,857510,,5174309,Rechazos/ Reducción de cobertura,,,,'2021-04-28 13:20:00','2016-11-11 08:31:54','2016-11-11 08:31:54',Resuelto,,
161111-352448,,Incidente importado desde SAC,,Emisión Masivos,Usuario Importador,Telemarketing,,,Solucionado,,,,,AUS1 - AUTOMOTORES,857511,,5018040,4 cuotas con un descuento del 25 %,,,,'2021-04-28 13:20:00','2016-11-11 08:31:54','2016-11-11 08:31:54',Resuelto,,
161111-352451,,Incidente importado desde SAC,,Emisión Masivos,Usuario Importador,Telemarketing,,,Solucionado,,,,,AUS1 - AUTOMOTORES,857514,,5394650,Baja de póliza,,,,'2021-04-28 13:20:00','2016-11-11 08:31:55','2016-11-11 08:31:55',Resuelto,,
161111-352453,,Incidente importado desde SAC,,Fleet Services,Usuario Importador,Telemarketing,,,Solucionado,,,,,AUA1 - AUTOMOTORES CARTERA GENERAL,857516,,3316731,Contacto del tercero,,,,'2021-04-28 13:20:00','2016-11-11 08:31:55','2016-11-11 08:31:55',Resuelto,,
161111-352454,,Incidente importado desde SAC,,Emisión Masivos,Usuario Importador,Telemarketing,,,Solucionado,,,,,HOM1 - SEGURO DEL HOGAR,857517,,3164015,Baja de póliza,,,,'2021-04-28 13:20:00','2016-11-11 08:31:55','2016-11-11 08:31:55',Resuelto,,
161111-352459,,Incidente importado desde SAC,,Oficina Mendoza,Usuario Importador,Carta,,,Solucionado,,,,,APR1 - AUTOMOTORES,857521,,7809422,Modificaciones datos del producto,,,,'2021-04-28 13:20:00','2016-11-11 08:31:56','2016-11-11 08:31:56',Resuelto,,
161111-352460,,Incidente importado desde SAC,,Fleet Services,Usuario Importador,Telemarketing,,,Solucionado,,,,,AUA1 - AUTOMOTORES CARTERA GENERAL,857522,,1325760,Contacto del tercero,,,,'2021-04-28 13:20:00','2016-11-11 08:31:56','2016-11-11 08:31:56',Resuelto,,
161111-352461,,Incidente importado desde SAC,,Emisión Masivos,Usuario Importador,Telemarketing,,,Solucionado,,,,,APR1 - AUTOMOTORES,857523,,3630568,Ampliación de Cobertura con inspección,,,,'2021-04-28 13:20:00','2016-11-11 08:31:56','2016-11-11 08:31:56',Resuelto,,
161111-352462,,Incidente importado desde SAC,,Emisión Masivos,Usuario Importador,Canal productor,,,Solucionado,,,,,AUP1 - AUTOMOTORES PRODUCTORES,857524,,2519487,Baja de póliza,,,,'2021-04-28 13:20:00','2016-11-11 08:31:56','2016-11-11 08:31:56',Resuelto,,
161111-352463,,Incidente importado desde SAC,,Cac,Usuario Importador,Telemarketing,,,Solucionado,,,,,AUS1 - AUTOMOTORES,857525,,4913217,Endosos CAC,,,,'2021-04-28 13:20:00','2016-11-11 08:31:56','2016-11-11 08:31:56',Resuelto,,
161111-352467,,Incidente importado desde SAC,,Drive in Centro,Usuario Importador,Telemarketing,,,Solucionado,,,,,AUA1 - AUTOMOTORES CARTERA GENERAL,857529,,1288672,Daños materiales drive In Centro,,,,'2021-04-28 13:20:00','2016-11-11 08:31:57','2016-11-11 08:31:57',Resuelto,,
161111-352473,,Incidente importado desde SAC,,,Usuario Importador,Telemarketing,,,Solucionado,,,,,AUS1 - AUTOMOTORES,857535,,945605,Cliente para retención,,,,'2021-04-28 13:20:00','2016-11-11 08:31:58','2016-11-11 08:31:58',Atendido,,
161111-352474,,Incidente importado desde SAC,,Drive in Ciudadela,Usuario Importador,Telemarketing,,,Solucionado,,,,,APL1 - AUTOMOTORES PLANES,857536,,3484869,Daños materiales drive in Ciudadela,,,,'2021-04-28 13:20:00','2016-11-11 08:31:58','2016-11-11 08:31:58',Resuelto,,
161111-352476,,Incidente importado desde SAC,,Emisión Masivos,Usuario Importador,Telemarketing,,,Solucionado,,,,,AUS1 - AUTOMOTORES,857538,,2275549,Inspección por previa,,,,'2021-04-28 13:20:00','2016-11-11 08:31:58','2016-11-11 08:31:58',Resuelto,,
161111-352478,,Incidente importado desde SAC,,Emisión Masivos,Usuario Importador,Telemarketing,,,Solucionado,,,,,AUS1 - AUTOMOTORES,857540,,2992630,Baja de póliza,,,,'2021-04-28 13:20:00','2016-11-11 08:31:58','2016-11-11 08:31:58',Resuelto,,
161111-352483,,Incidente importado desde SAC,,Inspecciones Autos,Usuario Importador,Telemarketing,,,Solucionado,,,,,AUS1 - AUTOMOTORES,857545,,5165026,Inspección por previa DDJJ,,,,'2021-04-28 13:20:00','2016-11-11 08:31:59','2016-11-11 08:31:59',Resuelto,,
161111-352484,,Incidente importado desde SAC,,Telecobranzas,Usuario Importador,Telemarketing,,,Solucionado,,,,,AUS1 - AUTOMOTORES,857546,,7573757,Mensaje,,,,'2021-04-28 13:20:00','2016-11-11 08:31:59','2016-11-11 08:31:59',Atendido,,
161111-352485,,Incidente importado desde SAC,,Especialistas,Usuario Importador,Telemarketing,,,Solucionado,,,,,AUT1 - AUTOMOTORES,857547,,1348586,Cartera general,,,,'2021-04-28 13:20:00','2016-11-11 08:32:00','2016-11-11 08:32:00',Resuelto,,
161111-352487,,Incidente importado desde SAC,,Pago Telefonico,Usuario Importador,Telemarketing,,,Solucionado,,,,,AUT1 - AUTOMOTORES,857549,,429557,Pago telefónico,,,,'2021-04-28 13:20:00','2016-11-11 08:32:00','2016-11-11 08:32:00',Resuelto,,
161111-352492,,Incidente importado desde SAC,,Emisión Masivos,Usuario Importador,Telemarketing,,,Solucionado,,,,,AUS1 - AUTOMOTORES,857554,,671444,Baja de póliza,,,,'2021-04-28 13:20:00','2016-11-11 08:32:02','2016-11-11 08:32:02',Resuelto,,
161111-352493,,Incidente importado desde SAC,,Emisión Masivos,Usuario Importador,Telemarketing,,,Solucionado,,,,,AUS1 - AUTOMOTORES,857555,,2321822,Baja de póliza,,,,'2021-04-28 13:20:00','2016-11-11 08:32:02','2016-11-11 08:32:02',Resuelto,,
161111-352498,,Incidente importado desde SAC,,Emisión Masivos,Usuario Importador,Telemarketing,,,Solucionado,,,,,HOM1 - SEGURO DEL HOGAR,857560,,4871549,Baja de póliza,,,,'2021-04-28 13:20:00','2016-11-11 08:32:03','2016-11-11 08:32:03',Resuelto,,
161111-352501,,Incidente importado desde SAC,,,Usuario Importador,Telemarketing,,,Solucionado,,,,,AUS1 - AUTOMOTORES,857563,,5496657,Cliente para retención,,,,'2021-04-28 13:20:00','2016-11-11 08:32:03','2016-11-11 08:32:03',Atendido,,
161111-352505,,Incidente importado desde SAC,,Emisión Masivos,Usuario Importador,Telemarketing,,,Solucionado,,,,,AUS1 - AUTOMOTORES,857567,,546390,Baja de póliza,,,,'2021-04-28 13:20:00','2016-11-11 08:32:04','2016-11-11 08:32:04',Resuelto,,
161111-352513,,Incidente importado desde SAC,,Riesgos Varios Casa Central,Usuario Importador,Telemarketing,,,Solucionado,,,,,HOM1 - SEGURO DEL HOGAR,857575,,2173327,Riesgos Varios Casa Central,,,,'2021-04-28 13:20:00','2016-11-11 08:32:05','2016-11-11 08:32:05',Resuelto,,
161111-352514,,Incidente importado desde SAC,,,Usuario Importador,Telemarketing,,,Solucionado,,,,,AUS1 - AUTOMOTORES,857576,,3759266,Cliente para retención,,,,'2021-04-28 13:20:00','2016-11-11 08:32:05','2016-11-11 08:32:05',Atendido,,
161111-352515,,Incidente importado desde SAC,,Mailing,Usuario Importador,Carta Documento,,,Solucionado,,,,,AUS1 - AUTOMOTORES,857577,,6767047,Certificado de cobertura,,,,'2021-04-28 13:20:00','2016-11-11 08:32:05','2016-11-11 08:32:05',Resuelto,,
161111-352517,,Incidente importado desde SAC,,Emisión Masivos,Usuario Importador,Telemarketing,,,Solucionado,,,,,AUI1 - AUTOMOTORES INSTITUCIONES,857579,,1148984,Rechazos/ Reducción de cobertura,,,,'2021-04-28 13:20:00','2016-11-11 08:32:05','2016-11-11 08:32:05',Resuelto,,
161111-352518,,Incidente importado desde SAC,,Riesgos Varios Casa Central,Usuario Importador,Telemarketing,,,Solucionado,,,,,HOM1 - SEGURO DEL HOGAR,857580,,6505597,Riesgos Varios Casa Central,,,,'2021-04-28 13:20:00','2016-11-11 08:32:05','2016-11-11 08:32:05',Resuelto,,
161111-352520,,Incidente importado desde SAC,,Inspecciones Autos,Usuario Importador,Telemarketing,,,Solucionado,,,,,AUS1 - AUTOMOTORES,857582,,5826803,Inspección por previa DDJJ,,,,'2021-04-28 13:20:00','2016-11-11 08:32:05','2016-11-11 08:32:05',Resuelto,,
161111-352535,,Incidente importado desde SAC,,Emisión Masivos,Usuario Importador,Comercial,,,Solucionado,,,,,AUS1 - AUTOMOTORES,857597,,5288782,Cambio de campaña,,,,'2021-04-28 13:20:00','2016-11-11 08:32:08','2016-11-11 08:32:08',Resuelto,,
161111-352549,,Incidente importado desde SAC,,Emisión Masivos,Usuario Importador,Telemarketing,,,Solucionado,,,,,HOM1 - SEGURO DEL HOGAR,857611,,1742512,Baja de póliza,,,,'2021-04-28 13:20:00','2016-11-11 08:32:10','2016-11-11 08:32:10',Resuelto,,
161111-352551,,Incidente importado desde SAC,,Drive in Libertador,Usuario Importador,Telemarketing,,,Solucionado,,,,,AUS1 - AUTOMOTORES,857613,,7380021,Denuncia daños materiales,,,,'2021-04-28 13:20:00','2016-11-11 08:32:11','2016-11-11 08:32:11',Resuelto,,
161111-352552,,Incidente importado desde SAC,,,Usuario Importador,Telemarketing,,,Solucionado,,,,,AUS1 - AUTOMOTORES,857614,,5030000,Cliente para retención,,,,'2021-04-28 13:20:00','2016-11-11 08:32:11','2016-11-11 08:32:11',Atendido,,
161111-352554,,Incidente importado desde SAC,,Fleet Services,Usuario Importador,Telemarketing,,,Solucionado,,,,,AUT1 - AUTOMOTORES,857616,,1872965,Contacto del tercero,,,,'2021-04-28 13:20:00','2016-11-11 08:32:11','2016-11-11 08:32:11',Resuelto,,
161111-352564,,Incidente importado desde SAC,,Riesgos Varios Casa Central,Usuario Importador,Telemarketing,,,Solucionado,,,,,HOM1 - SEGURO DEL HOGAR,857626,,4407603,Denuncia Riesgos Varios,,,,'2021-04-28 13:20:00','2016-11-11 08:32:12','2016-11-11 08:32:12',Resuelto,,
161111-352566,,Incidente importado desde SAC,,Emisión Masivos,Usuario Importador,Carta Documento,,,Solucionado,,,,,HOM1 - SEGURO DEL HOGAR,857628,,1742707,No califica,,,,'2021-04-28 13:20:00','2016-11-11 08:32:12','2016-11-11 08:32:12',Resuelto,,
161111-352574,,Incidente importado desde SAC,,Emisión Masivos,Usuario Importador,Carta Documento,,,Solucionado,,,,,AUI1 - AUTOMOTORES INSTITUCIONES,857635,,3271775,Facturación,,,,'2021-04-28 13:20:00','2016-11-11 08:32:15','2016-11-11 08:32:15',Resuelto,,
161111-352575,,Incidente importado desde SAC,,Cac,Usuario Importador,Telemarketing,,,Solucionado,,,,,ICO1 - INTEGR.COMERCIO,857636,,2315581,Cartera general,,,,'2021-04-28 13:20:00','2016-11-11 08:32:15','2016-11-11 08:32:15',Anulado,,
161111-352576,,Incidente importado desde SAC,,Inspecciones Autos,Usuario Importador,Telemarketing,,,Solucionado,,,,,AUS1 - AUTOMOTORES,857637,,901386,Inspección por previa DDJJ,,,,'2021-04-28 13:20:00','2016-11-11 08:32:15','2016-11-11 08:32:15',Resuelto,,
161111-352578,,Incidente importado desde SAC,,Emisión Masivos,Usuario Importador,Telemarketing,,,Solucionado,,,,,HOM1 - SEGURO DEL HOGAR,857639,,5417272,Baja de póliza,,,,'2021-04-28 13:20:00','2016-11-11 08:32:16','2016-11-11 08:32:16',Resuelto,,
161111-352579,,Incidente importado desde SAC,,Emisión Masivos,Usuario Importador,Telemarketing,,,Solucionado,,,,,HOM1 - SEGURO DEL HOGAR,857640,,3726130,Ampliación de Cobertura con inspección,,,,'2021-04-28 13:20:00','2016-11-11 08:32:16','2016-11-11 08:32:16',Resuelto,,
161111-352582,,Incidente importado desde SAC,,Emisión Masivos,Usuario Importador,Telemarketing,,,Solucionado,,,,,AUS1 - AUTOMOTORES,857643,,7471596,Modificación datos personales,,,,'2021-04-28 13:20:00','2016-11-11 08:32:16','2016-11-11 08:32:16',Resuelto,,
161111-352585,,Incidente importado desde SAC,,Emisión Masivos,Usuario Importador,Comercial,,,Solucionado,,,,,AUI1 - AUTOMOTORES INSTITUCIONES,857646,,7058863,Modificaciones datos del producto,,,,'2021-04-28 13:20:00','2016-11-11 08:32:17','2016-11-11 08:32:17',Resuelto,,
161111-352591,,Incidente importado desde SAC,,Riesgos Varios Casa Central,Usuario Importador,Telemarketing,,,Solucionado,,,,,HOM1 - SEGURO DEL HOGAR,857652,,2484529,Riesgos Varios Casa Central,,,,'2021-04-28 13:20:00','2016-11-11 08:32:17','2016-11-11 08:32:17',Resuelto,,
161111-352594,,Incidente importado desde SAC,,Emisión Masivos,Usuario Importador,Telemarketing,,,Solucionado,,,,,AUS1 - AUTOMOTORES,857655,,1336919,No califica,,,,'2021-04-28 13:20:00','2016-11-11 08:32:18','2016-11-11 08:32:18',Resuelto,,
161111-352597,,Incidente importado desde SAC,,Daños Materiales Autos,Usuario Importador,Telemarketing,,,Solucionado,,,,,AUS1 - AUTOMOTORES,857658,,758547,Denuncia daños materiales,,,,'2021-04-28 13:20:00','2016-11-11 08:32:18','2016-11-11 08:32:18',Resuelto,,
161111-352598,,Incidente importado desde SAC,,Emisión Masivos,Usuario Importador,Telemarketing,,,Solucionado,,,,,HOM1 - SEGURO DEL HOGAR,857659,,2338497,Modificación medio de pago,,,,'2021-04-28 13:20:00','2016-11-11 08:32:19','2016-11-11 08:32:19',Resuelto,,
161111-352603,,Incidente importado desde SAC,,Emisión Masivos,Usuario Importador,Telemarketing,,,Solucionado,,,,,HOM1 - SEGURO DEL HOGAR,857663,,2219181,Baja de póliza,,,,'2021-04-28 13:20:00','2016-11-11 08:32:19','2016-11-11 08:32:19',Resuelto,,
161111-352604,,Incidente importado desde SAC,,Telemarketing,Usuario Importador,Carta Documento,,,Solucionado,,,,,AUS1 - AUTOMOTORES,857664,,3602681,10 cuotas con un descuento del 15 %,,,,'2021-04-28 13:20:00','2016-11-11 08:32:19','2016-11-11 08:32:19',Resuelto,,
161111-352608,,Incidente importado desde SAC,,Emisión Masivos,Usuario Importador,Telemarketing,,,Solucionado,,,,,AUS1 - AUTOMOTORES,857667,,2333767,10 cuotas con un descuento del 15 %,,,,'2021-04-28 13:20:00','2016-11-11 08:32:20','2016-11-11 08:32:20',Resuelto,,
161111-352611,,Incidente importado desde SAC,,Emisión Masivos,Usuario Importador,Telemarketing,,,Solucionado,,,,,APR1 - AUTOMOTORES,857670,,2378931,Ampliación de Cobertura con inspección,,,,'2021-04-28 13:20:00','2016-11-11 08:32:20','2016-11-11 08:32:20',Resuelto,,
161111-352615,,Incidente importado desde SAC,,Emisión Masivos,Usuario Importador,Telemarketing,,,Solucionado,,,,,AUS1 - AUTOMOTORES,857674,,1057800,Baja de póliza,,,,'2021-04-28 13:20:00','2016-11-11 08:32:21','2016-11-11 08:32:21',Resuelto,,
161111-352617,,Incidente importado desde SAC,,Gerencia Clientes,Usuario Importador,Telemarketing,,,Solucionado,,,,,AUS1 - AUTOMOTORES,857676,,3430488,Ampliación de Cobertura con inspección,,,,'2021-04-28 13:20:00','2016-11-11 08:32:21','2016-11-11 08:32:21',No Procedente,,
161111-352618,,Incidente importado desde SAC,,Daños Materiales Autos,Usuario Importador,Telemarketing,,,Solucionado,,,,,AUS1 - AUTOMOTORES,857677,,6908297,Inspección por siniestros,,,,'2021-04-28 13:20:00','2016-11-11 08:32:21','2016-11-11 08:32:21',Resuelto,,
161111-352619,,Incidente importado desde SAC,,Inspecciones Autos,Usuario Importador,Especialistas,,,Solucionado,,,,,AUS1 - AUTOMOTORES,857678,,1733341,Inspección por previa,,,,'2021-04-28 13:20:00','2016-11-11 08:32:21','2016-11-11 08:32:21',No Procedente,,
161111-352621,,Incidente importado desde SAC,,Emisión Masivos,Usuario Importador,Telemarketing,,,Solucionado,,,,,AUS1 - AUTOMOTORES,857680,,1173387,Rechazos/ Reducción de cobertura,,,,'2021-04-28 13:20:00','2016-11-11 08:32:21','2016-11-11 08:32:21',Resuelto,,
161111-352622,,Incidente importado desde SAC,,Emisión Masivos,Usuario Importador,Telemarketing,,,Solucionado,,,,,AUS1 - AUTOMOTORES,857681,,3384131,No califica,,,,'2021-04-28 13:20:00','2016-11-11 08:32:21','2016-11-11 08:32:21',Resuelto,,
161111-352623,,Incidente importado desde SAC,,Emisión Masivos,Usuario Importador,Telemarketing,,,Solucionado,,,,,HOM1 - SEGURO DEL HOGAR,857682,,1800234,Baja de póliza,,,,'2021-04-28 13:20:00','2016-11-11 08:32:21','2016-11-11 08:32:21',Resuelto,,
161111-352624,,Incidente importado desde SAC,,Lesiones,Usuario Importador,Telemarketing,,,Solucionado,,,,,APR1 - AUTOMOTORES,857683,,5256641,Tercero lesionado,,,,'2021-04-28 13:20:00','2016-11-11 08:32:22','2016-11-11 08:32:22',Resuelto,,
161111-352627,,Incidente importado desde SAC,,Fleet Services,Usuario Importador,Telemarketing,,,Solucionado,,,,,AUS1 - AUTOMOTORES,857686,,2468399,Contacto del tercero,,,,'2021-04-28 13:20:00','2016-11-11 08:32:23','2016-11-11 08:32:23',Resuelto,,
161111-352630,,Incidente importado desde SAC,,Inspecciones Autos,Usuario Importador,Telemarketing,,,Solucionado,,,,,AUS1 - AUTOMOTORES,857689,,6091063,Inspección por previa DDJJ,,,,'2021-04-28 13:20:00','2016-11-11 08:32:23','2016-11-11 08:32:23',No Procedente,,
161111-352632,,Incidente importado desde SAC,,Emisión Masivos,Usuario Importador,Telemarketing,,,Solucionado,,,,,AUS1 - AUTOMOTORES,857690,,678858,Inclusión/Exclusión Co-titular,,,,'2021-04-28 13:20:00','2016-11-11 08:32:23','2016-11-11 08:32:23',Resuelto,,
161111-352633,,Incidente importado desde SAC,,Cac,Usuario Importador,Carta Documento,,,Solucionado,,,,,APL1 - AUTOMOTORES PLANES,857691,,3394001,Inclusión de GNC,,,,'2021-04-28 13:20:00','2016-11-11 08:32:23','2016-11-11 08:32:23',No Procedente,,
161111-352636,,Incidente importado desde SAC,,Telecobranzas,Usuario Importador,Telemarketing,,,Solucionado,,,,,HOM1 - SEGURO DEL HOGAR,857694,,2944437,Mensaje,,,,'2021-04-28 13:20:00','2016-11-11 08:32:23','2016-11-11 08:32:23',Atendido,,
161111-352637,,Incidente importado desde SAC,,Cobranzas Automático,Usuario Importador,Comercial,,,Solucionado,,,,,AUI1 - AUTOMOTORES INSTITUCIONES,857695,,1327669,No califica,,,,'2021-04-28 13:20:00','2016-11-11 08:32:24','2016-11-11 08:32:24',Resuelto,,
161111-352638,,Incidente importado desde SAC,,Fleet Services,Usuario Importador,Telemarketing,,,Solucionado,,,,,APL1 - AUTOMOTORES PLANES,857696,,2988558,Contacto del tercero,,,,'2021-04-28 13:20:00','2016-11-11 08:32:24','2016-11-11 08:32:24',Resuelto,,
161111-352642,,Incidente importado desde SAC,,Emisión Masivos,Usuario Importador,Telemarketing,,,Solucionado,,,,,APR1 - AUTOMOTORES,857700,,7716292,Modificaciones datos del producto,,,,'2021-04-28 13:20:00','2016-11-11 08:32:24','2016-11-11 08:32:24',Resuelto,,
161111-352643,,Incidente importado desde SAC,,Mailing,Usuario Importador,Telemarketing,,,Solucionado,,,,,APR1 - AUTOMOTORES,857701,,467080,Certificado de cobertura,,,,'2021-04-28 13:20:00','2016-11-11 08:32:24','2016-11-11 08:32:24',Resuelto,,
161111-352644,,Incidente importado desde SAC,,Mailing,Usuario Importador,Telemarketing,,,Solucionado,,,,,APL1 - AUTOMOTORES PLANES,857702,,3420655,Certificado de cobertura,,,,'2021-04-28 13:20:00','2016-11-11 08:32:24','2016-11-11 08:32:24',Resuelto,,
161111-352646,,Incidente importado desde SAC,,Emisión Masivos,Usuario Importador,Telemarketing,,,Solucionado,,,,,AUS1 - AUTOMOTORES,857704,,5161227,Baja de póliza,,,,'2021-04-28 13:20:00','2016-11-11 08:32:25','2016-11-11 08:32:25',Resuelto,,
161111-352647,,Incidente importado desde SAC,,Emisión Masivos,Usuario Importador,Telemarketing,,,Solucionado,,,,,APR1 - AUTOMOTORES,857705,,3166514,Modificaciones datos del producto,,,,'2021-04-28 13:20:00','2016-11-11 08:32:25','2016-11-11 08:32:25',Resuelto,,
161111-352650,,Incidente importado desde SAC,,Emisión Masivos,Usuario Importador,Telemarketing,,,Solucionado,,,,,HOM1 - SEGURO DEL HOGAR,857708,,6571565,No califica,,,,'2021-04-28 13:20:00','2016-11-11 08:32:25','2016-11-11 08:32:25',Resuelto,,
161111-352653,,Incidente importado desde SAC,,Fleet Services,Usuario Importador,Telemarketing,,,Solucionado,,,,,AUT1 - AUTOMOTORES,857711,,3428986,Contacto del tercero,,,,'2021-04-28 13:20:00','2016-11-11 08:32:26','2016-11-11 08:32:26',Resuelto,,
161111-352656,,Incidente importado desde SAC,,Riesgos Varios Casa Central,Usuario Importador,Telemarketing,,,Solucionado,,,,,HOM1 - SEGURO DEL HOGAR,857714,,2996899,Riesgos Varios Casa Central,,,,'2021-04-28 13:20:00','2016-11-11 08:32:27','2016-11-11 08:32:27',Resuelto,,
161111-352665,,Incidente importado desde SAC,,Inspecciones Autos,Usuario Importador,Telemarketing,,,Solucionado,,,,,APL1 - AUTOMOTORES PLANES,857723,,3592106,Rechazos/ Reducción de cobertura,,,,'2021-04-28 13:20:00','2016-11-11 08:32:29','2016-11-11 08:32:29',No Procedente,,
161111-352670,,Incidente importado desde SAC,,Inspecciones Autos,Usuario Importador,Telemarketing,,,Solucionado,,,,,AUS1 - AUTOMOTORES,857728,,3251651,Inspección por previa DDJJ,,,,'2021-04-28 13:20:00','2016-11-11 08:32:30','2016-11-11 08:32:30',Resuelto,,
161111-352675,,Incidente importado desde SAC,,Drive in San Isidro,Usuario Importador,Telemarketing,,,Solucionado,,,,,AUS1 - AUTOMOTORES,857733,,2276244,Daños materiales drive in San Isidro,,,,'2021-04-28 13:20:00','2016-11-11 08:32:31','2016-11-11 08:32:31',Resuelto,,
161111-352678,,Incidente importado desde SAC,,Emisión Masivos,Usuario Importador,Telemarketing,,,Solucionado,,,,,HOM1 - SEGURO DEL HOGAR,857736,,2226236,Baja de póliza,,,,'2021-04-28 13:20:00','2016-11-11 08:32:31','2016-11-11 08:32:31',Resuelto,,
161111-352680,,Incidente importado desde SAC,,Oficina Cordoba,Usuario Importador,Telemarketing,,,Solucionado,,,,,AUS1 - AUTOMOTORES,857738,,2106810,Daños materiales Cordoba,,,,'2021-04-28 13:20:00','2016-11-11 08:32:31','2016-11-11 08:32:31',Resuelto,,
161111-352682,,Incidente importado desde SAC,,Inspecciones Autos,Usuario Importador,Telemarketing,,,Solucionado,,,,,AUS1 - AUTOMOTORES,857740,,804182,Rechazos/ Reducción de cobertura,,,,'2021-04-28 13:20:00','2016-11-11 08:32:32','2016-11-11 08:32:32',No Procedente,,
161111-352685,,Incidente importado desde SAC,,,Usuario Importador,Telemarketing,,,Solucionado,,,,,AUS1 - AUTOMOTORES,857743,,3250094,Cliente para retención,,,,'2021-04-28 13:20:00','2016-11-11 08:32:32','2016-11-11 08:32:32',Atendido,,
161111-352686,,Incidente importado desde SAC,,Inspecciones Autos,Usuario Importador,Telemarketing,,,Solucionado,,,,,AUS1 - AUTOMOTORES,857744,,721554,Inspección por previa DDJJ,,,,'2021-04-28 13:20:00','2016-11-11 08:32:32','2016-11-11 08:32:32',Resuelto,,
161111-352687,,Incidente importado desde SAC,,Mailing,Usuario Importador,Carta Documento,,,Solucionado,,,,,AUI1 - AUTOMOTORES INSTITUCIONES,857745,,6481352,Certificado de cobertura,,,,'2021-04-28 13:20:00','2016-11-11 08:32:32','2016-11-11 08:32:32',Resuelto,,
161111-352696,,Incidente importado desde SAC,,,Usuario Importador,Telemarketing,,,Solucionado,,,,,AUS1 - AUTOMOTORES,857754,,920040,Cliente para retención,,,,'2021-04-28 13:20:00','2016-11-11 08:32:33','2016-11-11 08:32:33',Atendido,,
161111-352698,,Incidente importado desde SAC,,Emisión Masivos,Usuario Importador,Telemarketing,,,Solucionado,,,,,AUS1 - AUTOMOTORES,857756,,3486850,Baja de póliza,,,,'2021-04-28 13:20:00','2016-11-11 08:32:33','2016-11-11 08:32:33',Resuelto,,
161111-352699,,Incidente importado desde SAC,,Emisión Masivos,Usuario Importador,Carta,,,Solucionado,,,,,AUS1 - AUTOMOTORES,857757,,5208770,Cambio de productor,,,,'2021-04-28 13:20:00','2016-11-11 08:32:34','2016-11-11 08:32:34',Resuelto,,
161111-352700,,Incidente importado desde SAC,,Emisión Cartera Gral.,Usuario Importador,Carta Documento,,,Solucionado,,,,,AUT1 - AUTOMOTORES,857758,,3241476,Cartera general,,,,'2021-04-28 13:20:00','2016-11-11 08:32:34','2016-11-11 08:32:34',Resuelto,,
161111-352701,,Incidente importado desde SAC,,Inspecciones Autos,Usuario Importador,Telemarketing,,,Solucionado,,,,,AUS1 - AUTOMOTORES,857759,,5280289,Inspección por previa DDJJ,,,,'2021-04-28 13:20:00','2016-11-11 08:32:34','2016-11-11 08:32:34',Resuelto,,
161111-352706,,Incidente importado desde SAC,,Emisión Masivos,Usuario Importador,Telemarketing,,,Solucionado,,,,,AUS1 - AUTOMOTORES,857764,,2804766,Rechazos/ Reducción de cobertura,,,,'2021-04-28 13:20:00','2016-11-11 08:32:34','2016-11-11 08:32:34',Resuelto,,
161111-352710,,Incidente importado desde SAC,,Emisión Masivos,Usuario Importador,Telemarketing,,,Solucionado,,,,,AUS1 - AUTOMOTORES,857768,,3583420,Ampliación de Cobertura con inspección,,,,'2021-04-28 13:20:00','2016-11-11 08:32:35','2016-11-11 08:32:35',Resuelto,,
161111-352711,,Incidente importado desde SAC,,Inspecciones Autos,Usuario Importador,Telemarketing,,,Solucionado,,,,,AUS1 - AUTOMOTORES,857769,,1301733,Inspección por previa DDJJ,,,,'2021-04-28 13:20:00','2016-11-11 08:32:35','2016-11-11 08:32:35',No Procedente,,
161111-352712,,Incidente importado desde SAC,,Oficina Mendoza,Usuario Importador,Telemarketing,,,Solucionado,,,,,HOM1 - SEGURO DEL HOGAR,857770,,2082506,Riesgos Varios Mendoza,,,,'2021-04-28 13:20:00','2016-11-11 08:32:35','2016-11-11 08:32:35',Resuelto,,
161111-352715,,Incidente importado desde SAC,,Emisión Masivos,Usuario Importador,Telemarketing,,,Solucionado,,,,,AUS1 - AUTOMOTORES,857773,,204157,Propuesta incompleta,,,,'2021-04-28 13:20:00','2016-11-11 08:32:35','2016-11-11 08:32:35',Resuelto,,
161111-352718,,Incidente importado desde SAC,,Mailing,Usuario Importador,Telemarketing,,,Solucionado,,,,,APR1 - AUTOMOTORES,857776,,4870740,Certificado de cobertura,,,,'2021-04-28 13:20:00','2016-11-11 08:32:36','2016-11-11 08:32:36',Resuelto,,
161111-352719,,Incidente importado desde SAC,,Emisión Masivos,Usuario Importador,Telemarketing,,,Solucionado,,,,,AUS1 - AUTOMOTORES,857777,,717644,Retención sin beneficio,,,,'2021-04-28 13:20:00','2016-11-11 08:32:36','2016-11-11 08:32:36',Atendido,,
161111-352721,,Incidente importado desde SAC,,Emisión Masivos,Usuario Importador,Telemarketing,,,Solucionado,,,,,AUS1 - AUTOMOTORES,857779,,7211140,Rechazos/ Reducción de cobertura,,,,'2021-04-28 13:20:00','2016-11-11 08:32:36','2016-11-11 08:32:36',Resuelto,,
161111-352723,,Incidente importado desde SAC,,Emisión Masivos,Usuario Importador,Telemarketing,,,Solucionado,,,,,AUS1 - AUTOMOTORES,857781,,7270372,Baja de póliza,,,,'2021-04-28 13:20:00','2016-11-11 08:32:36','2016-11-11 08:32:36',Resuelto,,
161111-352726,,Incidente importado desde SAC,,Mailing,Usuario Importador,Carta Documento,,,Solucionado,,,,,AUS1 - AUTOMOTORES,857784,,545583,Certificado de cobertura,,,,'2021-04-28 13:20:00','2016-11-11 08:32:37','2016-11-11 08:32:37',Resuelto,,
161111-352730,,Incidente importado desde SAC,,Emisión Masivos,Usuario Importador,Telemarketing,,,Solucionado,,,,,AUS1 - AUTOMOTORES,857788,,5697667,No califica,,,,'2021-04-28 13:20:00','2016-11-11 08:32:37','2016-11-11 08:32:37',Resuelto,,
161111-352733,,Incidente importado desde SAC,,Emisión Masivos,Usuario Importador,Telemarketing,,,Solucionado,,,,,AUS1 - AUTOMOTORES,857791,,1365672,Modificaciones datos del producto,,,,'2021-04-28 13:20:00','2016-11-11 08:32:38','2016-11-11 08:32:38',Resuelto,,
161111-352735,,Incidente importado desde SAC,,Daños Materiales Autos,Usuario Importador,Telemarketing,,,Solucionado,,,,,AUS1 - AUTOMOTORES,857793,,5063172,Inspección por siniestros,,,,'2021-04-28 13:20:00','2016-11-11 08:32:38','2016-11-11 08:32:38',Resuelto,,
161111-352738,,Incidente importado desde SAC,,Emisión Masivos,Usuario Importador,Canal productor,,,Solucionado,,,,,AUS1 - AUTOMOTORES,857796,,3289319,Corrección de propuesta,,,,'2021-04-28 13:20:00','2016-11-11 08:32:38','2016-11-11 08:32:38',Resuelto,,
161111-352743,,Incidente importado desde SAC,,Emisión Cartera Gral.,Usuario Importador,Carta,,,Solucionado,,,,,AUT1 - AUTOMOTORES,857801,,3229677,Baja de póliza,,,,'2021-04-28 13:20:00','2016-11-11 08:32:39','2016-11-11 08:32:39',Resuelto,,
161111-352744,,Incidente importado desde SAC,,Cobranzas Automático,Usuario Importador,Canal productor,,,Solucionado,,,,,AUS1 - AUTOMOTORES,857802,,3415820,No califica,,,,'2021-04-28 13:20:00','2016-11-11 08:32:41','2016-11-11 08:32:41',Resuelto,,
161111-352759,,Incidente importado desde SAC,,Emisión Masivos,Usuario Importador,Telemarketing,,,Solucionado,,,,,AUS1 - AUTOMOTORES,857817,,2829347,Bonificación,,,,'2021-04-28 13:20:00','2016-11-11 08:32:43','2016-11-11 08:32:43',Resuelto,,
161111-352761,,Incidente importado desde SAC,,Emisión Masivos,Usuario Importador,Telemarketing,,,Solucionado,,,,,AUI1 - AUTOMOTORES INSTITUCIONES,857819,,1243323,No califica,,,,'2021-04-28 13:20:00','2016-11-11 08:32:43','2016-11-11 08:32:43',Resuelto,,
161111-352765,,Incidente importado desde SAC,,Riesgos Varios Casa Central,Usuario Importador,Telemarketing,,,Solucionado,,,,,EEQ1 - SEGURO INGENIERIA,857823,,2521819,Riesgos Varios Casa Central,,,,'2021-04-28 13:20:00','2016-11-11 08:32:45','2016-11-11 08:32:45',Resuelto,,
161111-352766,,Incidente importado desde SAC,,Inspecciones Autos,Usuario Importador,Telemarketing,,,Solucionado,,,,,AUS1 - AUTOMOTORES,857824,,3449189,Rechazos/ Reducción de cobertura,,,,'2021-04-28 13:20:00','2016-11-11 08:32:45','2016-11-11 08:32:45',No Procedente,,
161111-352770,,Incidente importado desde SAC,,Emisión Masivos,Usuario Importador,Telemarketing,,,Solucionado,,,,,AUS1 - AUTOMOTORES,857828,,3141341,Rechazos/ Reducción de cobertura,,,,'2021-04-28 13:20:00','2016-11-11 08:32:45','2016-11-11 08:32:45',Resuelto,,
161111-352772,,Incidente importado desde SAC,,Cobranzas Automático,Usuario Importador,Telemarketing,,,Solucionado,,,,,AUT1 - AUTOMOTORES,857830,,2613739,Cartera general,,,,'2021-04-28 13:20:00','2016-11-11 08:32:45','2016-11-11 08:32:45',Resuelto,,
161111-352773,,Incidente importado desde SAC,,Cac,Usuario Importador,Telemarketing,,,Solucionado,,,,,AUS1 - AUTOMOTORES,857831,,3429774,No califica,,,,'2021-04-28 13:20:00','2016-11-11 08:32:45','2016-11-11 08:32:45',Anulado,,
161111-352777,,Incidente importado desde SAC,,,Usuario Importador,Telemarketing,,,Solucionado,,,,,AUS1 - AUTOMOTORES,857835,,6018423,Cliente para retención,,,,'2021-04-28 13:20:00','2016-11-11 08:32:46','2016-11-11 08:32:46',Atendido,,
161111-352780,,Incidente importado desde SAC,,,Usuario Importador,Telemarketing,,,Solucionado,,,,,AUS1 - AUTOMOTORES,857838,,4550242,Cliente para retención,,,,'2021-04-28 13:20:00','2016-11-11 08:32:46','2016-11-11 08:32:46',Atendido,,
161111-352781,,Incidente importado desde SAC,,Cobranzas Automático,Usuario Importador,Telemarketing,,,Solucionado,,,,,AUS1 - AUTOMOTORES,857839,,7259731,Modificaciones datos del producto,,,,'2021-04-28 13:20:00','2016-11-11 08:32:46','2016-11-11 08:32:46',Resuelto,,
161111-352782,,Incidente importado desde SAC,,Emisión Masivos,Usuario Importador,Telemarketing,,,Solucionado,,,,,HOM1 - SEGURO DEL HOGAR,857840,,4456103,Anulación de propuesta,,,,'2021-04-28 13:20:00','2016-11-11 08:32:47','2016-11-11 08:32:47',Resuelto,,
161111-352783,,Incidente importado desde SAC,,Emisión Masivos,Usuario Importador,Telemarketing,,,Solucionado,,,,,AUS1 - AUTOMOTORES,857841,,7811445,Baja de póliza,,,,'2021-04-28 13:20:00','2016-11-11 08:32:47','2016-11-11 08:32:47',Resuelto,,
161111-352785,,Incidente importado desde SAC,,Inspecciones Autos,Usuario Importador,Telemarketing,,,Solucionado,,,,,AUS1 - AUTOMOTORES,857843,,4261903,Rechazos/ Reducción de cobertura,,,,'2021-04-28 13:20:00','2016-11-11 08:32:47','2016-11-11 08:32:47',No Procedente,,
161111-352787,,Incidente importado desde SAC,,Emisión Masivos,Usuario Importador,Telemarketing,,,Solucionado,,,,,AUS1 - AUTOMOTORES,857845,,2025120,4 cuotas con un descuento del 25 %,,,,'2021-04-28 13:20:00','2016-11-11 08:32:47','2016-11-11 08:32:47',Resuelto,,
161111-352788,,Incidente importado desde SAC,,Daños Materiales Autos,Usuario Importador,Telemarketing,,,Solucionado,,,,,AUS1 - AUTOMOTORES,857846,,6333026,Daños materiales Casa Central,,,,'2021-04-28 13:20:00','2016-11-11 08:32:47','2016-11-11 08:32:47',Resuelto,,
161111-352791,,Incidente importado desde SAC,,,Usuario Importador,Telemarketing,,,Solucionado,,,,,AUS1 - AUTOMOTORES,857849,,4944899,Cliente para retención,,,,'2021-04-28 13:20:00','2016-11-11 08:32:48','2016-11-11 08:32:48',Atendido,,
161111-352792,,Incidente importado desde SAC,,Drive in Lanus,Usuario Importador,Telemarketing,,,Solucionado,,,,,APR1 - AUTOMOTORES,857850,,7700395,Daños materiales Casa Central,,,,'2021-04-28 13:20:00','2016-11-11 08:32:48','2016-11-11 08:32:48',Resuelto,,
161111-352795,,Incidente importado desde SAC,,,Usuario Importador,Telemarketing,,,Solucionado,,,,,AUS1 - AUTOMOTORES,857853,,4943621,Cliente para retención,,,,'2021-04-28 13:20:00','2016-11-11 08:32:48','2016-11-11 08:32:48',Atendido,,
161111-352796,,Incidente importado desde SAC,,Emisión Masivos,Usuario Importador,Telemarketing,,,Solucionado,,,,,AUS1 - AUTOMOTORES,857854,,3135907,Rechazos/ Reducción de cobertura,,,,'2021-04-28 13:20:00','2016-11-11 08:32:48','2016-11-11 08:32:48',Resuelto,,
161111-352801,,Incidente importado desde SAC,,Cac,Usuario Importador,Telemarketing,,,Solucionado,,,,,AUS1 - AUTOMOTORES,857859,,5160240,Inspección por previa DDJJ,,,,'2021-04-28 13:20:00','2016-11-11 08:32:49','2016-11-11 08:32:49',Resuelto,,
161111-352802,,Incidente importado desde SAC,,Cac,Usuario Importador,Telemarketing,,,Solucionado,,,,,AUI1 - AUTOMOTORES INSTITUCIONES,857860,,4296916,Rehabilitación de póliza con Inspección,,,,'2021-04-28 13:20:00','2016-11-11 08:32:49','2016-11-11 08:32:49',No Procedente,,
161111-352806,,Incidente importado desde SAC,,Emisión Masivos,Usuario Importador,Telemarketing,,,Solucionado,,,,,AUS1 - AUTOMOTORES,857864,,3394955,Rechazos/ Reducción de cobertura,,,,'2021-04-28 13:20:00','2016-11-11 08:32:49','2016-11-11 08:32:49',Resuelto,,
161111-348753,,,,Cobranzas Automático,Ana Mariela Borzone,Llamada entrante,,,Solucionado,,,45798,,HOM1 - SEGURO DEL HOGAR,857865,,2477148,Reintegro - Automático,,,,'2021-04-28 13:20:00','2016-11-11 08:32:50','2016-11-16 10:37:46',Resuelto,,
161111-352812,,Incidente importado desde SAC,,,Usuario Importador,Telemarketing,,,Solucionado,,,,,AUS1 - AUTOMOTORES,857871,,4430797,Cliente para retención,,,,'2021-04-28 13:20:00','2016-11-11 08:32:50','2016-11-11 08:32:50',Atendido,,
161111-352814,,Incidente importado desde SAC,,Inspecciones Autos,Usuario Importador,Telemarketing,,,Solucionado,,,,,APR1 - AUTOMOTORES,857873,,3445133,Rechazos/ Reducción de cobertura,,,,'2021-04-28 13:20:00','2016-11-11 08:32:51','2016-11-11 08:32:51',No Procedente,,
161111-352818,,Incidente importado desde SAC,,Emisión Masivos,Usuario Importador,Telemarketing,,,Solucionado,,,,,AUS1 - AUTOMOTORES,857877,,4524940,No califica,,,,'2021-04-28 13:20:00','2016-11-11 08:32:51','2016-11-11 08:32:51',Resuelto,,
161111-352819,,Incidente importado desde SAC,,Emisión Masivos,Usuario Importador,Telemarketing,,,Solucionado,,,,,AUS1 - AUTOMOTORES,857878,,795989,Rechazos/ Reducción de cobertura,,,,'2021-04-28 13:20:00','2016-11-11 08:32:51','2016-11-11 08:32:51',Resuelto,,
161111-352820,,Incidente importado desde SAC,,Inspecciones Autos,Usuario Importador,Telemarketing,,,Solucionado,,,,,AUS1 - AUTOMOTORES,857879,,1157200,Inspección por previa DDJJ,,,,'2021-04-28 13:20:00','2016-11-11 08:32:51','2016-11-11 08:32:51',No Procedente,,
161111-352828,,Incidente importado desde SAC,,Cac,Usuario Importador,Telemarketing,,,Solucionado,,,,,AUS1 - AUTOMOTORES,857887,,1433633,Inspección por siniestros,,,,'2021-04-28 13:20:00','2016-11-11 08:32:54','2016-11-11 08:32:54',No Procedente,,
161111-352832,,Incidente importado desde SAC,,Emisión Masivos,Usuario Importador,Telemarketing,,,Solucionado,,,,,HOM1 - SEGURO DEL HOGAR,857891,,6551140,Anulación de propuesta,,,,'2021-04-28 13:20:00','2016-11-11 08:32:56','2016-11-11 08:32:56',Resuelto,,
161111-352843,,Incidente importado desde SAC,,Cac,Usuario Importador,Telemarketing,,,Solucionado,,,,,AUS1 - AUTOMOTORES,857902,,596442,Modificación datos personales,,,,'2021-04-28 13:20:00','2016-11-11 08:32:57','2016-11-11 08:32:57',Resuelto,,
161111-352844,,Incidente importado desde SAC,,Inspecciones Autos,Usuario Importador,Telemarketing,,,Solucionado,,,,,AUS1 - AUTOMOTORES,857903,,2746465,Inspección por previa DDJJ,,,,'2021-04-28 13:20:00','2016-11-11 08:32:57','2016-11-11 08:32:57',Resuelto,,
161111-352846,,Incidente importado desde SAC,,,Usuario Importador,Telemarketing,,,Solucionado,,,,,AUS1 - AUTOMOTORES,857905,,3992715,Cliente para retención,,,,'2021-04-28 13:20:00','2016-11-11 08:32:57','2016-11-11 08:32:57',Atendido,,
161111-352851,,Incidente importado desde SAC,,Emisión Masivos,Usuario Importador,Telemarketing,,,Solucionado,,,,,AUS1 - AUTOMOTORES,857910,,7721967,Rechazos/ Reducción de cobertura,,,,'2021-04-28 13:20:00','2016-11-11 08:32:57','2016-11-11 08:32:57',Resuelto,,
161111-352852,,Incidente importado desde SAC,,Emisión Masivos,Usuario Importador,Telemarketing,,,Solucionado,,,,,AUS1 - AUTOMOTORES,857911,,752991,Baja de póliza,,,,'2021-04-28 13:20:00','2016-11-11 08:32:58','2016-11-11 08:32:58',Resuelto,,
161111-352853,,Incidente importado desde SAC,,Emisión Masivos,Usuario Importador,Telemarketing,,,Solucionado,,,,,AUS1 - AUTOMOTORES,857912,,4800263,Rechazos/ Reducción de cobertura,,,,'2021-04-28 13:20:00','2016-11-11 08:32:58','2016-11-11 08:32:58',Resuelto,,
161111-352858,,Incidente importado desde SAC,,Inspecciones Autos,Usuario Importador,Telemarketing,,,Solucionado,,,,,AUS1 - AUTOMOTORES,857917,,5963467,Inspección por previa DDJJ,,,,'2021-04-28 13:20:00','2016-11-11 08:32:59','2016-11-11 08:32:59',Resuelto,,
161111-352859,,Incidente importado desde SAC,,Daños Materiales Autos,Usuario Importador,Telemarketing,,,Solucionado,,,,,AUS1 - AUTOMOTORES,857918,,6212911,Inspección por siniestros,,,,'2021-04-28 13:20:00','2016-11-11 08:32:59','2016-11-11 08:32:59',Resuelto,,
161111-352860,,Incidente importado desde SAC,,Emisión Masivos,Usuario Importador,Telemarketing,,,Solucionado,,,,,AUS1 - AUTOMOTORES,857919,,3078930,Rechazos/ Reducción de cobertura,,,,'2021-04-28 13:20:00','2016-11-11 08:32:59','2016-11-11 08:32:59',Resuelto,,
161111-352862,,Incidente importado desde SAC,,Telecobranzas,Usuario Importador,Telemarketing,,,Solucionado,,,,,AUS1 - AUTOMOTORES,857921,,2451993,Mensaje,,,,'2021-04-28 13:20:00','2016-11-11 08:32:59','2016-11-11 08:32:59',Atendido,,
161111-352866,,Incidente importado desde SAC,,Emisión Masivos,Usuario Importador,Telemarketing,,,Solucionado,,,,,AUS1 - AUTOMOTORES,857925,,533085,Rechazos/ Reducción de cobertura,,,,'2021-04-28 13:20:00','2016-11-11 08:33:00','2016-11-11 08:33:00',Resuelto,,
161111-352869,,Incidente importado desde SAC,,Emisión Masivos,Usuario Importador,Especialistas,,,Solucionado,,,,,AUS1 - AUTOMOTORES,857928,,2701172,Modificación medio de pago,,,,'2021-04-28 13:20:00','2016-11-11 08:33:00','2016-11-11 08:33:00',Resuelto,,
161111-352870,,Incidente importado desde SAC,,Emisión Masivos,Usuario Importador,Telemarketing,,,Solucionado,,,,,AUS1 - AUTOMOTORES,857929,,7113145,Propuesta incompleta,,,,'2021-04-28 13:20:00','2016-11-11 08:33:00','2016-11-11 08:33:00',Resuelto,,
161111-352871,,Incidente importado desde SAC,,Inspecciones Autos,Usuario Importador,Telemarketing,,,Solucionado,,,,,AUS1 - AUTOMOTORES,857930,,7612656,Rechazos/ Reducción de cobertura,,,,'2021-04-28 13:20:00','2016-11-11 08:33:00','2016-11-11 08:33:00',No Procedente,,
161111-352881,,Incidente importado desde SAC,,Emisión Masivos,Usuario Importador,Telemarketing,,,Solucionado,,,,,AUS1 - AUTOMOTORES,857940,,5134042,4 cuotas con un descuento del 25 %,,,,'2021-04-28 13:20:00','2016-11-11 08:33:02','2016-11-11 08:33:02',Resuelto,,
161111-352885,,Incidente importado desde SAC,,Gerencia Automotrices,Usuario Importador,Telemarketing,,,Solucionado,,,,,AUI1 - AUTOMOTORES INSTITUCIONES,857944,,2199422,No califica,,,,'2021-04-28 13:20:00','2016-11-11 08:33:03','2016-11-11 08:33:03',No Procedente,,
161111-352888,,Incidente importado desde SAC,,,Usuario Importador,Telemarketing,,,Solucionado,,,,,AUS1 - AUTOMOTORES,857947,,6965418,Cliente para retención,,,,'2021-04-28 13:20:00','2016-11-11 08:33:03','2016-11-11 08:33:03',Resuelto,,
161111-352889,,Incidente importado desde SAC,,Inspecciones Autos,Usuario Importador,Telemarketing,,,Solucionado,,,,,AUS1 - AUTOMOTORES,857948,,5867993,Inspección por previa DDJJ,,,,'2021-04-28 13:20:00','2016-11-11 08:33:03','2016-11-11 08:33:03',Resuelto,,
161111-352890,,Incidente importado desde SAC,,Telecobranzas,Usuario Importador,Telemarketing,,,Solucionado,,,,,AUS1 - AUTOMOTORES,857949,,2946579,Mensaje,,,,'2021-04-28 13:20:00','2016-11-11 08:33:03','2016-11-11 08:33:03',Atendido,,
161111-352893,,Incidente importado desde SAC,,Emisión Masivos,Usuario Importador,Telemarketing,,,Solucionado,,,,,AUS1 - AUTOMOTORES,857952,,7640142,4 cuotas con un descuento del 25 %,,,,'2021-04-28 13:20:00','2016-11-11 08:33:04','2016-11-11 08:33:04',Resuelto,,
161111-352896,,Incidente importado desde SAC,,Oficina Rosario,Usuario Importador,Telemarketing,,,Solucionado,,,,,AUS1 - AUTOMOTORES,857955,,3717707,Inspección por siniestros,,,,'2021-04-28 13:20:00','2016-11-11 08:33:04','2016-11-11 08:33:04',Resuelto,,
161111-352901,,Incidente importado desde SAC,,Drive in Lanus,Usuario Importador,Telemarketing,,,Solucionado,,,,,AUS1 - AUTOMOTORES,857960,,6159463,Daños materiales drive in Lanús,,,,'2021-04-28 13:20:00','2016-11-11 08:33:05','2016-11-11 08:33:05',Resuelto,,
161111-352902,,Incidente importado desde SAC,,Fleet Services,Usuario Importador,Telemarketing,,,Solucionado,,,,,AUA1 - AUTOMOTORES CARTERA GENERAL,857961,,3635482,Contacto del tercero,,,,'2021-04-28 13:20:00','2016-11-11 08:33:05','2016-11-11 08:33:05',Resuelto,,
161111-352903,,Incidente importado desde SAC,,Emisión Masivos,Usuario Importador,Canal productor,,,Solucionado,,,,,AUS1 - AUTOMOTORES,857962,,7653813,Bonificación,,,,'2021-04-28 13:20:00','2016-11-11 08:33:05','2016-11-11 08:33:05',Resuelto,,
161111-352904,,Incidente importado desde SAC,,Drive in La Plata,Usuario Importador,Telemarketing,,,Solucionado,,,,,APR1 - AUTOMOTORES,857963,,3259786,Daños materiales Casa Central,,,,'2021-04-28 13:20:00','2016-11-11 08:33:05','2016-11-11 08:33:05',Resuelto,,
161111-352905,,Incidente importado desde SAC,,Emisión Masivos,Usuario Importador,Telemarketing,,,Solucionado,,,,,AUS1 - AUTOMOTORES,857964,,1361956,4 cuotas con un descuento del 25 %,,,,'2021-04-28 13:20:00','2016-11-11 08:33:05','2016-11-11 08:33:05',Resuelto,,
161111-352906,,Incidente importado desde SAC,,Inspecciones Autos,Usuario Importador,Telemarketing,,,Solucionado,,,,,AUS1 - AUTOMOTORES,857965,,3418050,Inspección por previa DDJJ,,,,'2021-04-28 13:20:00','2016-11-11 08:33:05','2016-11-11 08:33:05',Resuelto,,
161111-352908,,Incidente importado desde SAC,,Inspecciones Autos,Usuario Importador,Telemarketing,,,Solucionado,,,,,AUS1 - AUTOMOTORES,857967,,3781655,Inspección por previa DDJJ,,,,'2021-04-28 13:20:00','2016-11-11 08:33:05','2016-11-11 08:33:05',Resuelto,,
161111-352909,,Incidente importado desde SAC,,Emisión Masivos,Usuario Importador,Telemarketing,,,Solucionado,,,,,AUS1 - AUTOMOTORES,857968,,4464823,Baja de póliza,,,,'2021-04-28 13:20:00','2016-11-11 08:33:06','2016-11-11 08:33:06',Resuelto,,
161111-352914,,Incidente importado desde SAC,,,Usuario Importador,Telemarketing,,,Solucionado,,,,,AUS1 - AUTOMOTORES,857973,,5693931,Cliente para retención,,,,'2021-04-28 13:20:00','2016-11-11 08:33:08','2016-11-11 08:33:08',Atendido,,
161111-352915,,Incidente importado desde SAC,,Emisión Masivos,Usuario Importador,Telemarketing,,,Solucionado,,,,,HOM1 - SEGURO DEL HOGAR,857974,,7254920,Rehabilitación de póliza sin Inspección,,,,'2021-04-28 13:20:00','2016-11-11 08:33:08','2016-11-11 08:33:08',Resuelto,,
161111-352917,,Incidente importado desde SAC,,Emisión Cartera Gral.,Usuario Importador,Telemarketing,,,Solucionado,,,,,ICO1 - INTEGR.COMERCIO,857976,,1363273,Cartera general,,,,'2021-04-28 13:20:00','2016-11-11 08:33:08','2016-11-11 08:33:08',Resuelto,,
161111-352922,,Incidente importado desde SAC,,Emisión Masivos,Usuario Importador,Telemarketing,,,Solucionado,,,,,AUS1 - AUTOMOTORES,857981,,1302515,Ampliación de Cobertura con inspección,,,,'2021-04-28 13:20:00','2016-11-11 08:33:09','2016-11-11 08:33:09',Resuelto,,
161111-352924,,Incidente importado desde SAC,,Inspecciones Autos,Usuario Importador,Telemarketing,,,Solucionado,,,,,AUS1 - AUTOMOTORES,857983,,3395983,Inspección por previa DDJJ,,,,'2021-04-28 13:20:00','2016-11-11 08:33:10','2016-11-11 08:33:10',Resuelto,,
161111-352925,,Incidente importado desde SAC,,Mailing,Usuario Importador,Telemarketing,,,Solucionado,,,,,APR1 - AUTOMOTORES,857984,,3528797,Certificado de cobertura,,,,'2021-04-28 13:20:00','2016-11-11 08:33:10','2016-11-11 08:33:10',Resuelto,,
161111-352934,,Incidente importado desde SAC,,Emisión Masivos,Usuario Importador,Especialistas,,,Solucionado,,,,,AUS1 - AUTOMOTORES,857993,,7390839,No califica,,,,'2021-04-28 13:20:00','2016-11-11 08:33:11','2016-11-11 08:33:11',Resuelto,,
161111-352936,,Incidente importado desde SAC,,Emisión Masivos,Usuario Importador,Telemarketing,,,Solucionado,,,,,AUS1 - AUTOMOTORES,857995,,235003,4 cuotas con un descuento del 25 %,,,,'2021-04-28 13:20:00','2016-11-11 08:33:12','2016-11-11 08:33:12',Resuelto,,
161111-352937,,Incidente importado desde SAC,,Inspecciones Autos,Usuario Importador,Telemarketing,,,Solucionado,,,,,AUS1 - AUTOMOTORES,857996,,7604312,Inspección por previa DDJJ,,,,'2021-04-28 13:20:00','2016-11-11 08:33:12','2016-11-11 08:33:12',Resuelto,,
161111-352940,,Incidente importado desde SAC,,Emisión Masivos,Usuario Importador,Telemarketing,,,Solucionado,,,,,AUS1 - AUTOMOTORES,857999,,4198023,Rechazos/ Reducción de cobertura,,,,'2021-04-28 13:20:00','2016-11-11 08:33:12','2016-11-11 08:33:12',Resuelto,,
161111-352946,,Incidente importado desde SAC,,Telemarketing,Usuario Importador,Carta Documento,,,Solucionado,,,,,AUS1 - AUTOMOTORES,858005,,1320818,10 cuotas con un descuento del 15 %,,,,'2021-04-28 13:20:00','2016-11-11 08:33:13','2016-11-11 08:33:13',Resuelto,,
161111-352948,,Incidente importado desde SAC,,Emisión Masivos,Usuario Importador,Canal productor,,,Solucionado,,,,,AUS1 - AUTOMOTORES,858007,,2658284,No califica,,,,'2021-04-28 13:20:00','2016-11-11 08:33:13','2016-11-11 08:33:13',Resuelto,,
161111-352949,,Incidente importado desde SAC,,,Usuario Importador,Telemarketing,,,Solucionado,,,,,AUS1 - AUTOMOTORES,858008,,4845676,Cliente para retención,,,,'2021-04-28 13:20:00','2016-11-11 08:33:13','2016-11-11 08:33:13',Atendido,,
161111-352950,,Incidente importado desde SAC,,Lesiones,Usuario Importador,Telemarketing,,,Solucionado,,,,,APR1 - AUTOMOTORES,858009,,5931843,Tercero lesionado,,,,'2021-04-28 13:20:00','2016-11-11 08:33:13','2016-11-11 08:33:13',Resuelto,,
161111-352953,,Incidente importado desde SAC,,Inspecciones Autos,Usuario Importador,Telemarketing,,,Solucionado,,,,,AUS1 - AUTOMOTORES,858012,,3489632,Inspección por previa DDJJ,,,,'2021-04-28 13:20:00','2016-11-11 08:33:14','2016-11-11 08:33:14',Resuelto,,
161111-352957,,Incidente importado desde SAC,,Emisión Masivos,Usuario Importador,Canal productor,,,Solucionado,,,,,AUS1 - AUTOMOTORES,858016,,4633794,Excepción comercial altas,,,,'2021-04-28 13:20:00','2016-11-11 08:33:14','2016-11-11 08:33:14',Resuelto,,
161111-352959,,Incidente importado desde SAC,,Emisión Masivos,Usuario Importador,Telemarketing,,,Solucionado,,,,,APR1 - AUTOMOTORES,858018,,3485287,Inclusión de GNC,,,,'2021-04-28 13:20:00','2016-11-11 08:33:14','2016-11-11 08:33:14',Resuelto,,
161111-352961,,Incidente importado desde SAC,,,Usuario Importador,Telemarketing,,,Solucionado,,,,,AUS1 - AUTOMOTORES,858020,,4528270,Cliente para retención,,,,'2021-04-28 13:20:00','2016-11-11 08:33:15','2016-11-11 08:33:15',Atendido,,
161111-352962,,Incidente importado desde SAC,,Emisión Masivos,Usuario Importador,Telemarketing,,,Solucionado,,,,,AUS1 - AUTOMOTORES,858021,,5327476,Propuesta incompleta,,,,'2021-04-28 13:20:00','2016-11-11 08:33:15','2016-11-11 08:33:15',Resuelto,,
161111-352963,,Incidente importado desde SAC,,Emisión Masivos,Usuario Importador,Telemarketing,,,Solucionado,,,,,AUS1 - AUTOMOTORES,858022,,5191225,4 cuotas con un descuento del 15 %,,,,'2021-04-28 13:20:00','2016-11-11 08:33:15','2016-11-11 08:33:15',Resuelto,,
161111-352966,,Incidente importado desde SAC,,Riesgos Varios Casa Central,Usuario Importador,Telemarketing,,,Solucionado,,,,,HOM1 - SEGURO DEL HOGAR,858025,,3114724,Riesgos Varios Casa Central,,,,'2021-04-28 13:20:00','2016-11-11 08:33:15','2016-11-11 08:33:15',Resuelto,,
161111-352969,,Incidente importado desde SAC,,Emisión Masivos,Usuario Importador,Telemarketing,,,Solucionado,,,,,AUS1 - AUTOMOTORES,858028,,5208618,Ampliación de Cobertura con inspección,,,,'2021-04-28 13:20:00','2016-11-11 08:33:16','2016-11-11 08:33:16',Resuelto,,
161111-352976,,Incidente importado desde SAC,,Cac,Usuario Importador,Telemarketing,,,Solucionado,,,,,AUS1 - AUTOMOTORES,858035,,5046077,Daños materiales Casa Central,,,,'2021-04-28 13:20:00','2016-11-11 08:33:16','2016-11-11 08:33:16',Anulado,,
161111-352979,,Incidente importado desde SAC,,Inspecciones Autos,Usuario Importador,Telemarketing,,,Solucionado,,,,,AUS1 - AUTOMOTORES,858038,,3401967,Rechazos/ Reducción de cobertura,,,,'2021-04-28 13:20:00','2016-11-11 08:33:17','2016-11-11 08:33:17',No Procedente,,
161111-352983,,Incidente importado desde SAC,,Inspecciones Autos,Usuario Importador,Telemarketing,,,Solucionado,,,,,AUS1 - AUTOMOTORES,858042,,4369982,Inspección por previa DDJJ,,,,'2021-04-28 13:20:00','2016-11-11 08:33:17','2016-11-11 08:33:17',Resuelto,,
161111-352985,,Incidente importado desde SAC,,Mailing,Usuario Importador,Carta Documento,,,Solucionado,,,,,AUS1 - AUTOMOTORES,858044,,3113375,Certificado de cobertura,,,,'2021-04-28 13:20:00','2016-11-11 08:33:18','2016-11-11 08:33:18',Resuelto,,
161111-352989,,Incidente importado desde SAC,,Riesgos Varios Casa Central,Usuario Importador,Telemarketing,,,Solucionado,,,,,HOM1 - SEGURO DEL HOGAR,858048,,505323,Riesgos Varios Casa Central,,,,'2021-04-28 13:20:00','2016-11-11 08:33:18','2016-11-11 08:33:18',Resuelto,,
161111-352991,,Incidente importado desde SAC,,Mailing,Usuario Importador,Telemarketing,,,Solucionado,,,,,AUS1 - AUTOMOTORES,858050,,1236615,Cupón de pago,,,,'2021-04-28 13:20:00','2016-11-11 08:33:18','2016-11-11 08:33:18',Resuelto,,
161111-352992,,Incidente importado desde SAC,,Lesiones,Usuario Importador,Telemarketing,,,Solucionado,,,,,APL1 - AUTOMOTORES PLANES,858051,,4865601,Tercero lesionado,,,,'2021-04-28 13:20:00','2016-11-11 08:33:18','2016-11-11 08:33:18',Resuelto,,
161111-352993,,Incidente importado desde SAC,,Emisión Masivos,Usuario Importador,Telemarketing,,,Solucionado,,,,,AUS1 - AUTOMOTORES,858052,,5324052,Baja de póliza,,,,'2021-04-28 13:20:00','2016-11-11 08:33:19','2016-11-11 08:33:19',Resuelto,,
161111-353000,,Incidente importado desde SAC,,Cac,Usuario Importador,Carta Documento,,,Solucionado,,,,,AUS1 - AUTOMOTORES,858059,,3739912,,,,,'2021-04-28 13:20:00','2016-11-11 08:33:21','2016-11-11 08:33:21',Atendido,,
161111-353005,,Incidente importado desde SAC,,Cac,Usuario Importador,Carta Documento,,,Solucionado,,,,,AUS1 - AUTOMOTORES,858064,,3595538,Modificaciones datos del producto,,,,'2021-04-28 13:20:00','2016-11-11 08:33:22','2016-11-11 08:33:22',No Procedente,,
161111-353007,,Incidente importado desde SAC,,Emisión Masivos,Usuario Importador,Telemarketing,,,Solucionado,,,,,HOM1 - SEGURO DEL HOGAR,858066,,6685481,Baja de póliza,,,,'2021-04-28 13:20:00','2016-11-11 08:33:23','2016-11-11 08:33:23',Resuelto,,
161111-353008,,Incidente importado desde SAC,,Emisión Masivos,Usuario Importador,Telemarketing,,,Solucionado,,,,,AUS1 - AUTOMOTORES,858067,,3188930,Baja de póliza,,,,'2021-04-28 13:20:00','2016-11-11 08:33:23','2016-11-11 08:33:23',Resuelto,,
161111-353010,,Incidente importado desde SAC,,Cac,Usuario Importador,Telemarketing,,,Solucionado,,,,,HOM1 - SEGURO DEL HOGAR,858069,,1836280,Cambio de campaña,,,,'2021-04-28 13:20:00','2016-11-11 08:33:23','2016-11-11 08:33:23',Anulado,,
161111-353012,,Incidente importado desde SAC,,Mailing,Usuario Importador,Telemarketing,,,Solucionado,,,,,APR1 - AUTOMOTORES,858071,,5204132,Certificado de cobertura,,,,'2021-04-28 13:20:00','2016-11-11 08:33:23','2016-11-11 08:33:23',Resuelto,,
161111-353015,,Incidente importado desde SAC,,Fleet Services,Usuario Importador,Telemarketing,,,Solucionado,,,,,AUS1 - AUTOMOTORES,858074,,4286326,Contacto del tercero,,,,'2021-04-28 13:20:00','2016-11-11 08:33:24','2016-11-11 08:33:24',Resuelto,,
161111-353021,,Incidente importado desde SAC,,Fleet Services,Usuario Importador,Telemarketing,,,Solucionado,,,,,AUT1 - AUTOMOTORES,858080,,340964,Contacto del tercero,,,,'2021-04-28 13:20:00','2016-11-11 08:33:24','2016-11-11 08:33:24',Resuelto,,
161111-353029,,Incidente importado desde SAC,,Emisión Masivos,Usuario Importador,Telemarketing,,,Solucionado,,,,,HOM1 - SEGURO DEL HOGAR,858088,,5528767,Baja de póliza,,,,'2021-04-28 13:20:00','2016-11-11 08:33:25','2016-11-11 08:33:25',Resuelto,,
161111-353030,,Incidente importado desde SAC,,Emisión Masivos,Usuario Importador,Carta,,,Solucionado,,,,,AUS1 - AUTOMOTORES,858089,,2747900,Ampliación de Cobertura con inspección,,,,'2021-04-28 13:20:00','2016-11-11 08:33:25','2016-11-11 08:33:25',Resuelto,,
161111-353031,,Incidente importado desde SAC,,Telecobranzas,Usuario Importador,Telemarketing,,,Solucionado,,,,,HOM1 - SEGURO DEL HOGAR,858090,,5099929,Mensaje,,,,'2021-04-28 13:20:00','2016-11-11 08:33:25','2016-11-11 08:33:25',Atendido,,
161111-353032,,Incidente importado desde SAC,,Mailing,Usuario Importador,Telemarketing,,,Solucionado,,,,,AUS1 - AUTOMOTORES,858091,,3645700,Certificado de cobertura,,,,'2021-04-28 13:20:00','2016-11-11 08:33:25','2016-11-11 08:33:25',Resuelto,,
161111-353034,,Incidente importado desde SAC,,Emisión Masivos,Usuario Importador,Telemarketing,,,Solucionado,,,,,AUS1 - AUTOMOTORES,858093,,3569004,Rechazos/ Reducción de cobertura,,,,'2021-04-28 13:20:00','2016-11-11 08:33:26','2016-11-11 08:33:26',Resuelto,,
161111-353035,,Incidente importado desde SAC,,Inspecciones Autos,Usuario Importador,Telemarketing,,,Solucionado,,,,,AUS1 - AUTOMOTORES,858095,,1893064,Inspección por previa DDJJ,,,,'2021-04-28 13:20:00','2016-11-11 08:33:26','2016-11-11 08:33:26',Resuelto,,
161111-353039,,Incidente importado desde SAC,,Cobranzas Efectivo,Usuario Importador,Canal productor,,,Solucionado,,,,,AUS1 - AUTOMOTORES,858099,,7318606,Reintegro - Automático,,,,'2021-04-28 13:20:00','2016-11-11 08:33:27','2016-11-11 08:33:27',Resuelto,,
161111-353043,,Incidente importado desde SAC,,Emisión Masivos,Usuario Importador,Telemarketing,,,Solucionado,,,,,AUS1 - AUTOMOTORES,858103,,3164059,Baja de póliza,,,,'2021-04-28 13:20:00','2016-11-11 08:33:27','2016-11-11 08:33:27',Resuelto,,
161111-353044,,Incidente importado desde SAC,,Emisión Masivos,Usuario Importador,Comercial,,,Solucionado,,,,,AUS1 - AUTOMOTORES,858104,,3749692,No califica,,,,'2021-04-28 13:20:00','2016-11-11 08:33:27','2016-11-11 08:33:27',Resuelto,,
161111-353045,,Incidente importado desde SAC,,Emisión Masivos,Usuario Importador,Telemarketing,,,Solucionado,,,,,APR1 - AUTOMOTORES,858105,,4913988,Ampliación de Cobertura con inspección,,,,'2021-04-28 13:20:00','2016-11-11 08:33:27','2016-11-11 08:33:27',Resuelto,,
161111-353046,,Incidente importado desde SAC,,Cac,Usuario Importador,Telemarketing,,,Solucionado,,,,,APR1 - AUTOMOTORES,858106,,4184813,Ampliación de Cobertura con inspección,,,,'2021-04-28 13:20:00','2016-11-11 08:33:27','2016-11-11 08:33:27',Resuelto,,
161111-353054,,Incidente importado desde SAC,,Daños Materiales Autos,Usuario Importador,Llamada entrante,,,Solucionado,,,,,APR1 - AUTOMOTORES,858114,,3724704,Daños materiales Casa Central,,,,'2021-04-28 13:20:00','2016-11-11 08:33:28','2016-11-11 08:33:28',Resuelto,,
161111-353057,,Incidente importado desde SAC,,Prestadores,Usuario Importador,Carta,,,Solucionado,,,,,HOM1 - SEGURO DEL HOGAR,858117,,2495649,Reintegro Ibero,,,,'2021-04-28 13:20:00','2016-11-11 08:33:28','2016-11-11 08:33:28',Resuelto,,
161111-353064,,Incidente importado desde SAC,,Telemarketing,Usuario Importador,Telemarketing,,,Solucionado,,,,,AUS1 - AUTOMOTORES,858124,,3530059,4 cuotas con un descuento del 25 %,,,,'2021-04-28 13:20:00','2016-11-11 08:33:29','2016-11-11 08:33:29',Resuelto,,
161111-353065,,Incidente importado desde SAC,,Inspecciones Autos,Usuario Importador,Telemarketing,,,Solucionado,,,,,AUS1 - AUTOMOTORES,858125,,7290248,Inspección por previa DDJJ,,,,'2021-04-28 13:20:00','2016-11-11 08:33:30','2016-11-11 08:33:30',Resuelto,,
161111-353068,,Incidente importado desde SAC,,,Usuario Importador,Telemarketing,,,Solucionado,,,,,AUS1 - AUTOMOTORES,858128,,3206841,Cliente para retención,,,,'2021-04-28 13:20:00','2016-11-11 08:33:30','2016-11-11 08:33:30',Atendido,,
161111-353071,,Incidente importado desde SAC,,Inspecciones Autos,Usuario Importador,Telemarketing,,,Solucionado,,,,,AUS1 - AUTOMOTORES,858131,,3625507,Inspección por previa DDJJ,,,,'2021-04-28 13:20:00','2016-11-11 08:33:31','2016-11-11 08:33:31',Resuelto,,
161111-353072,,Incidente importado desde SAC,,Mailing,Usuario Importador,Telemarketing,,,Solucionado,,,,,AUS1 - AUTOMOTORES,858132,,6088391,Certificado de cobertura,,,,'2021-04-28 13:20:00','2016-11-11 08:33:31','2016-11-11 08:33:31',Resuelto,,
161111-353073,,Incidente importado desde SAC,,Emisión Masivos,Usuario Importador,Telemarketing,,,Solucionado,,,,,AUS1 - AUTOMOTORES,858133,,4455227,Rechazos/ Reducción de cobertura,,,,'2021-04-28 13:20:00','2016-11-11 08:33:31','2016-11-11 08:33:31',Resuelto,,
161111-353077,,Incidente importado desde SAC,,Emisión Masivos,Usuario Importador,Telemarketing,,,Solucionado,,,,,AUS1 - AUTOMOTORES,858137,,2468399,Baja de póliza,,,,'2021-04-28 13:20:00','2016-11-11 08:33:32','2016-11-11 08:33:32',Resuelto,,
161111-353079,,Incidente importado desde SAC,,Fleet Services,Usuario Importador,Telemarketing,,,Solucionado,,,,,APR1 - AUTOMOTORES,858139,,3498280,Contacto del tercero,,,,'2021-04-28 13:20:00','2016-11-11 08:33:33','2016-11-11 08:33:33',Resuelto,,
161111-353081,,Incidente importado desde SAC,,Oficina Cordoba,Usuario Importador,Telemarketing,,,Solucionado,,,,,AUS1 - AUTOMOTORES,858141,,3433420,Daños materiales Cordoba,,,,'2021-04-28 13:20:00','2016-11-11 08:33:33','2016-11-11 08:33:33',Resuelto,,
161111-353085,,Incidente importado desde SAC,,Fleet Services,Usuario Importador,Telemarketing,,,Solucionado,,,,,AUA1 - AUTOMOTORES CARTERA GENERAL,858145,,1431895,Contacto del tercero,,,,'2021-04-28 13:20:00','2016-11-11 08:33:34','2016-11-11 08:33:34',Resuelto,,
161111-353088,,Incidente importado desde SAC,,Oficina Mendoza,Usuario Importador,Telemarketing,,,Solucionado,,,,,APL1 - AUTOMOTORES PLANES,858148,,4215852,Daños materiales Mendoza,,,,'2021-04-28 13:20:00','2016-11-11 08:33:35','2016-11-11 08:33:35',Resuelto,,
161111-353090,,Incidente importado desde SAC,,Cleas,Usuario Importador,Telemarketing,,,Solucionado,,,,,AUS1 - AUTOMOTORES,858150,,3697306,Daños materiales Cleas,,,,'2021-04-28 13:20:00','2016-11-11 08:33:35','2016-11-11 08:33:35',Resuelto,,
161111-353093,,Incidente importado desde SAC,,Telemarketing,Usuario Importador,Telemarketing,,,Solucionado,,,,,AUS1 - AUTOMOTORES,858153,,2117975,Baja de póliza,,,,'2021-04-28 13:20:00','2016-11-11 08:33:35','2016-11-11 08:33:35',Resuelto,,
161111-353097,,Incidente importado desde SAC,,Inspecciones Autos,Usuario Importador,Telemarketing,,,Solucionado,,,,,AUS1 - AUTOMOTORES,858157,,5222164,Inspección por previa DDJJ,,,,'2021-04-28 13:20:00','2016-11-11 08:33:36','2016-11-11 08:33:36',Resuelto,,
161111-353100,,Incidente importado desde SAC,,Mailing,Usuario Importador,Telemarketing,,,Solucionado,,,,,APR1 - AUTOMOTORES,858160,,7438759,Certificado de cobertura,,,,'2021-04-28 13:20:00','2016-11-11 08:33:36','2016-11-11 08:33:36',Resuelto,,
161111-353101,,Incidente importado desde SAC,,,Usuario Importador,Telemarketing,,,Solucionado,,,,,AUS1 - AUTOMOTORES,858161,,3779070,Cliente para retención,,,,'2021-04-28 13:20:00','2016-11-11 08:33:36','2016-11-11 08:33:36',Atendido,,
161111-353102,,Incidente importado desde SAC,,Emisión Masivos,Usuario Importador,Canal productor,,,Solucionado,,,,,AUS1 - AUTOMOTORES,858162,,3405396,No califica,,,,'2021-04-28 13:20:00','2016-11-11 08:33:36','2016-11-11 08:33:36',Resuelto,,
161111-353105,,Incidente importado desde SAC,,Emisión Masivos,Usuario Importador,Telemarketing,,,Solucionado,,,,,HOM1 - SEGURO DEL HOGAR,858165,,1297485,Ampliación de Cobertura con inspección,,,,'2021-04-28 13:20:00','2016-11-11 08:33:37','2016-11-11 08:33:37',Resuelto,,
161111-353106,,Incidente importado desde SAC,,Emisión Masivos,Usuario Importador,Telemarketing,,,Solucionado,,,,,AUS1 - AUTOMOTORES,858166,,1017069,Ampliación de Cobertura con inspección,,,,'2021-04-28 13:20:00','2016-11-11 08:33:37','2016-11-11 08:33:37',Resuelto,,
161111-353107,,Incidente importado desde SAC,,Cac,Usuario Importador,Telemarketing,,,Solucionado,,,,,APR1 - AUTOMOTORES,858167,,3735069,Endosos CAC,,,,'2021-04-28 13:20:00','2016-11-11 08:33:37','2016-11-11 08:33:37',Resuelto,,
161111-353111,,Incidente importado desde SAC,,Riesgos Varios Casa Central,Usuario Importador,Telemarketing,,,Solucionado,,,,,HOM1 - SEGURO DEL HOGAR,858171,,516350,Riesgos Varios Casa Central,,,,'2021-04-28 13:20:00','2016-11-11 08:33:37','2016-11-11 08:33:37',Resuelto,,
161111-353115,,Incidente importado desde SAC,,Mailing,Usuario Importador,Telemarketing,,,Solucionado,,,,,AUS1 - AUTOMOTORES,858175,,4386363,Certificado de cobertura,,,,'2021-04-28 13:20:00','2016-11-11 08:33:38','2016-11-11 08:33:38',Resuelto,,
161111-353117,,Incidente importado desde SAC,,Emisión Masivos,Usuario Importador,Telemarketing,,,Solucionado,,,,,AUS1 - AUTOMOTORES,858177,,2996703,Rechazos/ Reducción de cobertura,,,,'2021-04-28 13:20:00','2016-11-11 08:33:39','2016-11-11 08:33:39',Resuelto,,
161111-352456,,,,Pago Telefonico,Veronica Correa,Llamada entrante,,,Solucionado,,,19366,,CON1 - INTEGRAL CONSORCIO,858181,,2336733,Pago telefónico,,,,'2021-04-28 13:20:00','2016-11-11 08:33:39','2016-11-15 10:22:00',Resuelto,,
161111-353122,,Incidente importado desde SAC,,Emisión Masivos,Usuario Importador,Telemarketing,,,Solucionado,,,,,AUS1 - AUTOMOTORES,858183,,3742156,Propuesta incompleta,,,,'2021-04-28 13:20:00','2016-11-11 08:33:39','2016-11-11 08:33:39',Resuelto,,
161111-353123,,Incidente importado desde SAC,,Cac,Usuario Importador,Telemarketing,,,Solucionado,,,,,HOM1 - SEGURO DEL HOGAR,858184,,753640,No califica,,,,'2021-04-28 13:20:00','2016-11-11 08:33:39','2016-11-11 08:33:39',No Procedente,,
161111-353124,,Incidente importado desde SAC,,Telecobranzas,Usuario Importador,Telemarketing,,,Solucionado,,,,,AUS1 - AUTOMOTORES,858185,,1066255,Mensaje,,,,'2021-04-28 13:20:00','2016-11-11 08:33:39','2016-11-11 08:33:39',Atendido,,
161111-353125,,Incidente importado desde SAC,,Inspecciones Autos,Usuario Importador,Telemarketing,,,Solucionado,,,,,AUS1 - AUTOMOTORES,858186,,2890619,Inspección por previa DDJJ,,,,'2021-04-28 13:20:00','2016-11-11 08:33:40','2016-11-11 08:33:40',Resuelto,,
161111-353129,,Incidente importado desde SAC,,Cac,Usuario Importador,Carta Documento,,,Solucionado,,,,,ATD1 - ROBO/USUAR.T.DEB-CRE,858190,,3416813,Facturación,,,,'2021-04-28 13:20:00','2016-11-11 08:33:40','2016-11-11 08:33:40',Resuelto,,
161111-353131,,Incidente importado desde SAC,,Cac,Usuario Importador,Telemarketing,,,Solucionado,,,,,AUS1 - AUTOMOTORES,858192,,5162970,Endosos CAC,,,,'2021-04-28 13:20:00','2016-11-11 08:33:40','2016-11-11 08:33:40',Resuelto,,
161111-353133,,Incidente importado desde SAC,,Emisión Masivos,Usuario Importador,Comercial,,,Solucionado,,,,,HOM1 - SEGURO DEL HOGAR,858194,,2429879,,,,,'2021-04-28 13:20:00','2016-11-11 08:33:41','2016-11-11 08:33:41',Resuelto,,
161111-353137,,Incidente importado desde SAC,,Gerencia Clientes,Usuario Importador,Telemarketing,,,Solucionado,,,,,EGE1 - EXT.GARANTIA ELECTRO,858198,,5910945,Certificado de cobertura,,,,'2021-04-28 13:20:00','2016-11-11 08:33:41','2016-11-11 08:33:41',Resuelto,,
161111-353140,,Incidente importado desde SAC,,Cac,Usuario Importador,Telemarketing,,,Solucionado,,,,,AUS1 - AUTOMOTORES,858201,,1198080,Endosos CAC,,,,'2021-04-28 13:20:00','2016-11-11 08:33:42','2016-11-11 08:33:42',Resuelto,,
161111-353141,,Incidente importado desde SAC,,Emisión Masivos,Usuario Importador,Telemarketing,,,Solucionado,,,,,AUS1 - AUTOMOTORES,858202,,1363476,Corrección de propuesta,,,,'2021-04-28 13:20:00','2016-11-11 08:33:42','2016-11-11 08:33:42',Resuelto,,
161111-353142,,Incidente importado desde SAC,,Mailing,Usuario Importador,Canal productor,,,Solucionado,,,,,AUS1 - AUTOMOTORES,858203,,2742026,Certificado de cobertura,,,,'2021-04-28 13:20:00','2016-11-11 08:33:42','2016-11-11 08:33:42',Resuelto,,
161111-353143,,Incidente importado desde SAC,,Daños Materiales Autos,Usuario Importador,Telemarketing,,,Solucionado,,,,,AUA1 - AUTOMOTORES CARTERA GENERAL,858204,,7306272,Daños materiales Casa Central,,,,'2021-04-28 13:20:00','2016-11-11 08:33:42','2016-11-11 08:33:42',Resuelto,,
161111-353144,,Incidente importado desde SAC,,Cac,Usuario Importador,Telemarketing,,,Solucionado,,,,,AUS1 - AUTOMOTORES,858205,,3602628,Facturación,,,,'2021-04-28 13:20:00','2016-11-11 08:33:42','2016-11-11 08:33:42',No Procedente,,
161111-353145,,Incidente importado desde SAC,,Drive in Ciudadela,Usuario Importador,Carta Documento,,,Solucionado,,,,,AUS1 - AUTOMOTORES,858206,,2545016,Daños materiales drive in Ciudadela,,,,'2021-04-28 13:20:00','2016-11-11 08:33:42','2016-11-11 08:33:42',Resuelto,,
161111-353148,,Incidente importado desde SAC,,Emisión Masivos,Usuario Importador,Telemarketing,,,Solucionado,,,,,AUS1 - AUTOMOTORES,858209,,3680485,No califica,,,,'2021-04-28 13:20:00','2016-11-11 08:33:42','2016-11-11 08:33:42',Resuelto,,
161111-353149,,Incidente importado desde SAC,,Inspecciones Autos,Usuario Importador,Telemarketing,,,Solucionado,,,,,AUS1 - AUTOMOTORES,858210,,5191032,Inspección por previa DDJJ,,,,'2021-04-28 13:20:00','2016-11-11 08:33:42','2016-11-11 08:33:42',Resuelto,,
161111-353152,,Incidente importado desde SAC,,Telecobranzas,Usuario Importador,Telemarketing,,,Solucionado,,,,,HOM1 - SEGURO DEL HOGAR,858213,,6841219,Mensaje,,,,'2021-04-28 13:20:00','2016-11-11 08:33:43','2016-11-11 08:33:43',Atendido,,
161111-353155,,Incidente importado desde SAC,,Emisión Masivos,Usuario Importador,Telemarketing,,,Solucionado,,,,,APR1 - AUTOMOTORES,858216,,5327653,Rechazos/ Reducción de cobertura,,,,'2021-04-28 13:20:00','2016-11-11 08:33:43','2016-11-11 08:33:43',Resuelto,,
161111-353156,,Incidente importado desde SAC,,Daños Materiales Interior Sur,Usuario Importador,Telemarketing,,,Solucionado,,,,,AUS1 - AUTOMOTORES,858217,,7205344,Daños materiales Interior Sur,,,,'2021-04-28 13:20:00','2016-11-11 08:33:43','2016-11-11 08:33:43',Resuelto,,
161111-353158,,Incidente importado desde SAC,,Riesgos Varios Casa Central,Usuario Importador,Telemarketing,,,Solucionado,,,,,HOM1 - SEGURO DEL HOGAR,858219,,5665190,Riesgos Varios Casa Central,,,,'2021-04-28 13:20:00','2016-11-11 08:33:43','2016-11-11 08:33:43',Resuelto,,
161111-353160,,Incidente importado desde SAC,,Emisión Masivos,Usuario Importador,Telemarketing,,,Solucionado,,,,,AUS1 - AUTOMOTORES,858221,,2367841,No califica,,,,'2021-04-28 13:20:00','2016-11-11 08:33:44','2016-11-11 08:33:44',Resuelto,,
161111-353162,,Incidente importado desde SAC,,Inspecciones Autos,Usuario Importador,Telemarketing,,,Solucionado,,,,,AUS1 - AUTOMOTORES,858223,,3318313,Inspección por previa DDJJ,,,,'2021-04-28 13:20:00','2016-11-11 08:33:44','2016-11-11 08:33:44',Resuelto,,
161111-353163,,Incidente importado desde SAC,,Telemarketing,Usuario Importador,Telemarketing,,,Solucionado,,,,,HOM1 - SEGURO DEL HOGAR,858224,,597433,Anulación de propuesta,,,,'2021-04-28 13:20:00','2016-11-11 08:33:45','2016-11-11 08:33:45',Resuelto,,
161111-353166,,Incidente importado desde SAC,,Emisión Masivos,Usuario Importador,Canal productor,,,Solucionado,,,,,AUS1 - AUTOMOTORES,858227,,4329384,Venta,,,,'2021-04-28 13:20:00','2016-11-11 08:33:46','2016-11-11 08:33:46',Resuelto,,
161111-353174,,Incidente importado desde SAC,,Mailing,Usuario Importador,Telemarketing,,,Solucionado,,,,,APL1 - AUTOMOTORES PLANES,858235,,567844,Certificado de cobertura,,,,'2021-04-28 13:20:00','2016-11-11 08:33:48','2016-11-11 08:33:48',Resuelto,,
161111-353175,,Incidente importado desde SAC,,Inspecciones Autos,Usuario Importador,Telemarketing,,,Solucionado,,,,,AUS1 - AUTOMOTORES,858236,,3623662,Inspección por previa DDJJ,,,,'2021-04-28 13:20:00','2016-11-11 08:33:48','2016-11-11 08:33:48',Resuelto,,
161111-353177,,Incidente importado desde SAC,,Mailing,Usuario Importador,Telemarketing,,,Solucionado,,,,,AUS1 - AUTOMOTORES,858238,,5469064,Certificado de cobertura,,,,'2021-04-28 13:20:00','2016-11-11 08:33:49','2016-11-11 08:33:49',Resuelto,,
161111-353184,,Incidente importado desde SAC,,Daños Materiales Interior Sur,Usuario Importador,Telemarketing,,,Solucionado,,,,,AUS1 - AUTOMOTORES,858245,,989942,Daños materiales Interior Sur,,,,'2021-04-28 13:20:00','2016-11-11 08:33:49','2016-11-11 08:33:49',Resuelto,,
161111-353189,,Incidente importado desde SAC,,Emisión Masivos,Usuario Importador,Telemarketing,,,Solucionado,,,,,AUS1 - AUTOMOTORES,858250,,4524944,Rechazos/ Reducción de cobertura,,,,'2021-04-28 13:20:00','2016-11-11 08:33:50','2016-11-11 08:33:50',Resuelto,,
161111-353193,,Incidente importado desde SAC,,Emisión Masivos,Usuario Importador,Comercial,,,Solucionado,,,,,HOM1 - SEGURO DEL HOGAR,858254,,3879507,,,,,'2021-04-28 13:20:00','2016-11-11 08:33:51','2016-11-11 08:33:51',Resuelto,,
161111-353194,,Incidente importado desde SAC,,Inspecciones Autos,Usuario Importador,Telemarketing,,,Solucionado,,,,,AUS1 - AUTOMOTORES,858255,,306792,Rechazos/ Reducción de cobertura,,,,'2021-04-28 13:20:00','2016-11-11 08:33:51','2016-11-11 08:33:51',No Procedente,,
161111-353195,,Incidente importado desde SAC,,Emisión Masivos,Usuario Importador,Telemarketing,,,Solucionado,,,,,HOM1 - SEGURO DEL HOGAR,858256,,1186726,Baja de póliza,,,,'2021-04-28 13:20:00','2016-11-11 08:33:51','2016-11-11 08:33:51',Resuelto,,
161111-353200,,Incidente importado desde SAC,,Emisión Masivos,Usuario Importador,Telemarketing,,,Solucionado,,,,,AUS1 - AUTOMOTORES,858261,,2832854,Baja de póliza,,,,'2021-04-28 13:20:00','2016-11-11 08:33:52','2016-11-11 08:33:52',Resuelto,,
161111-353201,,Incidente importado desde SAC,,Drive in Libertador,Usuario Importador,Telemarketing,,,Solucionado,,,,,AUS1 - AUTOMOTORES,858262,,4545311,Daños materiales drive in Libertador,,,,'2021-04-28 13:20:00','2016-11-11 08:33:52','2016-11-11 08:33:52',Resuelto,,
161111-353209,,Incidente importado desde SAC,,Emisión Masivos,Usuario Importador,Telemarketing,,,Solucionado,,,,,AUS1 - AUTOMOTORES,858270,,3514442,Corrección de propuesta,,,,'2021-04-28 13:20:00','2016-11-11 08:33:53','2016-11-11 08:33:53',Resuelto,,
161111-353212,,Incidente importado desde SAC,,Cac,Usuario Importador,Telemarketing,,,Solucionado,,,,,HOM1 - SEGURO DEL HOGAR,858273,,5180275,Endosos CAC,,,,'2021-04-28 13:20:00','2016-11-11 08:33:53','2016-11-11 08:33:53',Anulado,,
161111-353214,,Incidente importado desde SAC,,Fleet Services,Usuario Importador,Telemarketing,,,Solucionado,,,,,AUA1 - AUTOMOTORES CARTERA GENERAL,858275,,4991315,Contacto del tercero,,,,'2021-04-28 13:20:00','2016-11-11 08:33:53','2016-11-11 08:33:53',Resuelto,,
161111-353218,,Incidente importado desde SAC,,Inspecciones Autos,Usuario Importador,Telemarketing,,,Solucionado,,,,,AUS1 - AUTOMOTORES,858279,,560350,Inspección por previa DDJJ,,,,'2021-04-28 13:20:00','2016-11-11 08:33:54','2016-11-11 08:33:54',Resuelto,,
161111-353221,,Incidente importado desde SAC,,Emisión Masivos,Usuario Importador,Telemarketing,,,Solucionado,,,,,AUS1 - AUTOMOTORES,858282,,7336752,No califica,,,,'2021-04-28 13:20:00','2016-11-11 08:33:54','2016-11-11 08:33:54',Resuelto,,
161111-353227,,Incidente importado desde SAC,,Cac,Usuario Importador,Telemarketing,,,Solucionado,,,,,CON1 - INTEGRAL CONSORCIO,858288,,2854153,Imputación de cobranzas - Automático,,,,'2021-04-28 13:20:00','2016-11-11 08:33:55','2016-11-11 08:33:55',Resuelto,,
161111-353228,,Incidente importado desde SAC,,Emisión Masivos,Usuario Importador,Telemarketing,,,Solucionado,,,,,AUS1 - AUTOMOTORES,858289,,4019591,Rechazos/ Reducción de cobertura,,,,'2021-04-28 13:20:00','2016-11-11 08:33:55','2016-11-11 08:33:55',Resuelto,,
161111-353233,,Incidente importado desde SAC,,Cac,Usuario Importador,Telemarketing,,,Solucionado,,,,,HOM1 - SEGURO DEL HOGAR,858294,,7288469,Endosos CAC,,,,'2021-04-28 13:20:00','2016-11-11 08:33:55','2016-11-11 08:33:55',Resuelto,,
161111-353234,,Incidente importado desde SAC,,Gerencia Venta Directa,Usuario Importador,Comercial,,,Solucionado,,,,,HOM1 - SEGURO DEL HOGAR,858295,,2943859,Alta de póliza con inspección,,,,'2021-04-28 13:20:00','2016-11-11 08:33:56','2016-11-11 08:33:56',Anulado,,
161111-353236,,Incidente importado desde SAC,,Emisión Masivos,Usuario Importador,Telemarketing,,,Solucionado,,,,,APR1 - AUTOMOTORES,858297,,3379961,Ampliación de Cobertura con inspección,,,,'2021-04-28 13:20:00','2016-11-11 08:33:56','2016-11-11 08:33:56',Resuelto,,
161111-353237,,Incidente importado desde SAC,,Emisión Masivos,Usuario Importador,Telemarketing,,,Solucionado,,,,,AUS1 - AUTOMOTORES,858298,,7596505,No califica,,,,'2021-04-28 13:20:00','2016-11-11 08:33:56','2016-11-11 08:33:56',Resuelto,,
161111-353240,,Incidente importado desde SAC,,Oficina Rosario,Usuario Importador,Telemarketing,,,Solucionado,,,,,APR1 - AUTOMOTORES,858302,,3060051,Daños materiales Rosario,,,,'2021-04-28 13:20:00','2016-11-11 08:33:57','2016-11-11 08:33:57',Resuelto,,
161111-353247,,Incidente importado desde SAC,,Cac,Usuario Importador,Llamada entrante,,,Solucionado,,,,,APL1 - AUTOMOTORES PLANES,858309,,3362012,Endosos CAC,,,,'2021-04-28 13:20:00','2016-11-11 08:33:59','2016-11-11 08:33:59',Resuelto,,
161111-353248,,Incidente importado desde SAC,,Emisión Masivos,Usuario Importador,Telemarketing,,,Solucionado,,,,,HOM1 - SEGURO DEL HOGAR,858310,,4554257,Baja de póliza,,,,'2021-04-28 13:20:00','2016-11-11 08:34:00','2016-11-11 08:34:00',Resuelto,,
161111-353253,,Incidente importado desde SAC,,Cobranzas Automático,Usuario Importador,Comercial,,,Solucionado,,,,,HOM1 - SEGURO DEL HOGAR,858315,,2374327,No califica,,,,'2021-04-28 13:20:00','2016-11-11 08:34:01','2016-11-11 08:34:01',Resuelto,,
161111-353254,,Incidente importado desde SAC,,Emisión Masivos,Usuario Importador,Telemarketing,,,Solucionado,,,,,AUS1 - AUTOMOTORES,858316,,2460525,4 cuotas con un descuento del 25 %,,,,'2021-04-28 13:20:00','2016-11-11 08:34:01','2016-11-11 08:34:01',Resuelto,,
161111-353256,,Incidente importado desde SAC,,Emisión Masivos,Usuario Importador,Telemarketing,,,Solucionado,,,,,ATD1 - ROBO/USUAR.T.DEB-CRE,858318,,3280608,No califica,,,,'2021-04-28 13:20:00','2016-11-11 08:34:01','2016-11-11 08:34:01',Resuelto,,
161111-353257,,Incidente importado desde SAC,,Inspecciones Autos,Usuario Importador,Telemarketing,,,Solucionado,,,,,AUS1 - AUTOMOTORES,858319,,7406223,Inspección por previa DDJJ,,,,'2021-04-28 13:20:00','2016-11-11 08:34:01','2016-11-11 08:34:01',Resuelto,,
161111-353264,,Incidente importado desde SAC,,Robo / Destruccion Total,Usuario Importador,Telemarketing,,,Solucionado,,,,,AUT1 - AUTOMOTORES,858326,,3398644,Destrucción Total,,,,'2021-04-28 13:20:00','2016-11-11 08:34:02','2016-11-11 08:34:02',Resuelto,,
161111-353268,,Incidente importado desde SAC,,Drive in San Isidro,Usuario Importador,Telemarketing,,,Solucionado,,,,,AUS1 - AUTOMOTORES,858330,,5420793,Daños materiales drive in San Isidro,,,,'2021-04-28 13:20:00','2016-11-11 08:34:02','2016-11-11 08:34:02',Resuelto,,
161111-353269,,Incidente importado desde SAC,,,Usuario Importador,Telemarketing,,,Solucionado,,,,,AUS1 - AUTOMOTORES,858331,,6219344,Cliente para retención,,,,'2021-04-28 13:20:00','2016-11-11 08:34:03','2016-11-11 08:34:03',Atendido,,
161111-353270,,Incidente importado desde SAC,,Inspecciones Autos,Usuario Importador,Telemarketing,,,Solucionado,,,,,AUS1 - AUTOMOTORES,858332,,3381656,Inspección por previa DDJJ,,,,'2021-04-28 13:20:00','2016-11-11 08:34:03','2016-11-11 08:34:03',Resuelto,,
161111-353272,,Incidente importado desde SAC,,Emisión Masivos,Usuario Importador,Telemarketing,,,Solucionado,,,,,HOM1 - SEGURO DEL HOGAR,858334,,5299674,Propuesta incompleta,,,,'2021-04-28 13:20:00','2016-11-11 08:34:03','2016-11-11 08:34:03',Resuelto,,
161111-353275,,Incidente importado desde SAC,,Emisión Masivos,Usuario Importador,Telemarketing,,,Solucionado,,,,,AUS1 - AUTOMOTORES,858337,,5339695,Baja de póliza,,,,'2021-04-28 13:20:00','2016-11-11 08:34:04','2016-11-11 08:34:04',Resuelto,,
161111-353279,,Incidente importado desde SAC,,Daños Materiales Autos,Usuario Importador,Telemarketing,,,Solucionado,,,,,AUS1 - AUTOMOTORES,858341,,1187391,Inspección por siniestros,,,,'2021-04-28 13:20:00','2016-11-11 08:34:04','2016-11-11 08:34:04',Resuelto,,
161111-353280,,Incidente importado desde SAC,,Gerencia Venta Directa,Usuario Importador,Comercial,,,Solucionado,,,,,AUS1 - AUTOMOTORES,858342,,4486937,Excepción comercial altas,,,,'2021-04-28 13:20:00','2016-11-11 08:34:04','2016-11-11 08:34:04',Resuelto,,
161111-353285,,Incidente importado desde SAC,,Cac,Usuario Importador,Telemarketing,,,Solucionado,,,,,AUS1 - AUTOMOTORES,858347,,2311027,Rehabilitación de póliza sin Inspección,,,,'2021-04-28 13:20:00','2016-11-11 08:34:05','2016-11-11 08:34:05',Resuelto,,
161111-353286,,Incidente importado desde SAC,,Emisión Masivos,Usuario Importador,Telemarketing,,,Solucionado,,,,,AUS1 - AUTOMOTORES,858348,,6602460,Rechazos/ Reducción de cobertura,,,,'2021-04-28 13:20:00','2016-11-11 08:34:05','2016-11-11 08:34:05',Resuelto,,
161111-353291,,Incidente importado desde SAC,,Emisión Masivos,Usuario Importador,Telemarketing,,,Solucionado,,,,,AUS1 - AUTOMOTORES,858353,,2567986,Propuesta incompleta,,,,'2021-04-28 13:20:00','2016-11-11 08:34:06','2016-11-11 08:34:06',Resuelto,,
161111-353296,,Incidente importado desde SAC,,Drive in Lanus,Usuario Importador,Telemarketing,,,Solucionado,,,,,APL1 - AUTOMOTORES PLANES,858358,,892675,Daños materiales Casa Central,,,,'2021-04-28 13:20:00','2016-11-11 08:34:07','2016-11-11 08:34:07',Resuelto,,
161111-353302,,Incidente importado desde SAC,,Emisión Masivos,Usuario Importador,Telemarketing,,,Solucionado,,,,,HOM1 - SEGURO DEL HOGAR,858364,,4103963,Baja de póliza,,,,'2021-04-28 13:20:00','2016-11-11 08:34:08','2016-11-11 08:34:08',Resuelto,,
161111-353305,,Incidente importado desde SAC,,Inspecciones Autos,Usuario Importador,Telemarketing,,,Solucionado,,,,,AUS1 - AUTOMOTORES,858367,,5169768,Inspección por previa DDJJ,,,,'2021-04-28 13:20:00','2016-11-11 08:34:08','2016-11-11 08:34:08',Resuelto,,
161111-353306,,Incidente importado desde SAC,,Inspecciones Autos,Usuario Importador,Telemarketing,,,Solucionado,,,,,AUS1 - AUTOMOTORES,858368,,7692894,Desinstalación de dispositivo de rastreo,,,,'2021-04-28 13:20:00','2016-11-11 08:34:08','2016-11-11 08:34:08',Resuelto,,
161111-353311,,Incidente importado desde SAC,,Lesiones,Usuario Importador,Telemarketing,,,Solucionado,,,,,AUI1 - AUTOMOTORES INSTITUCIONES,858373,,5313387,Tercero lesionado,,,,'2021-04-28 13:20:00','2016-11-11 08:34:09','2016-11-11 08:34:09',Resuelto,,
161111-353317,,Incidente importado desde SAC,,Mailing,Usuario Importador,Telemarketing,,,Solucionado,,,,,AUS1 - AUTOMOTORES,858379,,4493375,Certificado de cobertura,,,,'2021-04-28 13:20:00','2016-11-11 08:34:10','2016-11-11 08:34:10',Resuelto,,
161111-353318,,Incidente importado desde SAC,,Telecobranzas,Usuario Importador,Telemarketing,,,Solucionado,,,,,AUS1 - AUTOMOTORES,858380,,4272262,Sin teléfono/Equivocado,,,,'2021-04-28 13:20:00','2016-11-11 08:34:10','2016-11-11 08:34:10',Atendido,,
161111-353320,,Incidente importado desde SAC,,Riesgos Varios Casa Central,Usuario Importador,Telemarketing,,,Solucionado,,,,,HOM1 - SEGURO DEL HOGAR,858382,,445655,Riesgos Varios Casa Central,,,,'2021-04-28 13:20:00','2016-11-11 08:34:10','2016-11-11 08:34:10',Resuelto,,
161111-353323,,Incidente importado desde SAC,,Lesiones,Usuario Importador,Telemarketing,,,Solucionado,,,,,APL1 - AUTOMOTORES PLANES,858385,,1723315,Lesiones,,,,'2021-04-28 13:20:00','2016-11-11 08:34:11','2016-11-11 08:34:11',Resuelto,,
161111-353325,,Incidente importado desde SAC,,Inspecciones Autos,Usuario Importador,Telemarketing,,,Solucionado,,,,,AUS1 - AUTOMOTORES,858387,,1741213,Inspección por previa DDJJ,,,,'2021-04-28 13:20:00','2016-11-11 08:34:12','2016-11-11 08:34:12',Resuelto,,
161111-353328,,Incidente importado desde SAC,,,Usuario Importador,Telemarketing,,,Solucionado,,,,,AUS1 - AUTOMOTORES,858390,,2572280,Cliente para retención,,,,'2021-04-28 13:20:00','2016-11-11 08:34:13','2016-11-11 08:34:13',Atendido,,
161111-353329,,Incidente importado desde SAC,,Daños Materiales Autos,Usuario Importador,Telemarketing,,,Solucionado,,,,,AUS1 - AUTOMOTORES,858391,,750847,Inspección por siniestros,,,,'2021-04-28 13:20:00','2016-11-11 08:34:13','2016-11-11 08:34:13',Resuelto,,
161111-353335,,Incidente importado desde SAC,,Inspecciones Autos,Usuario Importador,Telemarketing,,,Solucionado,,,,,AUS1 - AUTOMOTORES,858397,,3654704,Inspección por previa DDJJ,,,,'2021-04-28 13:20:00','2016-11-11 08:34:14','2016-11-11 08:34:14',Resuelto,,
161111-353339,,Incidente importado desde SAC,,,Usuario Importador,Telemarketing,,,Solucionado,,,,,AUS1 - AUTOMOTORES,858401,,3082472,Cliente para retención,,,,'2021-04-28 13:20:00','2016-11-11 08:34:15','2016-11-11 08:34:15',Atendido,,
161111-353343,,Incidente importado desde SAC,,Oficina Mar del Plata,Usuario Importador,Telemarketing,,,Solucionado,,,,,APR1 - AUTOMOTORES,858405,,3439249,Daños materiales drive in La Plata,,,,'2021-04-28 13:20:00','2016-11-11 08:34:15','2016-11-11 08:34:15',Resuelto,,
161111-353344,,Incidente importado desde SAC,,,Usuario Importador,Telemarketing,,,Solucionado,,,,,AUS1 - AUTOMOTORES,858406,,3715653,Cliente para retención,,,,'2021-04-28 13:20:00','2016-11-11 08:34:15','2016-11-11 08:34:15',Atendido,,
161111-353352,,Incidente importado desde SAC,,Emisión Masivos,Usuario Importador,Telemarketing,,,Solucionado,,,,,AUS1 - AUTOMOTORES,858413,,5165026,Modificación medio de pago,,,,'2021-04-28 13:20:00','2016-11-11 08:34:16','2016-11-11 08:34:16',Resuelto,,
161111-353355,,Incidente importado desde SAC,,Inspecciones Autos,Usuario Importador,Telemarketing,,,Solucionado,,,,,AUS1 - AUTOMOTORES,858416,,3506290,Inspección por previa DDJJ,,,,'2021-04-28 13:20:00','2016-11-11 08:34:17','2016-11-11 08:34:17',Resuelto,,
161111-353359,,Incidente importado desde SAC,,Lesiones,Usuario Importador,Telemarketing,,,Solucionado,,,,,AUS1 - AUTOMOTORES,858420,,3465999,Tercero lesionado,,,,'2021-04-28 13:20:00','2016-11-11 08:34:17','2016-11-11 08:34:17',Resuelto,,
161111-353360,,Incidente importado desde SAC,,Mailing,Usuario Importador,Telemarketing,,,Solucionado,,,,,AUS1 - AUTOMOTORES,858421,,5186208,Certificado de cobertura,,,,'2021-04-28 13:20:00','2016-11-11 08:34:17','2016-11-11 08:34:17',Resuelto,,
161111-353361,,Incidente importado desde SAC,,Gerencia Clientes,Usuario Importador,Carta Documento,,,Solucionado,,,,,AUI1 - AUTOMOTORES INSTITUCIONES,858422,,7521298,Facturación,,,,'2021-04-28 13:20:00','2016-11-11 08:34:17','2016-11-11 08:34:17',Resuelto,,
161111-353367,,Incidente importado desde SAC,,Mailing,Usuario Importador,Telemarketing,,,Solucionado,,,,,HOM1 - SEGURO DEL HOGAR,858428,,2085999,Certificado de cobertura,,,,'2021-04-28 13:20:00','2016-11-11 08:34:19','2016-11-11 08:34:19',Resuelto,,
161111-353369,,Incidente importado desde SAC,,Telemarketing,Usuario Importador,Telemarketing,,,Solucionado,,,,,AUS1 - AUTOMOTORES,858430,,1373492,4 cuotas con un descuento del 15 %,,,,'2021-04-28 13:20:00','2016-11-11 08:34:19','2016-11-11 08:34:19',Resuelto,,
161111-353370,,Incidente importado desde SAC,,Emisión Masivos,Usuario Importador,Especialistas,,,Solucionado,,,,,AUS1 - AUTOMOTORES,858431,,7487834,Modificaciones scoring,,,,'2021-04-28 13:20:00','2016-11-11 08:34:19','2016-11-11 08:34:19',Resuelto,,
161111-353371,,Incidente importado desde SAC,,Inspecciones Autos,Usuario Importador,Telemarketing,,,Solucionado,,,,,AUS1 - AUTOMOTORES,858432,,1432816,Rechazos/ Reducción de cobertura,,,,'2021-04-28 13:20:00','2016-11-11 08:34:19','2016-11-11 08:34:19',No Procedente,,
161111-353375,,Incidente importado desde SAC,,Emisión Masivos,Usuario Importador,Especialistas,,,Solucionado,,,,,AUS1 - AUTOMOTORES,858436,,5535282,Modificaciones scoring,,,,'2021-04-28 13:20:00','2016-11-11 08:34:20','2016-11-11 08:34:20',Resuelto,,
161111-353376,,Incidente importado desde SAC,,Emisión Masivos,Usuario Importador,Telemarketing,,,Solucionado,,,,,HOM1 - SEGURO DEL HOGAR,858437,,5208626,Baja de póliza,,,,'2021-04-28 13:20:00','2016-11-11 08:34:20','2016-11-11 08:34:20',Resuelto,,
161111-353378,,Incidente importado desde SAC,,Emisión Masivos,Usuario Importador,Telemarketing,,,Solucionado,,,,,HOM1 - SEGURO DEL HOGAR,858439,,7672157,Alta de póliza con inspección,,,,'2021-04-28 13:20:00','2016-11-11 08:34:20','2016-11-11 08:34:20',Resuelto,,
161111-353382,,Incidente importado desde SAC,,Emisión Masivos,Usuario Importador,Carta,,,Solucionado,,,,,AUS1 - AUTOMOTORES,858443,,7405022,Cambio de productor,,,,'2021-04-28 13:20:00','2016-11-11 08:34:20','2016-11-11 08:34:20',Resuelto,,
161111-353387,,Incidente importado desde SAC,,Emisión Masivos,Usuario Importador,Telemarketing,,,Solucionado,,,,,AUS1 - AUTOMOTORES,858448,,5684894,Baja de póliza,,,,'2021-04-28 13:20:00','2016-11-11 08:34:21','2016-11-11 08:34:21',Resuelto,,
161111-353388,,Incidente importado desde SAC,,Juicios / mediaciones daños,Usuario Importador,Telemarketing,,,Solucionado,,,,,AUS1 - AUTOMOTORES,858449,,6333026,Lesiones,,,,'2021-04-28 13:20:00','2016-11-11 08:34:21','2016-11-11 08:34:21',Resuelto,,
161111-353389,,Incidente importado desde SAC,,Mailing,Usuario Importador,Telemarketing,,,Solucionado,,,,,AUS1 - AUTOMOTORES,858450,,3396882,Certificado de cobertura,,,,'2021-04-28 13:20:00','2016-11-11 08:34:21','2016-11-11 08:34:21',Resuelto,,
161111-353392,,Incidente importado desde SAC,,Cac,Usuario Importador,Telemarketing,,,Solucionado,,,,,AUS1 - AUTOMOTORES,858453,,4509464,Robo Total,,,,'2021-04-28 13:20:00','2016-11-11 08:34:22','2016-11-11 08:34:22',No Procedente,,
161111-353399,,Incidente importado desde SAC,,Emisión Masivos,Usuario Importador,Telemarketing,,,Solucionado,,,,,AUS1 - AUTOMOTORES,858460,,1851789,Ampliación de Cobertura con inspección,,,,'2021-04-28 13:20:00','2016-11-11 08:34:23','2016-11-11 08:34:23',Resuelto,,
161111-353400,,Incidente importado desde SAC,,Cac,Usuario Importador,Telemarketing,,,Solucionado,,,,,AUS1 - AUTOMOTORES,858461,,2826528,Modificación de canal de cobro por única vez,,,,'2021-04-28 13:20:00','2016-11-11 08:34:24','2016-11-11 08:34:24',Resuelto,,
161111-353408,,Incidente importado desde SAC,,Oficina Mar del Plata,Usuario Importador,Telemarketing,,,Solucionado,,,,,HOM1 - SEGURO DEL HOGAR,858469,,959942,Riesgos Varios Casa Central,,,,'2021-04-28 13:20:00','2016-11-11 08:34:26','2016-11-11 08:34:26',Resuelto,,
161111-353409,,Incidente importado desde SAC,,Emisión Masivos,Usuario Importador,Telemarketing,,,Solucionado,,,,,AUS1 - AUTOMOTORES,858470,,1413726,Corrección de propuesta,,,,'2021-04-28 13:20:00','2016-11-11 08:34:27','2016-11-11 08:34:27',Resuelto,,
161111-353410,,Incidente importado desde SAC,,Gerencia Venta Directa,Usuario Importador,Telemarketing,,,Solucionado,,,,,ICO1 - INTEGR.COMERCIO,858471,,5648223,Cartera general,,,,'2021-04-28 13:20:00','2016-11-11 08:34:27','2016-11-11 08:34:27',Resuelto,,
161111-353414,,Incidente importado desde SAC,,Inspecciones Autos,Usuario Importador,Telemarketing,,,Solucionado,,,,,APR1 - AUTOMOTORES,858475,,3642695,Rechazos/ Reducción de cobertura,,,,'2021-04-28 13:20:00','2016-11-11 08:34:27','2016-11-11 08:34:27',No Procedente,,
161111-353416,,Incidente importado desde SAC,,Emisión Masivos,Usuario Importador,Telemarketing,,,Solucionado,,,,,AUS1 - AUTOMOTORES,858477,,3666181,Excepción comercial altas,,,,'2021-04-28 13:20:00','2016-11-11 08:34:28','2016-11-11 08:34:28',Resuelto,,
161111-353426,,Incidente importado desde SAC,,Emisión Masivos,Usuario Importador,Telemarketing,,,Solucionado,,,,,AUS1 - AUTOMOTORES,858487,,2956843,Ampliación de Cobertura con inspección,,,,'2021-04-28 13:20:00','2016-11-11 08:34:29','2016-11-11 08:34:29',Resuelto,,
161111-353428,,Incidente importado desde SAC,,Emisión Masivos,Usuario Importador,Telemarketing,,,Solucionado,,,,,AUS1 - AUTOMOTORES,858489,,1318656,4 cuotas con un descuento del 25 %,,,,'2021-04-28 13:20:00','2016-11-11 08:34:29','2016-11-11 08:34:29',Resuelto,,
161111-353429,,Incidente importado desde SAC,,Emisión Masivos,Usuario Importador,Comercial,,,Solucionado,,,,,AUS1 - AUTOMOTORES,858490,,4385875,,,,,'2021-04-28 13:20:00','2016-11-11 08:34:29','2016-11-11 08:34:29',Resuelto,,
161111-353432,,Incidente importado desde SAC,,Emisión Masivos,Usuario Importador,Telemarketing,,,Solucionado,,,,,AUS1 - AUTOMOTORES,858493,,1361077,4 cuotas con un descuento del 25 %,,,,'2021-04-28 13:20:00','2016-11-11 08:34:29','2016-11-11 08:34:29',Resuelto,,
161111-353433,,Incidente importado desde SAC,,Emisión Masivos,Usuario Importador,Telemarketing,,,Solucionado,,,,,AUS1 - AUTOMOTORES,858494,,1378883,Baja de póliza,,,,'2021-04-28 13:20:00','2016-11-11 08:34:29','2016-11-11 08:34:29',Resuelto,,
161111-353438,,Incidente importado desde SAC,,Emisión Masivos,Usuario Importador,Telemarketing,,,Solucionado,,,,,HOM1 - SEGURO DEL HOGAR,858499,,7405760,Propuesta incompleta,,,,'2021-04-28 13:20:00','2016-11-11 08:34:31','2016-11-11 08:34:31',Resuelto,,
161111-353440,,Incidente importado desde SAC,,Gerencia Venta Directa,Usuario Importador,Especialistas,,,Solucionado,,,,,AUS1 - AUTOMOTORES,858501,,3868093,Facturación,,,,'2021-04-28 13:20:00','2016-11-11 08:34:31','2016-11-11 08:34:31',Resuelto,,
161111-353442,,Incidente importado desde SAC,,Emisión Masivos,Usuario Importador,Telemarketing,,,Solucionado,,,,,AUS1 - AUTOMOTORES,858503,,1261113,Ampliación de Cobertura con inspección,,,,'2021-04-28 13:20:00','2016-11-11 08:34:31','2016-11-11 08:34:31',Resuelto,,
161111-353443,,Incidente importado desde SAC,,Fleet Services,Usuario Importador,Telemarketing,,,Solucionado,,,,,AUA1 - AUTOMOTORES CARTERA GENERAL,858504,,1322999,Contacto del tercero,,,,'2021-04-28 13:20:00','2016-11-11 08:34:31','2016-11-11 08:34:31',Resuelto,,
161111-353452,,Incidente importado desde SAC,,Inspecciones Autos,Usuario Importador,Telemarketing,,,Solucionado,,,,,APR1 - AUTOMOTORES,858513,,7088057,Rechazos/ Reducción de cobertura,,,,'2021-04-28 13:20:00','2016-11-11 08:34:33','2016-11-11 08:34:33',No Procedente,,
161111-353453,,Incidente importado desde SAC,,Mailing,Usuario Importador,Telemarketing,,,Solucionado,,,,,AUS1 - AUTOMOTORES,858514,,3441726,Certificado de cobertura,,,,'2021-04-28 13:20:00','2016-11-11 08:34:33','2016-11-11 08:34:33',Atendido,,
161111-353455,,Incidente importado desde SAC,,Inspecciones Autos,Usuario Importador,Telemarketing,,,Solucionado,,,,,AUS1 - AUTOMOTORES,858516,,3472422,Inspección por previa DDJJ,,,,'2021-04-28 13:20:00','2016-11-11 08:34:33','2016-11-11 08:34:33',Resuelto,,
161111-353463,,Incidente importado desde SAC,,Emisión Masivos,Usuario Importador,Telemarketing,,,Solucionado,,,,,AUS1 - AUTOMOTORES,858524,,1247759,Baja de póliza,,,,'2021-04-28 13:20:00','2016-11-11 08:34:34','2016-11-11 08:34:34',Resuelto,,
161111-353467,,Incidente importado desde SAC,,Cac,Usuario Importador,Telemarketing,,,Solucionado,,,,,AUS1 - AUTOMOTORES,858528,,3428813,Ampliación de Cobertura con inspección,,,,'2021-04-28 13:20:00','2016-11-11 08:34:35','2016-11-11 08:34:35',No Procedente,,
161111-353471,,Incidente importado desde SAC,,Emisión Masivos,Usuario Importador,Telemarketing,,,Solucionado,,,,,AUS1 - AUTOMOTORES,858532,,3579777,Modificación datos personales,,,,'2021-04-28 13:20:00','2016-11-11 08:34:35','2016-11-11 08:34:35',Resuelto,,
161111-353474,,Incidente importado desde SAC,,Emisión Masivos,Usuario Importador,Telemarketing,,,Solucionado,,,,,HOM1 - SEGURO DEL HOGAR,858535,,7643374,Ampliación de Cobertura con inspección,,,,'2021-04-28 13:20:00','2016-11-11 08:34:35','2016-11-11 08:34:35',Resuelto,,
161111-353475,,Incidente importado desde SAC,,Mailing,Usuario Importador,Telemarketing,,,Solucionado,,,,,AUI1 - AUTOMOTORES INSTITUCIONES,858536,,4378701,Certificado de cobertura,,,,'2021-04-28 13:20:00','2016-11-11 08:34:36','2016-11-11 08:34:36',Resuelto,,
161111-353477,,Incidente importado desde SAC,,Emisión Masivos,Usuario Importador,Telemarketing,,,Solucionado,,,,,HOM1 - SEGURO DEL HOGAR,858538,,5179586,Baja de póliza,,,,'2021-04-28 13:20:00','2016-11-11 08:34:36','2016-11-11 08:34:36',Resuelto,,
161111-353481,,Incidente importado desde SAC,,Cac,Usuario Importador,Telemarketing,,,Solucionado,,,,,AUA1 - AUTOMOTORES CARTERA GENERAL,858542,,450517,Cartera general,,,,'2021-04-28 13:20:00','2016-11-11 08:34:36','2016-11-11 08:34:36',Resuelto,,
161111-353482,,Incidente importado desde SAC,,Emisión Masivos,Usuario Importador,Telemarketing,,,Solucionado,,,,,HOM1 - SEGURO DEL HOGAR,858543,,991743,Baja de póliza,,,,'2021-04-28 13:20:00','2016-11-11 08:34:36','2016-11-11 08:34:36',Resuelto,,
161111-353485,,Incidente importado desde SAC,,Emisión Masivos,Usuario Importador,Carta Documento,,,Solucionado,,,,,AUS1 - AUTOMOTORES,858546,,3645872,Corrección de propuesta,,,,'2021-04-28 13:20:00','2016-11-11 08:34:38','2016-11-11 08:34:38',Resuelto,,
161111-353486,,Incidente importado desde SAC,,Drive in Centro,Usuario Importador,Telemarketing,,,Solucionado,,,,,AUS1 - AUTOMOTORES,858547,,492071,Daños materiales drive In Centro,,,,'2021-04-28 13:20:00','2016-11-11 08:34:38','2016-11-11 08:34:38',Resuelto,,
161111-353489,,Incidente importado desde SAC,,Emisión Masivos,Usuario Importador,Canal productor,,,Solucionado,,,,,AUS1 - AUTOMOTORES,858550,,3604357,Corrección de propuesta,,,,'2021-04-28 13:20:00','2016-11-11 08:34:39','2016-11-11 08:34:39',Resuelto,,
161111-353495,,Incidente importado desde SAC,,Emisión Masivos,Usuario Importador,Telemarketing,,,Solucionado,,,,,AUS1 - AUTOMOTORES,858556,,5965825,4 cuotas con un descuento del 25 %,,,,'2021-04-28 13:20:00','2016-11-11 08:34:40','2016-11-11 08:34:40',Resuelto,,
161111-353497,,Incidente importado desde SAC,,Emisión Masivos,Usuario Importador,Telemarketing,,,Solucionado,,,,,AUS1 - AUTOMOTORES,858558,,2718561,Ampliación de Cobertura con inspección,,,,'2021-04-28 13:20:00','2016-11-11 08:34:40','2016-11-11 08:34:40',Resuelto,,
161111-353499,,Incidente importado desde SAC,,Emisión Masivos,Usuario Importador,Telemarketing,,,Solucionado,,,,,HOM1 - SEGURO DEL HOGAR,858560,,4966056,Alta de póliza con ddjj,,,,'2021-04-28 13:20:00','2016-11-11 08:34:41','2016-11-11 08:34:41',Resuelto,,
161111-353502,,Incidente importado desde SAC,,,Usuario Importador,Telemarketing,,,Solucionado,,,,,AUS1 - AUTOMOTORES,858563,,6664084,Cliente para retención,,,,'2021-04-28 13:20:00','2016-11-11 08:34:42','2016-11-11 08:34:42',Atendido,,
161111-353508,,Incidente importado desde SAC,,Emisión Masivos,Usuario Importador,Telemarketing,,,Solucionado,,,,,AUS1 - AUTOMOTORES,858569,,2969569,Ampliación de Cobertura con inspección,,,,'2021-04-28 13:20:00','2016-11-11 08:34:42','2016-11-11 08:34:42',Resuelto,,
161111-353510,,Incidente importado desde SAC,,,Usuario Importador,Telemarketing,,,Solucionado,,,,,AUS1 - AUTOMOTORES,858571,,4134862,Cliente para retención,,,,'2021-04-28 13:20:00','2016-11-11 08:34:42','2016-11-11 08:34:42',Atendido,,
161111-353511,,Incidente importado desde SAC,,Inspecciones Autos,Usuario Importador,Telemarketing,,,Solucionado,,,,,AUS1 - AUTOMOTORES,858572,,136581,Instalación de dispositivo de rastreo,,,,'2021-04-28 13:20:00','2016-11-11 08:34:42','2016-11-11 08:34:42',Resuelto,,
161111-353512,,Incidente importado desde SAC,,Emisión Masivos,Usuario Importador,Telemarketing,,,Solucionado,,,,,AUS1 - AUTOMOTORES,858573,,4023282,Rechazos/ Reducción de cobertura,,,,'2021-04-28 13:20:00','2016-11-11 08:34:43','2016-11-11 08:34:43',Resuelto,,
161111-353513,,Incidente importado desde SAC,,Emisión Masivos,Usuario Importador,Canal productor,,,Solucionado,,,,,AUS1 - AUTOMOTORES,858574,,4420578,Corrección de propuesta,,,,'2021-04-28 13:20:00','2016-11-11 08:34:43','2016-11-11 08:34:43',Resuelto,,
161111-353519,,Incidente importado desde SAC,,Emisión Masivos,Usuario Importador,Telemarketing,,,Solucionado,,,,,AUS1 - AUTOMOTORES,858580,,2117975,4 cuotas con un descuento del 25 %,,,,'2021-04-28 13:20:00','2016-11-11 08:34:43','2016-11-11 08:34:43',Resuelto,,
161111-353521,,Incidente importado desde SAC,,Riesgos Varios Casa Central,Usuario Importador,Telemarketing,,,Solucionado,,,,,EGE1 - EXT.GARANTIA ELECTRO,858582,,7807092,Atenc. Serv. Tecn (Stro ext. de gtías),,,,'2021-04-28 13:20:00','2016-11-11 08:34:44','2016-11-11 08:34:44',Resuelto,,
161111-353523,,Incidente importado desde SAC,,Fleet Services,Usuario Importador,Telemarketing,,,Solucionado,,,,,AUA1 - AUTOMOTORES CARTERA GENERAL,858585,,3486211,Contacto del tercero,,,,'2021-04-28 13:20:00','2016-11-11 08:34:44','2016-11-11 08:34:44',Resuelto,,
161111-353527,,Incidente importado desde SAC,,Emisión Masivos,Usuario Importador,Telemarketing,,,Solucionado,,,,,HOM1 - SEGURO DEL HOGAR,858589,,5990351,Baja de póliza,,,,'2021-04-28 13:20:00','2016-11-11 08:34:45','2016-11-11 08:34:45',Resuelto,,
161111-353529,,Incidente importado desde SAC,,Emisión Masivos,Usuario Importador,Telemarketing,,,Solucionado,,,,,AUS1 - AUTOMOTORES,858591,,3449234,Rechazos/ Reducción de cobertura,,,,'2021-04-28 13:20:00','2016-11-11 08:34:45','2016-11-11 08:34:45',Resuelto,,
161111-353532,,Incidente importado desde SAC,,Emisión Masivos,Usuario Importador,Especialistas,,,Solucionado,,,,,AUS1 - AUTOMOTORES,858594,,7804458,Inspección por previa,,,,'2021-04-28 13:20:00','2016-11-11 08:34:45','2016-11-11 08:34:45',Resuelto,,
161111-353539,,Incidente importado desde SAC,,Riesgos Varios Casa Central,Usuario Importador,Telemarketing,,,Solucionado,,,,,ICO1 - INTEGR.COMERCIO,858601,,366394,Denuncia Riesgos Varios,,,,'2021-04-28 13:20:00','2016-11-11 08:34:46','2016-11-11 08:34:46',Resuelto,,
161111-353541,,Incidente importado desde SAC,,Emisión Masivos,Usuario Importador,Especialistas,,,Solucionado,,,,,AUS1 - AUTOMOTORES,858603,,2883497,Modificación datos personales,,,,'2021-04-28 13:20:00','2016-11-11 08:34:46','2016-11-11 08:34:46',Resuelto,,
161111-353544,,Incidente importado desde SAC,,,Usuario Importador,Telemarketing,,,Solucionado,,,,,AUS1 - AUTOMOTORES,858606,,3001953,Cliente para retención,,,,'2021-04-28 13:20:00','2016-11-11 08:34:47','2016-11-11 08:34:47',Atendido,,
161111-353545,,Incidente importado desde SAC,,Robo / Destruccion Total,Usuario Importador,Telemarketing,,,Solucionado,,,,,APR1 - AUTOMOTORES,858607,,1807401,Denuncia de robo aparecido,,,,'2021-04-28 13:20:00','2016-11-11 08:34:47','2016-11-11 08:34:47',Resuelto,,
161111-353548,,Incidente importado desde SAC,,Oficina Mendoza,Usuario Importador,Telemarketing,,,Solucionado,,,,,HOM1 - SEGURO DEL HOGAR,858610,,5389362,Riesgos Varios Mendoza,,,,'2021-04-28 13:20:00','2016-11-11 08:34:48','2016-11-11 08:34:48',Resuelto,,
161111-353551,,Incidente importado desde SAC,,Emisión Masivos,Usuario Importador,Telemarketing,,,Solucionado,,,,,AUS1 - AUTOMOTORES,858613,,4153665,4 cuotas con un descuento del 15 %,,,,'2021-04-28 13:20:00','2016-11-11 08:34:48','2016-11-11 08:34:48',Resuelto,,
161111-353553,,Incidente importado desde SAC,,Cobranzas Automático,Usuario Importador,Comercial,,,Solucionado,,,,,AUI1 - AUTOMOTORES INSTITUCIONES,858615,,7716864,No califica,,,,'2021-04-28 13:20:00','2016-11-11 08:34:48','2016-11-11 08:34:48',Resuelto,,
161111-353557,,Incidente importado desde SAC,,Emisión Masivos,Usuario Importador,Telemarketing,,,Solucionado,,,,,HOM1 - SEGURO DEL HOGAR,858619,,740850,No califica,,,,'2021-04-28 13:20:00','2016-11-11 08:34:48','2016-11-11 08:34:48',Resuelto,,
161111-353561,,Incidente importado desde SAC,,Mailing,Usuario Importador,Telemarketing,,,Solucionado,,,,,AUS1 - AUTOMOTORES,858623,,1334487,Certificado de cobertura,,,,'2021-04-28 13:20:00','2016-11-11 08:34:49','2016-11-11 08:34:49',Atendido,,
161111-352572,,,,Drive in San Isidro,Sabrina Diaz,Llamada entrante,,,Solucionado,,,45807,,APR1 - AUTOMOTORES,858624,,418440,Daños materiales drive in San Isidro,,,,'2021-04-28 13:20:00','2016-11-11 08:34:49','2016-11-11 13:44:05',Resuelto,,
161111-353562,,Incidente importado desde SAC,,Emisión Masivos,Usuario Importador,Telemarketing,,,Solucionado,,,,,AUS1 - AUTOMOTORES,858625,,7653324,Baja de póliza,,,,'2021-04-28 13:20:00','2016-11-11 08:34:49','2016-11-11 08:34:49',Resuelto,,
161111-353566,,Incidente importado desde SAC,,Telecobranzas,Usuario Importador,Telemarketing,,,Solucionado,,,,,AUS1 - AUTOMOTORES,858629,,5124564,Contestador,,,,'2021-04-28 13:20:00','2016-11-11 08:34:51','2016-11-11 08:34:51',Atendido,,
161111-353576,,Incidente importado desde SAC,,Emisión Masivos,Usuario Importador,Comercial,,,Solucionado,,,,,HOM1 - SEGURO DEL HOGAR,858639,,7730732,,,,,'2021-04-28 13:20:00','2016-11-11 08:34:53','2016-11-11 08:34:53',Resuelto,,
161111-353586,,Incidente importado desde SAC,,Emisión Masivos,Usuario Importador,Telemarketing,,,Solucionado,,,,,AUS1 - AUTOMOTORES,858649,,1118255,Baja de póliza,,,,'2021-04-28 13:20:00','2016-11-11 08:34:54','2016-11-11 08:34:54',Resuelto,,
161111-353589,,Incidente importado desde SAC,,,Usuario Importador,Telemarketing,,,Solucionado,,,,,AUS1 - AUTOMOTORES,858652,,1955901,Cliente para retención,,,,'2021-04-28 13:20:00','2016-11-11 08:34:55','2016-11-11 08:34:55',Atendido,,
161111-353595,,Incidente importado desde SAC,,Telemarketing,Usuario Importador,Telemarketing,,,Solucionado,,,,,HOM1 - SEGURO DEL HOGAR,858658,,2235353,Modificación datos de hogar sin inspección,,,,'2021-04-28 13:20:00','2016-11-11 08:34:55','2016-11-11 08:34:55',Resuelto,,
161111-353604,,Incidente importado desde SAC,,Pago Telefonico,Usuario Importador,Telemarketing,,,Solucionado,,,,,HOM1 - SEGURO DEL HOGAR,858667,,2270195,Pago telefónico,,,,'2021-04-28 13:20:00','2016-11-11 08:34:57','2016-11-11 08:34:57',Resuelto,,
161111-353606,,Incidente importado desde SAC,,Drive in Lanus,Usuario Importador,Telemarketing,,,Solucionado,,,,,AUS1 - AUTOMOTORES,858669,,486102,Daños materiales drive in Lanús,,,,'2021-04-28 13:20:00','2016-11-11 08:34:57','2016-11-11 08:34:57',Resuelto,,
161111-353607,,Incidente importado desde SAC,,,Usuario Importador,Telemarketing,,,Solucionado,,,,,AUS1 - AUTOMOTORES,858670,,5438697,Cliente para retención,,,,'2021-04-28 13:20:00','2016-11-11 08:34:57','2016-11-11 08:34:57',Atendido,,
161111-353608,,Incidente importado desde SAC,,Emisión Masivos,Usuario Importador,Telemarketing,,,Solucionado,,,,,AUS1 - AUTOMOTORES,858671,,5180540,Baja de póliza,,,,'2021-04-28 13:20:00','2016-11-11 08:34:58','2016-11-11 08:34:58',Resuelto,,
161111-353614,,Incidente importado desde SAC,,Inspecciones Autos,Usuario Importador,Telemarketing,,,Solucionado,,,,,AUS1 - AUTOMOTORES,858677,,7179473,Rechazos/ Reducción de cobertura,,,,'2021-04-28 13:20:00','2016-11-11 08:34:59','2016-11-11 08:34:59',No Procedente,,
161111-353616,,Incidente importado desde SAC,,Oficina Rosario,Usuario Importador,Telemarketing,,,Solucionado,,,,,AUS1 - AUTOMOTORES,858679,,4457880,Daños materiales Rosario,,,,'2021-04-28 13:20:00','2016-11-11 08:34:59','2016-11-11 08:34:59',Resuelto,,
161111-353617,,Incidente importado desde SAC,,Inspecciones Autos,Usuario Importador,Canal productor,,,Solucionado,,,,,AUS1 - AUTOMOTORES,858680,,7149785,Instalación de dispositivo de rastreo,,,,'2021-04-28 13:20:00','2016-11-11 08:34:59','2016-11-11 08:34:59',Resuelto,,
161111-353620,,Incidente importado desde SAC,,Inspecciones Autos,Usuario Importador,Telemarketing,,,Solucionado,,,,,AUS1 - AUTOMOTORES,858683,,3015438,Inspección por previa DDJJ,,,,'2021-04-28 13:20:00','2016-11-11 08:34:59','2016-11-11 08:34:59',Resuelto,,
161111-353621,,Incidente importado desde SAC,,Inspecciones Autos,Usuario Importador,Telemarketing,,,Solucionado,,,,,AUS1 - AUTOMOTORES,858684,,6597872,Inspección por previa DDJJ,,,,'2021-04-28 13:20:00','2016-11-11 08:34:59','2016-11-11 08:34:59',Resuelto,,
161111-353623,,Incidente importado desde SAC,,Emisión Masivos,Usuario Importador,Carta,,,Solucionado,,,,,AUS1 - AUTOMOTORES,858686,,1730704,Modificaciones scoring,,,,'2021-04-28 13:20:00','2016-11-11 08:35:00','2016-11-11 08:35:00',Resuelto,,
161111-353624,,Incidente importado desde SAC,,Emisión Masivos,Usuario Importador,Telemarketing,,,Solucionado,,,,,HOM1 - SEGURO DEL HOGAR,858687,,4370903,No califica,,,,'2021-04-28 13:20:00','2016-11-11 08:35:00','2016-11-11 08:35:00',Resuelto,,
161111-353626,,Incidente importado desde SAC,,Emisión Masivos,Usuario Importador,Telemarketing,,,Solucionado,,,,,HOM1 - SEGURO DEL HOGAR,858689,,5639352,Ampliación de Cobertura con inspección,,,,'2021-04-28 13:20:00','2016-11-11 08:35:00','2016-11-11 08:35:00',Resuelto,,
161111-353639,,Incidente importado desde SAC,,Emisión Masivos,Usuario Importador,Telemarketing,,,Solucionado,,,,,AUS1 - AUTOMOTORES,858702,,3477160,Rechazos/ Reducción de cobertura,,,,'2021-04-28 13:20:00','2016-11-11 08:35:02','2016-11-11 08:35:02',Resuelto,,
161111-353641,,Incidente importado desde SAC,,Emisión Masivos,Usuario Importador,Telemarketing,,,Solucionado,,,,,HOM1 - SEGURO DEL HOGAR,858704,,7830530,Ampliación de Cobertura con inspección,,,,'2021-04-28 13:20:00','2016-11-11 08:35:02','2016-11-11 08:35:02',Resuelto,,
161111-353644,,Incidente importado desde SAC,,Fleet Services,Usuario Importador,Telemarketing,,,Solucionado,,,,,AUA1 - AUTOMOTORES CARTERA GENERAL,858707,,1322999,Contacto del tercero,,,,'2021-04-28 13:20:00','2016-11-11 08:35:03','2016-11-11 08:35:03',Resuelto,,
161111-353646,,Incidente importado desde SAC,,Daños Materiales Autos,Usuario Importador,Telemarketing,,,Solucionado,,,,,AUS1 - AUTOMOTORES,858709,,4337262,Daños materiales Casa Central,,,,'2021-04-28 13:20:00','2016-11-11 08:35:04','2016-11-11 08:35:04',Resuelto,,
161111-353651,,Incidente importado desde SAC,,Riesgos Varios Casa Central,Usuario Importador,Telemarketing,,,Solucionado,,,,,HOM1 - SEGURO DEL HOGAR,858714,,7795475,Riesgos Varios Casa Central,,,,'2021-04-28 13:20:00','2016-11-11 08:35:04','2016-11-11 08:35:04',Resuelto,,
161111-353653,,Incidente importado desde SAC,,Emisión Masivos,Usuario Importador,Telemarketing,,,Solucionado,,,,,AUS1 - AUTOMOTORES,858716,,4349679,No califica,,,,'2021-04-28 13:20:00','2016-11-11 08:35:05','2016-11-11 08:35:05',Resuelto,,
161111-353655,,Incidente importado desde SAC,,Inspecciones Autos,Usuario Importador,Telemarketing,,,Solucionado,,,,,AUS1 - AUTOMOTORES,858718,,3042647,Inspección por previa DDJJ,,,,'2021-04-28 13:20:00','2016-11-11 08:35:06','2016-11-11 08:35:06',Resuelto,,
161111-353658,,Incidente importado desde SAC,,Emisión Masivos,Usuario Importador,Telemarketing,,,Solucionado,,,,,HOM1 - SEGURO DEL HOGAR,858721,,3591471,Corrección de propuesta,,,,'2021-04-28 13:20:00','2016-11-11 08:35:06','2016-11-11 08:35:06',Resuelto,,
161111-353659,,Incidente importado desde SAC,,Emisión Masivos,Usuario Importador,Comercial,,,Solucionado,,,,,HOM1 - SEGURO DEL HOGAR,858722,,3445677,Corrección de propuesta,,,,'2021-04-28 13:20:00','2016-11-11 08:35:06','2016-11-11 08:35:06',Resuelto,,
161111-353660,,Incidente importado desde SAC,,Emisión Masivos,Usuario Importador,Telemarketing,,,Solucionado,,,,,AUS1 - AUTOMOTORES,858723,,5393101,Rechazos/ Reducción de cobertura,,,,'2021-04-28 13:20:00','2016-11-11 08:35:06','2016-11-11 08:35:06',Resuelto,,
161111-353661,,Incidente importado desde SAC,,Emisión Masivos,Usuario Importador,Especialistas,,,Solucionado,,,,,AUS1 - AUTOMOTORES,858724,,5205714,Inclusión/Exclusión Co-titular,,,,'2021-04-28 13:20:00','2016-11-11 08:35:06','2016-11-11 08:35:06',Resuelto,,
161111-353664,,Incidente importado desde SAC,,Mailing,Usuario Importador,Telemarketing,,,Solucionado,,,,,APR1 - AUTOMOTORES,858727,,3627548,Certificado de cobertura,,,,'2021-04-28 13:20:00','2016-11-11 08:35:07','2016-11-11 08:35:07',Resuelto,,
161111-353668,,Incidente importado desde SAC,,Daños Materiales Autos,Usuario Importador,Telemarketing,,,Solucionado,,,,,AUS1 - AUTOMOTORES,858731,,1786092,Daños materiales Casa Central,,,,'2021-04-28 13:20:00','2016-11-11 08:35:08','2016-11-11 08:35:08',Resuelto,,
161111-353671,,Incidente importado desde SAC,,Drive in San Isidro,Usuario Importador,Telemarketing,,,Solucionado,,,,,AUS1 - AUTOMOTORES,858734,,4268900,Daños materiales Cleas,,,,'2021-04-28 13:20:00','2016-11-11 08:35:08','2016-11-11 08:35:08',Resuelto,,
161111-353673,,Incidente importado desde SAC,,Oficina Rosario,Usuario Importador,Telemarketing,,,Solucionado,,,,,APR1 - AUTOMOTORES,858736,,5183465,Denuncia daños materiales,,,,'2021-04-28 13:20:00','2016-11-11 08:35:08','2016-11-11 08:35:08',Resuelto,,
161111-353680,,Incidente importado desde SAC,,Fleet Services,Usuario Importador,Telemarketing,,,Solucionado,,,,,AUS1 - AUTOMOTORES,858743,,185095,Contacto del tercero,,,,'2021-04-28 13:20:00','2016-11-11 08:35:09','2016-11-11 08:35:09',Resuelto,,
161111-353682,,Incidente importado desde SAC,,Emisión Masivos,Usuario Importador,Telemarketing,,,Solucionado,,,,,AUS1 - AUTOMOTORES,858745,,3914784,Baja de póliza,,,,'2021-04-28 13:20:00','2016-11-11 08:35:09','2016-11-11 08:35:09',Resuelto,,
161111-353691,,Incidente importado desde SAC,,Emisión Masivos,Usuario Importador,Telemarketing,,,Solucionado,,,,,AUS1 - AUTOMOTORES,858754,,3165532,Rechazos/ Reducción de cobertura,,,,'2021-04-28 13:20:00','2016-11-11 08:35:10','2016-11-11 08:35:10',Resuelto,,
161111-353695,,Incidente importado desde SAC,,,Usuario Importador,Telemarketing,,,Solucionado,,,,,AUS1 - AUTOMOTORES,858758,,4022254,Cliente para retención,,,,'2021-04-28 13:20:00','2016-11-11 08:35:11','2016-11-11 08:35:11',Atendido,,
161111-353696,,Incidente importado desde SAC,,Emisión Masivos,Usuario Importador,Telemarketing,,,Solucionado,,,,,HOM1 - SEGURO DEL HOGAR,858759,,1309178,Baja de póliza,,,,'2021-04-28 13:20:00','2016-11-11 08:35:11','2016-11-11 08:35:11',Resuelto,,
161111-353697,,Incidente importado desde SAC,,Emisión Masivos,Usuario Importador,Canal productor,,,Solucionado,,,,,HOM1 - SEGURO DEL HOGAR,858760,,3450908,Corrección de propuesta,,,,'2021-04-28 13:20:00','2016-11-11 08:35:11','2016-11-11 08:35:11',Resuelto,,
161111-353703,,Incidente importado desde SAC,,Emisión Masivos,Usuario Importador,Telemarketing,,,Solucionado,,,,,HOM1 - SEGURO DEL HOGAR,858766,,3619986,Baja de póliza,,,,'2021-04-28 13:20:00','2016-11-11 08:35:12','2016-11-11 08:35:12',Resuelto,,
161111-353710,,Incidente importado desde SAC,,Emisión Masivos,Usuario Importador,Telemarketing,,,Solucionado,,,,,HOM1 - SEGURO DEL HOGAR,858773,,1307756,Baja de póliza,,,,'2021-04-28 13:20:00','2016-11-11 08:35:12','2016-11-11 08:35:12',Resuelto,,
161111-353715,,Incidente importado desde SAC,,Emisión Masivos,Usuario Importador,Telemarketing,,,Solucionado,,,,,AUS1 - AUTOMOTORES,858778,,3410420,No califica,,,,'2021-04-28 13:20:00','2016-11-11 08:35:13','2016-11-11 08:35:13',Resuelto,,
161111-353717,,Incidente importado desde SAC,,Cac,Usuario Importador,Telemarketing,,,Solucionado,,,,,AUS1 - AUTOMOTORES,858780,,2995873,Modificaciones datos del producto,,,,'2021-04-28 13:20:00','2016-11-11 08:35:13','2016-11-11 08:35:13',No Procedente,,
161111-353718,,Incidente importado desde SAC,,Emisión Masivos,Usuario Importador,Telemarketing,,,Solucionado,,,,,AUS1 - AUTOMOTORES,858781,,1087259,Propuesta incompleta,,,,'2021-04-28 13:20:00','2016-11-11 08:35:13','2016-11-11 08:35:13',Resuelto,,
161111-353720,,Incidente importado desde SAC,,Emisión Masivos,Usuario Importador,Canal productor,,,Solucionado,,,,,AUS1 - AUTOMOTORES,858783,,1983099,Venta,,,,'2021-04-28 13:20:00','2016-11-11 08:35:14','2016-11-11 08:35:14',Resuelto,,
161111-353722,,Incidente importado desde SAC,,Especialistas,Usuario Importador,Especialistas,,,Solucionado,,,,,AUS1 - AUTOMOTORES,858785,,2455588,Excepción comercial altas,,,,'2021-04-28 13:20:00','2016-11-11 08:35:14','2016-11-11 08:35:14',Resuelto,,
161111-353724,,Incidente importado desde SAC,,Emisión Masivos,Usuario Importador,Canal productor,,,Solucionado,,,,,AUP1 - AUTOMOTORES PRODUCTORES,858787,,3645208,,,,,'2021-04-28 13:20:00','2016-11-11 08:35:14','2016-11-11 08:35:14',Resuelto,,
161111-353726,,Incidente importado desde SAC,,Emisión Masivos,Usuario Importador,Telemarketing,,,Solucionado,,,,,HOM1 - SEGURO DEL HOGAR,858789,,456070,Propuesta incompleta,,,,'2021-04-28 13:20:00','2016-11-11 08:35:15','2016-11-11 08:35:15',Resuelto,,
161111-353735,,Incidente importado desde SAC,,Inspecciones Autos,Usuario Importador,Telemarketing,,,Solucionado,,,,,AUS1 - AUTOMOTORES,858799,,1908203,Rechazos/ Reducción de cobertura,,,,'2021-04-28 13:20:00','2016-11-11 08:35:17','2016-11-11 08:35:17',Resuelto,,
161111-353736,,Incidente importado desde SAC,,Emisión Masivos,Usuario Importador,Telemarketing,,,Solucionado,,,,,AUS1 - AUTOMOTORES,858800,,3010697,Baja de póliza,,,,'2021-04-28 13:20:00','2016-11-11 08:35:18','2016-11-11 08:35:18',Resuelto,,
161111-353739,,Incidente importado desde SAC,,Emisión Masivos,Usuario Importador,Telemarketing,,,Solucionado,,,,,AUS1 - AUTOMOTORES,858803,,4828472,Rehabilitación de póliza sin Inspección,,,,'2021-04-28 13:20:00','2016-11-11 08:35:19','2016-11-11 08:35:19',Resuelto,,
161111-345487,,,,Oficina Mendoza,Silvina Curto,Carta,,,Solucionado,,,44403,,AUT1 - AUTOMOTORES,858804,Siniestro Jet,1322999,Siniestro Jet,,,,'2021-04-28 13:20:00','2016-11-11 08:35:19','2016-11-14 12:11:43',Resuelto,,
161111-353747,,Incidente importado desde SAC,,Inspecciones Autos,Usuario Importador,Telemarketing,,,Solucionado,,,,,AUS1 - AUTOMOTORES,858812,,525930,Inspección por previa DDJJ,,,,'2021-04-28 13:20:00','2016-11-11 08:35:20','2016-11-11 08:35:20',Resuelto,,
161111-353748,,Incidente importado desde SAC,,Emisión Masivos,Usuario Importador,Telemarketing,,,Solucionado,,,,,HOM1 - SEGURO DEL HOGAR,858813,,5821876,Propuesta incompleta,,,,'2021-04-28 13:20:00','2016-11-11 08:35:20','2016-11-11 08:35:20',Resuelto,,
161111-353752,,Incidente importado desde SAC,,Emisión Masivos,Usuario Importador,Especialistas,,,Solucionado,,,,,AUS1 - AUTOMOTORES,858817,,3071800,No califica,,,,'2021-04-28 13:20:00','2016-11-11 08:35:21','2016-11-11 08:35:21',Resuelto,,
161111-353753,,Incidente importado desde SAC,,Mailing,Usuario Importador,Telemarketing,,,Solucionado,,,,,APR1 - AUTOMOTORES,858818,,3477364,Certificado de cobertura,,,,'2021-04-28 13:20:00','2016-11-11 08:35:21','2016-11-11 08:35:21',Resuelto,,
161111-353754,,Incidente importado desde SAC,,Emisión Masivos,Usuario Importador,Telemarketing,,,Solucionado,,,,,AUS1 - AUTOMOTORES,858819,,3944102,Baja de póliza,,,,'2021-04-28 13:20:00','2016-11-11 08:35:21','2016-11-11 08:35:21',Resuelto,,
161111-353760,,Incidente importado desde SAC,,Drive in Libertador,Usuario Importador,Telemarketing,,,Solucionado,,,,,AUS1 - AUTOMOTORES,858825,,4158840,Daños materiales drive in Libertador,,,,'2021-04-28 13:20:00','2016-11-11 08:35:22','2016-11-11 08:35:22',Resuelto,,
161111-353761,,Incidente importado desde SAC,,,Usuario Importador,Telemarketing,,,Solucionado,,,,,AUS1 - AUTOMOTORES,858826,,5545477,Cliente para retención,,,,'2021-04-28 13:20:00','2016-11-11 08:35:22','2016-11-11 08:35:22',Atendido,,
161111-353765,,Incidente importado desde SAC,,Inspecciones Autos,Usuario Importador,Telemarketing,,,Solucionado,,,,,AUS1 - AUTOMOTORES,858830,,3540422,Inspección por previa DDJJ,,,,'2021-04-28 13:20:00','2016-11-11 08:35:23','2016-11-11 08:35:23',Resuelto,,
161111-353766,,Incidente importado desde SAC,,Emisión Masivos,Usuario Importador,Telemarketing,,,Solucionado,,,,,AUS1 - AUTOMOTORES,858831,,2300420,4 cuotas con un descuento del 25 %,,,,'2021-04-28 13:20:00','2016-11-11 08:35:23','2016-11-11 08:35:23',Resuelto,,
161111-353770,,Incidente importado desde SAC,,Fleet Services,Usuario Importador,Telemarketing,,,Solucionado,,,,,APL1 - AUTOMOTORES PLANES,858835,,420994,Contacto del tercero,,,,'2021-04-28 13:20:00','2016-11-11 08:35:23','2016-11-11 08:35:23',Resuelto,,
161111-353777,,Incidente importado desde SAC,,Telemarketing,Usuario Importador,Telemarketing,,,Solucionado,,,,,AUS1 - AUTOMOTORES,858842,,6073039,Inspección por previa DDJJ,,,,'2021-04-28 13:20:00','2016-11-11 08:35:25','2016-11-11 08:35:25',No Procedente,,
161111-353786,,Incidente importado desde SAC,,,Usuario Importador,Telemarketing,,,Solucionado,,,,,AUS1 - AUTOMOTORES,858851,,6437944,Cliente para retención,,,,'2021-04-28 13:20:00','2016-11-11 08:35:26','2016-11-11 08:35:26',Atendido,,
161111-353787,,Incidente importado desde SAC,,Emisión Masivos,Usuario Importador,Telemarketing,,,Solucionado,,,,,AUS1 - AUTOMOTORES,858852,,7373926,No califica,,,,'2021-04-28 13:20:00','2016-11-11 08:35:26','2016-11-11 08:35:26',Resuelto,,
161111-353788,,Incidente importado desde SAC,,Cac,Usuario Importador,Telemarketing,,,Solucionado,,,,,HOM1 - SEGURO DEL HOGAR,858853,,4751168,Modificación de canal de cobro por única vez,,,,'2021-04-28 13:20:00','2016-11-11 08:35:26','2016-11-11 08:35:26',Resuelto,,
161111-353794,,Incidente importado desde SAC,,Gerencia Clientes,Usuario Importador,Carta Documento,,,Solucionado,,,,,AUS1 - AUTOMOTORES,858859,,2948629,Baja de póliza,,,,'2021-04-28 13:20:00','2016-11-11 08:35:27','2016-11-11 08:35:27',Resuelto,,
161111-353795,,Incidente importado desde SAC,,Daños Materiales Autos,Usuario Importador,Telemarketing,,,Solucionado,,,,,AUS1 - AUTOMOTORES,858860,,4345696,Inspección por siniestros,,,,'2021-04-28 13:20:00','2016-11-11 08:35:27','2016-11-11 08:35:27',Resuelto,,
161111-353796,,Incidente importado desde SAC,,Emisión Masivos,Usuario Importador,Telemarketing,,,Solucionado,,,,,AUS1 - AUTOMOTORES,858861,,3128483,Rechazos/ Reducción de cobertura,,,,'2021-04-28 13:20:00','2016-11-11 08:35:27','2016-11-11 08:35:27',Resuelto,,
161111-353797,,Incidente importado desde SAC,,Emisión Masivos,Usuario Importador,Telemarketing,,,Solucionado,,,,,AUS1 - AUTOMOTORES,858862,,2575165,Corrección de propuesta,,,,'2021-04-28 13:20:00','2016-11-11 08:35:28','2016-11-11 08:35:28',Resuelto,,
161111-353800,,Incidente importado desde SAC,,Daños Materiales Autos,Usuario Importador,Telemarketing,,,Solucionado,,,,,AUS1 - AUTOMOTORES,858865,,6041077,Inspección por siniestros,,,,'2021-04-28 13:20:00','2016-11-11 08:35:28','2016-11-11 08:35:28',Resuelto,,
161111-353801,,Incidente importado desde SAC,,,Usuario Importador,Telemarketing,,,Solucionado,,,,,AUS1 - AUTOMOTORES,858866,,1376190,Cliente para retención,,,,'2021-04-28 13:20:00','2016-11-11 08:35:28','2016-11-11 08:35:28',Atendido,,
161111-353802,,Incidente importado desde SAC,,Telecobranzas,Usuario Importador,Telemarketing,,,Solucionado,,,,,AUS1 - AUTOMOTORES,858867,,3393063,Mensaje,,,,'2021-04-28 13:20:00','2016-11-11 08:35:28','2016-11-11 08:35:28',Atendido,,
161111-353803,,Incidente importado desde SAC,,,Usuario Importador,Telemarketing,,,Solucionado,,,,,AUS1 - AUTOMOTORES,858868,,3606752,Cliente para retención,,,,'2021-04-28 13:20:00','2016-11-11 08:35:28','2016-11-11 08:35:28',Atendido,,
161111-353804,,Incidente importado desde SAC,,Inspecciones Autos,Usuario Importador,Telemarketing,,,Solucionado,,,,,AUS1 - AUTOMOTORES,858869,,5335195,Inspección por previa DDJJ,,,,'2021-04-28 13:20:00','2016-11-11 08:35:29','2016-11-11 08:35:29',Resuelto,,
161111-353805,,Incidente importado desde SAC,,Inspecciones Autos,Usuario Importador,Telemarketing,,,Solucionado,,,,,AUS1 - AUTOMOTORES,858870,,6891568,Rechazos/ Reducción de cobertura,,,,'2021-04-28 13:20:00','2016-11-11 08:35:29','2016-11-11 08:35:29',No Procedente,,
161111-353811,,Incidente importado desde SAC,,Gerencia Clientes,Usuario Importador,Telemarketing,,,Solucionado,,,,,EGE1 - EXT.GARANTIA ELECTRO,858875,,2530805,Certificado de cobertura,,,,'2021-04-28 13:20:00','2016-11-11 08:35:31','2016-11-11 08:35:31',Resuelto,,
161111-353812,,Incidente importado desde SAC,,Drive in San Isidro,Usuario Importador,Telemarketing,,,Solucionado,,,,,AUS1 - AUTOMOTORES,858876,,2608358,Daños materiales drive in San Isidro,,,,'2021-04-28 13:20:00','2016-11-11 08:35:31','2016-11-11 08:35:31',Resuelto,,
161111-353813,,Incidente importado desde SAC,,Emisión Masivos,Usuario Importador,Telemarketing,,,Solucionado,,,,,AUS1 - AUTOMOTORES,858877,,6132444,Excepción comercial altas,,,,'2021-04-28 13:20:00','2016-11-11 08:35:31','2016-11-11 08:35:31',Resuelto,,
161111-353816,,Incidente importado desde SAC,,Emisión Masivos,Usuario Importador,Telemarketing,,,Solucionado,,,,,AUS1 - AUTOMOTORES,858880,,2340303,Rechazos/ Reducción de cobertura,,,,'2021-04-28 13:20:00','2016-11-11 08:35:33','2016-11-11 08:35:33',Resuelto,,
161111-353818,,Incidente importado desde SAC,,Emisión Masivos,Usuario Importador,Telemarketing,,,Solucionado,,,,,AUS1 - AUTOMOTORES,858882,,6475909,Baja de póliza,,,,'2021-04-28 13:20:00','2016-11-11 08:35:33','2016-11-11 08:35:33',Resuelto,,
161111-353822,,Incidente importado desde SAC,,Emisión Masivos,Usuario Importador,Telemarketing,,,Solucionado,,,,,HOM1 - SEGURO DEL HOGAR,858886,,2785247,Ampliación de Cobertura con inspección,,,,'2021-04-28 13:20:00','2016-11-11 08:35:34','2016-11-11 08:35:34',Resuelto,,
161111-353824,,Incidente importado desde SAC,,Emisión Masivos,Usuario Importador,Telemarketing,,,Solucionado,,,,,AUS1 - AUTOMOTORES,858888,,3087102,Baja de póliza,,,,'2021-04-28 13:20:00','2016-11-11 08:35:34','2016-11-11 08:35:34',Resuelto,,
161111-353827,,Incidente importado desde SAC,,Robo / Destruccion Total,Usuario Importador,Telemarketing,,,Solucionado,,,,,APL1 - AUTOMOTORES PLANES,858891,,3503063,Destrucción Total,,,,'2021-04-28 13:20:00','2016-11-11 08:35:35','2016-11-11 08:35:35',Resuelto,,
161111-353829,,Incidente importado desde SAC,,Emisión Masivos,Usuario Importador,Telemarketing,,,Solucionado,,,,,HOM1 - SEGURO DEL HOGAR,858893,,6146227,Baja de póliza,,,,'2021-04-28 13:20:00','2016-11-11 08:35:35','2016-11-11 08:35:35',Resuelto,,
161111-353837,,Incidente importado desde SAC,,Inspecciones Autos,Usuario Importador,Telemarketing,,,Solucionado,,,,,APR1 - AUTOMOTORES,858901,,3451026,Rechazos/ Reducción de cobertura,,,,'2021-04-28 13:20:00','2016-11-11 08:35:36','2016-11-11 08:35:36',No Procedente,,
161111-353852,,Incidente importado desde SAC,,Emisión Masivos,Usuario Importador,Carta Documento,,,Solucionado,,,,,APR1 - AUTOMOTORES,858915,,5348404,Modificaciones datos del producto,,,,'2021-04-28 13:20:00','2016-11-11 08:35:38','2016-11-11 08:35:38',Resuelto,,
161111-353856,,Incidente importado desde SAC,,Daños Materiales Interior Sur,Usuario Importador,Telemarketing,,,Solucionado,,,,,AUS1 - AUTOMOTORES,858919,,3620789,Daños materiales Interior Sur,,,,'2021-04-28 13:20:00','2016-11-11 08:35:38','2016-11-11 08:35:38',Resuelto,,
161111-353857,,Incidente importado desde SAC,,Inspecciones Autos,Usuario Importador,Telemarketing,,,Solucionado,,,,,AUS1 - AUTOMOTORES,858920,,7247986,Instalación de dispositivo de rastreo,,,,'2021-04-28 13:20:00','2016-11-11 08:35:39','2016-11-11 08:35:39',Resuelto,,
161111-353864,,Incidente importado desde SAC,,Emisión Masivos,Usuario Importador,Telemarketing,,,Solucionado,,,,,AUP1 - AUTOMOTORES PRODUCTORES,858927,,7605854,Modificación medio de pago,,,,'2021-04-28 13:20:00','2016-11-11 08:35:40','2016-11-11 08:35:40',No Procedente,,
161111-353866,,Incidente importado desde SAC,,Drive in La Plata,Usuario Importador,Telemarketing,,,Solucionado,,,,,AUA1 - AUTOMOTORES CARTERA GENERAL,858929,,1288672,Inspección por siniestros,,,,'2021-04-28 13:20:00','2016-11-11 08:35:40','2016-11-11 08:35:40',Resuelto,,
161111-353867,,Incidente importado desde SAC,,Daños Materiales Autos,Usuario Importador,Telemarketing,,,Solucionado,,,,,APR1 - AUTOMOTORES,858930,,5384535,Daños materiales Casa Central,,,,'2021-04-28 13:20:00','2016-11-11 08:35:40','2016-11-11 08:35:40',Resuelto,,
161111-353868,,Incidente importado desde SAC,,Daños Materiales Autos,Usuario Importador,Telemarketing,,,Solucionado,,,,,APL1 - AUTOMOTORES PLANES,858931,,1179933,Inspección por siniestros,,,,'2021-04-28 13:20:00','2016-11-11 08:35:40','2016-11-11 08:35:40',Resuelto,,
161111-353870,,Incidente importado desde SAC,,Emisión Masivos,Usuario Importador,Telemarketing,,,Solucionado,,,,,APR1 - AUTOMOTORES,858933,,2109079,Rechazos/ Reducción de cobertura,,,,'2021-04-28 13:20:00','2016-11-11 08:35:40','2016-11-11 08:35:40',Resuelto,,
161111-353876,,Incidente importado desde SAC,,Emisión Masivos,Usuario Importador,Telemarketing,,,Solucionado,,,,,HOM1 - SEGURO DEL HOGAR,858939,,5343194,Propuesta incompleta,,,,'2021-04-28 13:20:00','2016-11-11 08:35:41','2016-11-11 08:35:41',Resuelto,,
161111-353877,,Incidente importado desde SAC,,Pago Telefonico,Usuario Importador,Telemarketing,,,Solucionado,,,,,HOM1 - SEGURO DEL HOGAR,858940,,4183860,Pago telefónico,,,,'2021-04-28 13:20:00','2016-11-11 08:35:41','2016-11-11 08:35:41',Resuelto,,
161111-353879,,Incidente importado desde SAC,,Emisión Masivos,Usuario Importador,Telemarketing,,,Solucionado,,,,,HOM1 - SEGURO DEL HOGAR,858942,,6574588,Baja de póliza,,,,'2021-04-28 13:20:00','2016-11-11 08:35:41','2016-11-11 08:35:41',Resuelto,,
161111-353884,,Incidente importado desde SAC,,Inspecciones Autos,Usuario Importador,Telemarketing,,,Solucionado,,,,,AUS1 - AUTOMOTORES,858947,,2756295,Inspección por previa DDJJ,,,,'2021-04-28 13:20:00','2016-11-11 08:35:42','2016-11-11 08:35:42',Resuelto,,
161111-353886,,Incidente importado desde SAC,,Cobranzas Automático,Usuario Importador,Telemarketing,,,Solucionado,,,,,ATD1 - ROBO/USUAR.T.DEB-CRE,858949,,3464483,Reintegro - Automático,,,,'2021-04-28 13:20:00','2016-11-11 08:35:42','2016-11-11 08:35:42',Resuelto,,
161111-353888,,Incidente importado desde SAC,,Cobranzas Automático,Usuario Importador,Telemarketing,,,Solucionado,,,,,AUS1 - AUTOMOTORES,858951,,1253767,Reintegro - Automático,,,,'2021-04-28 13:20:00','2016-11-11 08:35:43','2016-11-11 08:35:43',Resuelto,,
161111-353893,,Incidente importado desde SAC,,Emisión Masivos,Usuario Importador,Telemarketing,,,Solucionado,,,,,AUS1 - AUTOMOTORES,858956,,2585275,4 cuotas con un descuento del 25 %,,,,'2021-04-28 13:20:00','2016-11-11 08:35:43','2016-11-11 08:35:43',Resuelto,,
161111-353898,,Incidente importado desde SAC,,Emisión Masivos,Usuario Importador,Telemarketing,,,Solucionado,,,,,AUS1 - AUTOMOTORES,858961,,6773857,Baja de póliza,,,,'2021-04-28 13:20:00','2016-11-11 08:35:46','2016-11-11 08:35:46',Resuelto,,
161111-353902,,Incidente importado desde SAC,,Mailing,Usuario Importador,Carta Documento,,,Solucionado,,,,,AUS1 - AUTOMOTORES,858965,,1369373,Certificado de cobertura,,,,'2021-04-28 13:20:00','2016-11-11 08:35:47','2016-11-11 08:35:47',Resuelto,,
161111-353907,,Incidente importado desde SAC,,,Usuario Importador,Canal productor,,,Solucionado,,,,,AUS1 - AUTOMOTORES,858970,,6862464,Corrección de propuesta,,,,'2021-04-28 13:20:00','2016-11-11 08:35:47','2016-11-11 08:35:47',Resuelto,,
161111-353908,,Incidente importado desde SAC,,,Usuario Importador,Telemarketing,,,Solucionado,,,,,AUS1 - AUTOMOTORES,858971,,4490756,Cliente para retención,,,,'2021-04-28 13:20:00','2016-11-11 08:35:47','2016-11-11 08:35:47',Atendido,,
161111-353909,,Incidente importado desde SAC,,Emisión Masivos,Usuario Importador,Telemarketing,,,Solucionado,,,,,AUI1 - AUTOMOTORES INSTITUCIONES,858972,,3439860,Rechazos/ Reducción de cobertura,,,,'2021-04-28 13:20:00','2016-11-11 08:35:47','2016-11-11 08:35:47',Resuelto,,
161111-353910,,Incidente importado desde SAC,,Inspecciones Autos,Usuario Importador,Telemarketing,,,Solucionado,,,,,AUS1 - AUTOMOTORES,858973,,4887210,Inspección por previa DDJJ,,,,'2021-04-28 13:20:00','2016-11-11 08:35:48','2016-11-11 08:35:48',Resuelto,,
161111-353918,,Incidente importado desde SAC,,Emisión Masivos,Usuario Importador,Comercial,,,Solucionado,,,,,HOM1 - SEGURO DEL HOGAR,858981,,4844353,,,,,'2021-04-28 13:20:00','2016-11-11 08:35:49','2016-11-11 08:35:49',Resuelto,,
161111-353921,,Incidente importado desde SAC,,Inspecciones Autos,Usuario Importador,Telemarketing,,,Solucionado,,,,,AUS1 - AUTOMOTORES,858984,,4320442,Rechazos/ Reducción de cobertura,,,,'2021-04-28 13:20:00','2016-11-11 08:35:49','2016-11-11 08:35:49',No Procedente,,
161111-353923,,Incidente importado desde SAC,,Inspecciones Autos,Usuario Importador,Telemarketing,,,Solucionado,,,,,AUS1 - AUTOMOTORES,858986,,6118878,Inspección por previa DDJJ,,,,'2021-04-28 13:20:00','2016-11-11 08:35:50','2016-11-11 08:35:50',Resuelto,,
161111-353928,,Incidente importado desde SAC,,Emisión Masivos,Usuario Importador,Telemarketing,,,Solucionado,,,,,HOM1 - SEGURO DEL HOGAR,858991,,3453951,Propuesta incompleta,,,,'2021-04-28 13:20:00','2016-11-11 08:35:50','2016-11-11 08:35:50',Resuelto,,
161111-353929,,Incidente importado desde SAC,,Fleet Services,Usuario Importador,Telemarketing,,,Solucionado,,,,,AUT1 - AUTOMOTORES,858992,,4448520,Contacto del tercero,,,,'2021-04-28 13:20:00','2016-11-11 08:35:50','2016-11-11 08:35:50',Resuelto,,
161111-353930,,Incidente importado desde SAC,,Lesiones,Usuario Importador,Telemarketing,,,Solucionado,,,,,AUS1 - AUTOMOTORES,858993,,3433063,Tercero lesionado,,,,'2021-04-28 13:20:00','2016-11-11 08:35:50','2016-11-11 08:35:50',Resuelto,,
161111-353932,,Incidente importado desde SAC,,Riesgos Varios Casa Central,Usuario Importador,Telemarketing,,,Solucionado,,,,,HOM1 - SEGURO DEL HOGAR,858995,,710738,Riesgos Varios Casa Central,,,,'2021-04-28 13:20:00','2016-11-11 08:35:50','2016-11-11 08:35:50',Resuelto,,
161111-353933,,Incidente importado desde SAC,,Inspecciones Autos,Usuario Importador,Telemarketing,,,Solucionado,,,,,AUS1 - AUTOMOTORES,858996,,3555473,Inspección por previa DDJJ,,,,'2021-04-28 13:20:00','2016-11-11 08:35:51','2016-11-11 08:35:51',Resuelto,,
161111-353936,,Incidente importado desde SAC,,Fleet Services,Usuario Importador,Telemarketing,,,Solucionado,,,,,AUA1 - AUTOMOTORES CARTERA GENERAL,858999,,7129935,Contacto del tercero,,,,'2021-04-28 13:20:00','2016-11-11 08:35:51','2016-11-11 08:35:51',Resuelto,,
161111-353940,,Incidente importado desde SAC,,Cac,Usuario Importador,Telemarketing,,,Solucionado,,,,,AUS1 - AUTOMOTORES,859003,,1069598,Ampliación de Cobertura con inspección,,,,'2021-04-28 13:20:00','2016-11-11 08:35:51','2016-11-11 08:35:51',No Procedente,,
161111-353943,,Incidente importado desde SAC,,Inspecciones Autos,Usuario Importador,Telemarketing,,,Solucionado,,,,,AUS1 - AUTOMOTORES,859006,,6202569,Inspección por previa DDJJ,,,,'2021-04-28 13:20:00','2016-11-11 08:35:52','2016-11-11 08:35:52',Resuelto,,
161111-353944,,Incidente importado desde SAC,,Emisión Masivos,Usuario Importador,Telemarketing,,,Solucionado,,,,,AUS1 - AUTOMOTORES,859007,,560918,Modificaciones datos del producto,,,,'2021-04-28 13:20:00','2016-11-11 08:35:52','2016-11-11 08:35:52',Resuelto,,
161111-353945,,Incidente importado desde SAC,,Inspecciones Autos,Usuario Importador,Telemarketing,,,Solucionado,,,,,AUS1 - AUTOMOTORES,859008,,3390270,Rechazos/ Reducción de cobertura,,,,'2021-04-28 13:20:00','2016-11-11 08:35:52','2016-11-11 08:35:52',No Procedente,,
161111-353947,,Incidente importado desde SAC,,Inspecciones Autos,Usuario Importador,Telemarketing,,,Solucionado,,,,,AUS1 - AUTOMOTORES,859010,,6204262,Inspección por previa DDJJ,,,,'2021-04-28 13:20:00','2016-11-11 08:35:52','2016-11-11 08:35:52',Resuelto,,
161111-353949,,Incidente importado desde SAC,,Telemarketing,Usuario Importador,Telemarketing,,,Solucionado,,,,,AUS1 - AUTOMOTORES,859012,,1333821,Excepción comercial altas,,,,'2021-04-28 13:20:00','2016-11-11 08:35:52','2016-11-11 08:35:52',Resuelto,,
161111-353950,,Incidente importado desde SAC,,Inspecciones Autos,Usuario Importador,Telemarketing,,,Solucionado,,,,,AUS1 - AUTOMOTORES,859013,,7348017,Inspección por previa DDJJ,,,,'2021-04-28 13:20:00','2016-11-11 08:35:52','2016-11-11 08:35:52',Resuelto,,
161111-353953,,Incidente importado desde SAC,,Emisión Masivos,Usuario Importador,Telemarketing,,,Solucionado,,,,,AUS1 - AUTOMOTORES,859016,,4000104,Rechazos/ Reducción de cobertura,,,,'2021-04-28 13:20:00','2016-11-11 08:35:53','2016-11-11 08:35:53',Resuelto,,
161111-353960,,Incidente importado desde SAC,,Fleet Services,Usuario Importador,Telemarketing,,,Solucionado,,,,,AUT1 - AUTOMOTORES,859022,,7314408,Contacto del tercero,,,,'2021-04-28 13:20:00','2016-11-11 08:35:54','2016-11-11 08:35:54',Resuelto,,
161111-353962,,Incidente importado desde SAC,,Inspecciones Autos,Usuario Importador,Telemarketing,,,Solucionado,,,,,AUS1 - AUTOMOTORES,859024,,3237876,Inspección por previa DDJJ,,,,'2021-04-28 13:20:00','2016-11-11 08:35:54','2016-11-11 08:35:54',Resuelto,,
161111-353964,,Incidente importado desde SAC,,,Usuario Importador,Telemarketing,,,Solucionado,,,,,AUS1 - AUTOMOTORES,859026,,1800713,Cliente para retención,,,,'2021-04-28 13:20:00','2016-11-11 08:35:54','2016-11-11 08:35:54',Atendido,,
161111-353965,,Incidente importado desde SAC,,Drive in Lanus,Usuario Importador,Telemarketing,,,Solucionado,,,,,AUS1 - AUTOMOTORES,859027,,2973836,Daños materiales drive in Lanús,,,,'2021-04-28 13:20:00','2016-11-11 08:35:55','2016-11-11 08:35:55',Resuelto,,
161111-353967,,Incidente importado desde SAC,,Inspecciones Autos,Usuario Importador,Telemarketing,,,Solucionado,,,,,AUS1 - AUTOMOTORES,859029,,3815040,Inspección por previa DDJJ,,,,'2021-04-28 13:20:00','2016-11-11 08:35:55','2016-11-11 08:35:55',Resuelto,,
161111-353973,,Incidente importado desde SAC,,Emisión Masivos,Usuario Importador,Telemarketing,,,Solucionado,,,,,AUS1 - AUTOMOTORES,859035,,1369153,4 cuotas con un descuento del 15 %,,,,'2021-04-28 13:20:00','2016-11-11 08:35:55','2016-11-11 08:35:55',Resuelto,,
161111-353975,,Incidente importado desde SAC,,Emisión Masivos,Usuario Importador,Especialistas,,,Solucionado,,,,,HOM1 - SEGURO DEL HOGAR,859037,,7261347,No califica,,,,'2021-04-28 13:20:00','2016-11-11 08:35:56','2016-11-11 08:35:56',Resuelto,,
161111-353977,,Incidente importado desde SAC,,Mailing,Usuario Importador,Telemarketing,,,Solucionado,,,,,APR1 - AUTOMOTORES,859039,,3736931,Certificado de cobertura,,,,'2021-04-28 13:20:00','2016-11-11 08:35:56','2016-11-11 08:35:56',Atendido,,
161111-353981,,Incidente importado desde SAC,,Emisión Masivos,Usuario Importador,Canal productor,,,Solucionado,,,,,AUS1 - AUTOMOTORES,859043,,6698025,No califica,,,,'2021-04-28 13:20:00','2016-11-11 08:35:57','2016-11-11 08:35:57',Resuelto,,
161111-353985,,Incidente importado desde SAC,,Mailing,Usuario Importador,Telemarketing,,,Solucionado,,,,,AUS1 - AUTOMOTORES,859047,,759298,Certificado de cobertura,,,,'2021-04-28 13:20:00','2016-11-11 08:35:57','2016-11-11 08:35:57',Resuelto,,
161111-353991,,Incidente importado desde SAC,,Cac,Usuario Importador,Telemarketing,,,Solucionado,,,,,HOM1 - SEGURO DEL HOGAR,859053,,5240872,Rehabilitación de póliza sin Inspección,,,,'2021-04-28 13:20:00','2016-11-11 08:36:00','2016-11-11 08:36:00',Resuelto,,
161111-353994,,Incidente importado desde SAC,,Emisión Masivos,Usuario Importador,Telemarketing,,,Solucionado,,,,,HOM1 - SEGURO DEL HOGAR,859056,,187169,Ampliación de Cobertura con inspección,,,,'2021-04-28 13:20:00','2016-11-11 08:36:00','2016-11-11 08:36:00',Resuelto,,
161111-353998,,Incidente importado desde SAC,,Fleet Services,Usuario Importador,Telemarketing,,,Solucionado,,,,,AUS1 - AUTOMOTORES,859060,,1325305,Contacto del tercero,,,,'2021-04-28 13:20:00','2016-11-11 08:36:01','2016-11-11 08:36:01',Resuelto,,
161111-354004,,Incidente importado desde SAC,,Emisión Masivos,Usuario Importador,Telemarketing,,,Solucionado,,,,,AUS1 - AUTOMOTORES,859066,,7185794,Baja de póliza,,,,'2021-04-28 13:20:00','2016-11-11 08:36:01','2016-11-11 08:36:01',Resuelto,,
161111-352600,,,,Riesgos Varios Casa Central,Carolina Irigoyen,Llamada entrante,,,Solucionado,,,37310,,HOC1 - SEGURO DEL HOGAR,859067,,1292702,Riesgos Varios Casa Central,,,'2016-11-14 13:04:54','2021-04-28 13:20:00','2016-11-11 08:36:01','2016-11-14 13:04:54',Resuelto,,
161111-354011,,Incidente importado desde SAC,,Daños Materiales Autos,Usuario Importador,Telemarketing,,,Solucionado,,,,,AUS1 - AUTOMOTORES,859074,,2553363,Inspección por siniestros,,,,'2021-04-28 13:20:00','2016-11-11 08:36:03','2016-11-11 08:36:03',Resuelto,,
161111-354014,,Incidente importado desde SAC,,Inspecciones Autos,Usuario Importador,Telemarketing,,,Solucionado,,,,,AUS1 - AUTOMOTORES,859077,,3811753,Inspección por previa DDJJ,,,,'2021-04-28 13:20:00','2016-11-11 08:36:03','2016-11-11 08:36:03',Resuelto,,
161111-354023,,Incidente importado desde SAC,,Cac,Usuario Importador,Telemarketing,,,Solucionado,,,,,AUS1 - AUTOMOTORES,859086,,5197496,Imputación de cobranzas - Automático,,,,'2021-04-28 13:20:00','2016-11-11 08:36:05','2016-11-11 08:36:05',Resuelto,,
161111-354025,,Incidente importado desde SAC,,Emisión Masivos,Usuario Importador,Telemarketing,,,Solucionado,,,,,AUS1 - AUTOMOTORES,859088,,428987,Ampliación de Cobertura con inspección,,,,'2021-04-28 13:20:00','2016-11-11 08:36:05','2016-11-11 08:36:05',Resuelto,,
161111-354028,,Incidente importado desde SAC,,,Usuario Importador,Especialistas,,,Solucionado,,,,,AUS1 - AUTOMOTORES,859091,,4371230,,,,,'2021-04-28 13:20:00','2016-11-11 08:36:05','2016-11-11 08:36:05',Resuelto,,
161111-354030,,Incidente importado desde SAC,,Emisión Masivos,Usuario Importador,Telemarketing,,,Solucionado,,,,,AUS1 - AUTOMOTORES,859093,,911146,4 cuotas con un descuento del 25 %,,,,'2021-04-28 13:20:00','2016-11-11 08:36:05','2016-11-11 08:36:05',Resuelto,,
161111-354032,,Incidente importado desde SAC,,Inspecciones Autos,Usuario Importador,Telemarketing,,,Solucionado,,,,,APR1 - AUTOMOTORES,859095,,3400087,Inspección por previa DDJJ,,,,'2021-04-28 13:20:00','2016-11-11 08:36:06','2016-11-11 08:36:06',Resuelto,,
161111-354033,,Incidente importado desde SAC,,Cac,Usuario Importador,Telemarketing,,,Solucionado,,,,,HOM1 - SEGURO DEL HOGAR,859096,,1041928,Ampliación de Cobertura con inspección,,,,'2021-04-28 13:20:00','2016-11-11 08:36:06','2016-11-11 08:36:06',No Procedente,,
161111-354034,,Incidente importado desde SAC,,Emisión Masivos,Usuario Importador,Telemarketing,,,Solucionado,,,,,APR1 - AUTOMOTORES,859097,,6916002,Rechazos/ Reducción de cobertura,,,,'2021-04-28 13:20:00','2016-11-11 08:36:06','2016-11-11 08:36:06',Resuelto,,
161111-354035,,Incidente importado desde SAC,,Lesiones,Usuario Importador,Telemarketing,,,Solucionado,,,,,AUS1 - AUTOMOTORES,859098,,330296,Tercero lesionado,,,,'2021-04-28 13:20:00','2016-11-11 08:36:06','2016-11-11 08:36:06',Resuelto,,
161111-354036,,Incidente importado desde SAC,,Emisión Cartera Gral.,Usuario Importador,Carta Documento,,,Solucionado,,,,,HOC1 - SEGURO DEL HOGAR,859099,,4012693,Alta de póliza con inspección,,,,'2021-04-28 13:20:00','2016-11-11 08:36:06','2016-11-11 08:36:06',Resuelto,,
161111-354037,,Incidente importado desde SAC,,Emisión Masivos,Usuario Importador,Carta Documento,,,Solucionado,,,,,AUS1 - AUTOMOTORES,859100,,968355,Ampliación de Cobertura con inspección,,,,'2021-04-28 13:20:00','2016-11-11 08:36:06','2016-11-11 08:36:06',Resuelto,,
161111-354041,,Incidente importado desde SAC,,Emisión Masivos,Usuario Importador,Telemarketing,,,Solucionado,,,,,AUS1 - AUTOMOTORES,859104,,4438570,Modificaciones datos del producto,,,,'2021-04-28 13:20:00','2016-11-11 08:36:07','2016-11-11 08:36:07',Resuelto,,
161111-354043,,Incidente importado desde SAC,,Emisión Masivos,Usuario Importador,Telemarketing,,,Solucionado,,,,,AUS1 - AUTOMOTORES,859106,,5355981,Anulación de propuesta,,,,'2021-04-28 13:20:00','2016-11-11 08:36:07','2016-11-11 08:36:07',Resuelto,,
161111-354045,,Incidente importado desde SAC,,Daños Materiales Autos,Usuario Importador,Telemarketing,,,Solucionado,,,,,APR1 - AUTOMOTORES,859108,,7455891,Daños materiales Casa Central,,,,'2021-04-28 13:20:00','2016-11-11 08:36:07','2016-11-11 08:36:07',Resuelto,,
161111-354051,,Incidente importado desde SAC,,Emisión Masivos,Usuario Importador,Telemarketing,,,Solucionado,,,,,HOM1 - SEGURO DEL HOGAR,859114,,7561820,Propuesta incompleta,,,,'2021-04-28 13:20:00','2016-11-11 08:36:07','2016-11-11 08:36:07',Resuelto,,
161111-354054,,Incidente importado desde SAC,,Emisión Masivos,Usuario Importador,Telemarketing,,,Solucionado,,,,,AUS1 - AUTOMOTORES,859117,,5382617,Propuesta incompleta,,,,'2021-04-28 13:20:00','2016-11-11 08:36:08','2016-11-11 08:36:08',Resuelto,,
161111-354056,,Incidente importado desde SAC,,Mailing,Usuario Importador,Telemarketing,,,Solucionado,,,,,HOM1 - SEGURO DEL HOGAR,859119,,3424988,Certificado de cobertura,,,,'2021-04-28 13:20:00','2016-11-11 08:36:08','2016-11-11 08:36:08',Resuelto,,
161111-354059,,Incidente importado desde SAC,,Emisión Masivos,Usuario Importador,Telemarketing,,,Solucionado,,,,,AUS1 - AUTOMOTORES,859122,,5063415,Baja de póliza,,,,'2021-04-28 13:20:00','2016-11-11 08:36:08','2016-11-11 08:36:08',Resuelto,,
161111-354062,,Incidente importado desde SAC,,Emisión Masivos,Usuario Importador,Telemarketing,,,Solucionado,,,,,AUS1 - AUTOMOTORES,859125,,2640314,Rechazos/ Reducción de cobertura,,,,'2021-04-28 13:20:00','2016-11-11 08:36:09','2016-11-11 08:36:09',Resuelto,,
161111-354064,,Incidente importado desde SAC,,,Usuario Importador,Telemarketing,,,Solucionado,,,,,AUS1 - AUTOMOTORES,859127,,1407411,Cliente para retención,,,,'2021-04-28 13:20:00','2016-11-11 08:36:09','2016-11-11 08:36:09',Atendido,,
161111-354065,,Incidente importado desde SAC,,Emisión Masivos,Usuario Importador,Telemarketing,,,Solucionado,,,,,HOM1 - SEGURO DEL HOGAR,859128,,401231,Baja de póliza,,,,'2021-04-28 13:20:00','2016-11-11 08:36:09','2016-11-11 08:36:09',Resuelto,,
161111-354070,,Incidente importado desde SAC,,Drive in Ciudadela,Usuario Importador,Telemarketing,,,Solucionado,,,,,AUS1 - AUTOMOTORES,859133,,6257182,Daños materiales drive in Ciudadela,,,,'2021-04-28 13:20:00','2016-11-11 08:36:10','2016-11-11 08:36:10',Resuelto,,
161111-354073,,Incidente importado desde SAC,,Emisión Masivos,Usuario Importador,Telemarketing,,,Solucionado,,,,,AUS1 - AUTOMOTORES,859136,,3625122,Ampliación de Cobertura con inspección,,,,'2021-04-28 13:20:00','2016-11-11 08:36:11','2016-11-11 08:36:11',Resuelto,,
161111-354078,,Incidente importado desde SAC,,Emisión Masivos,Usuario Importador,Telemarketing,,,Solucionado,,,,,HOM1 - SEGURO DEL HOGAR,859141,,4270628,Baja de póliza,,,,'2021-04-28 13:20:00','2016-11-11 08:36:12','2016-11-11 08:36:12',Resuelto,,
161111-354080,,Incidente importado desde SAC,,,Usuario Importador,Telemarketing,,,Solucionado,,,,,AUS1 - AUTOMOTORES,859143,,3805491,Rechazos/ Reducción de cobertura,,,,'2021-04-28 13:20:00','2016-11-11 08:36:13','2016-11-11 08:36:13',No Procedente,,
161111-354083,,Incidente importado desde SAC,,Inspecciones Autos,Usuario Importador,Telemarketing,,,Solucionado,,,,,AUS1 - AUTOMOTORES,859146,,5355491,Inspección por previa DDJJ,,,,'2021-04-28 13:20:00','2016-11-11 08:36:14','2016-11-11 08:36:14',Resuelto,,
161111-354084,,Incidente importado desde SAC,,Emisión Masivos,Usuario Importador,Telemarketing,,,Solucionado,,,,,AUS1 - AUTOMOTORES,859147,,2766182,Rechazos/ Reducción de cobertura,,,,'2021-04-28 13:20:00','2016-11-11 08:36:14','2016-11-11 08:36:14',Resuelto,,
161111-354086,,Incidente importado desde SAC,,Mailing,Usuario Importador,Telemarketing,,,Solucionado,,,,,AUI1 - AUTOMOTORES INSTITUCIONES,859149,,2329689,Certificado de cobertura,,,,'2021-04-28 13:20:00','2016-11-11 08:36:14','2016-11-11 08:36:14',Resuelto,,
161111-354089,,Incidente importado desde SAC,,Lesiones,Usuario Importador,Telemarketing,,,Solucionado,,,,,AUS1 - AUTOMOTORES,859152,,529738,Tercero lesionado,,,,'2021-04-28 13:20:00','2016-11-11 08:36:14','2016-11-11 08:36:14',Resuelto,,
161111-354090,,Incidente importado desde SAC,,Riesgos Varios Casa Central,Usuario Importador,Telemarketing,,,Solucionado,,,,,HOM1 - SEGURO DEL HOGAR,859153,,4202307,Riesgos Varios Casa Central,,,,'2021-04-28 13:20:00','2016-11-11 08:36:14','2016-11-11 08:36:14',Resuelto,,
161111-354097,,Incidente importado desde SAC,,Emisión Masivos,Usuario Importador,Telemarketing,,,Solucionado,,,,,AUS1 - AUTOMOTORES,859160,,3636590,Propuesta incompleta,,,,'2021-04-28 13:20:00','2016-11-11 08:36:16','2016-11-11 08:36:16',Resuelto,,
161111-354100,,Incidente importado desde SAC,,Emisión Masivos,Usuario Importador,Telemarketing,,,Solucionado,,,,,AUS1 - AUTOMOTORES,859163,,6237510,Modificación datos personales,,,,'2021-04-28 13:20:00','2016-11-11 08:36:16','2016-11-11 08:36:16',Resuelto,,
161111-354102,,Incidente importado desde SAC,,Cac,Usuario Importador,Telemarketing,,,Solucionado,,,,,AUS1 - AUTOMOTORES,859166,,1024755,Modificación de canal de cobro por única vez,,,,'2021-04-28 13:20:00','2016-11-11 08:36:16','2016-11-11 08:36:16',Resuelto,,
161111-354104,,Incidente importado desde SAC,,,Usuario Importador,Telemarketing,,,Solucionado,,,,,AUS1 - AUTOMOTORES,859168,,2982300,Cliente para retención,,,,'2021-04-28 13:20:00','2016-11-11 08:36:16','2016-11-11 08:36:16',Atendido,,
161111-354106,,Incidente importado desde SAC,,Emisión Masivos,Usuario Importador,Comercial,,,Solucionado,,,,,AUS1 - AUTOMOTORES,859170,,4409636,,,,,'2021-04-28 13:20:00','2016-11-11 08:36:17','2016-11-11 08:36:17',Resuelto,,
161111-354112,,Incidente importado desde SAC,,Emisión Masivos,Usuario Importador,Telemarketing,,,Solucionado,,,,,AUS1 - AUTOMOTORES,859176,,869852,Bonificación,,,,'2021-04-28 13:20:00','2016-11-11 08:36:17','2016-11-11 08:36:17',Resuelto,,
161111-354113,,Incidente importado desde SAC,,Cac,Usuario Importador,Telemarketing,,,Solucionado,,,,,AUS1 - AUTOMOTORES,859177,,5199398,Certificado de cobertura,,,,'2021-04-28 13:20:00','2016-11-11 08:36:17','2016-11-11 08:36:17',Resuelto,,
161111-354115,,Incidente importado desde SAC,,Mailing,Usuario Importador,Carta Documento,,,Solucionado,,,,,AUS1 - AUTOMOTORES,859179,,2626332,Certificado de cobertura,,,,'2021-04-28 13:20:00','2016-11-11 08:36:18','2016-11-11 08:36:18',Atendido,,
161111-354116,,Incidente importado desde SAC,,Emisión Masivos,Usuario Importador,Telemarketing,,,Solucionado,,,,,AUS1 - AUTOMOTORES,859180,,635238,Baja de póliza,,,,'2021-04-28 13:20:00','2016-11-11 08:36:18','2016-11-11 08:36:18',Resuelto,,
161111-354117,,Incidente importado desde SAC,,Inspecciones Autos,Usuario Importador,Telemarketing,,,Solucionado,,,,,AUS1 - AUTOMOTORES,859181,,5327815,Inspección por previa DDJJ,,,,'2021-04-28 13:20:00','2016-11-11 08:36:18','2016-11-11 08:36:18',Resuelto,,
161111-354118,,Incidente importado desde SAC,,Inspecciones Autos,Usuario Importador,Telemarketing,,,Solucionado,,,,,AUS1 - AUTOMOTORES,859182,,3149192,Inspección por previa DDJJ,,,,'2021-04-28 13:20:00','2016-11-11 08:36:18','2016-11-11 08:36:18',Resuelto,,
161111-354119,,Incidente importado desde SAC,,Inspecciones Autos,Usuario Importador,Telemarketing,,,Solucionado,,,,,AUS1 - AUTOMOTORES,859183,,7338423,Inspección por previa DDJJ,,,,'2021-04-28 13:20:00','2016-11-11 08:36:18','2016-11-11 08:36:18',Resuelto,,
161111-354120,,Incidente importado desde SAC,,,Usuario Importador,Telemarketing,,,Solucionado,,,,,AUS1 - AUTOMOTORES,859184,,6511486,Cliente para retención,,,,'2021-04-28 13:20:00','2016-11-11 08:36:18','2016-11-11 08:36:18',Atendido,,
161111-354122,,Incidente importado desde SAC,,Emisión Masivos,Usuario Importador,Telemarketing,,,Solucionado,,,,,AUS1 - AUTOMOTORES,859186,,591129,Excepción comercial altas,,,,'2021-04-28 13:20:00','2016-11-11 08:36:18','2016-11-11 08:36:18',Resuelto,,
161111-354124,,Incidente importado desde SAC,,Oficina Mar del Plata,Usuario Importador,Telemarketing,,,Solucionado,,,,,AUT1 - AUTOMOTORES,859188,,1288670,Daños materiales Mar del Plata,,,,'2021-04-28 13:20:00','2016-11-11 08:36:19','2016-11-11 08:36:19',Resuelto,,
161111-354125,,Incidente importado desde SAC,,Emisión Masivos,Usuario Importador,Comercial,,,Solucionado,,,,,AUI1 - AUTOMOTORES INSTITUCIONES,859189,,6751736,No califica,,,,'2021-04-28 13:20:00','2016-11-11 08:36:19','2016-11-11 08:36:19',Resuelto,,
161111-354132,,Incidente importado desde SAC,,Mailing,Usuario Importador,Telemarketing,,,Solucionado,,,,,AUS1 - AUTOMOTORES,859196,,6153740,Certificado de cobertura,,,,'2021-04-28 13:20:00','2016-11-11 08:36:20','2016-11-11 08:36:20',Resuelto,,
161111-354139,,Incidente importado desde SAC,,Emisión Masivos,Usuario Importador,Telemarketing,,,Solucionado,,,,,HOM1 - SEGURO DEL HOGAR,859203,,2471804,Baja de póliza,,,,'2021-04-28 13:20:00','2016-11-11 08:36:21','2016-11-11 08:36:21',Resuelto,,
161111-354142,,Incidente importado desde SAC,,Emisión Masivos,Usuario Importador,Telemarketing,,,Solucionado,,,,,HOM1 - SEGURO DEL HOGAR,859206,,280551,Baja de póliza,,,,'2021-04-28 13:20:00','2016-11-11 08:36:21','2016-11-11 08:36:21',Resuelto,,
161111-354145,,Incidente importado desde SAC,,Emisión Masivos,Usuario Importador,Telemarketing,,,Solucionado,,,,,AUS1 - AUTOMOTORES,859209,,3427600,No califica,,,,'2021-04-28 13:20:00','2016-11-11 08:36:21','2016-11-11 08:36:21',Resuelto,,
161111-354148,,Incidente importado desde SAC,,Drive in Libertador,Usuario Importador,Telemarketing,,,Solucionado,,,,,APL1 - AUTOMOTORES PLANES,859212,,5306742,Daños materiales drive in Libertador,,,,'2021-04-28 13:20:00','2016-11-11 08:36:22','2016-11-11 08:36:22',Resuelto,,
161111-354149,,Incidente importado desde SAC,,Emisión Masivos,Usuario Importador,Telemarketing,,,Solucionado,,,,,AUI1 - AUTOMOTORES INSTITUCIONES,859213,,7045467,No califica,,,,'2021-04-28 13:20:00','2016-11-11 08:36:22','2016-11-11 08:36:22',Resuelto,,
161111-354156,,Incidente importado desde SAC,,Inspecciones Autos,Usuario Importador,Telemarketing,,,Solucionado,,,,,AUS1 - AUTOMOTORES,859220,,798950,Instalación de dispositivo de rastreo,,,,'2021-04-28 13:20:00','2016-11-11 08:36:23','2016-11-11 08:36:23',Resuelto,,
161111-354162,,Incidente importado desde SAC,,Emisión Masivos,Usuario Importador,Telemarketing,,,Solucionado,,,,,AUS1 - AUTOMOTORES,859227,,7853692,Rechazos/ Reducción de cobertura,,,,'2021-04-28 13:20:00','2016-11-11 08:36:24','2016-11-11 08:36:24',Resuelto,,
161111-354163,,Incidente importado desde SAC,,Drive in La Plata,Usuario Importador,Telemarketing,,,Solucionado,,,,,AUS1 - AUTOMOTORES,859228,,6045891,Daños materiales drive in La Plata,,,,'2021-04-28 13:20:00','2016-11-11 08:36:24','2016-11-11 08:36:24',Anulado,,
161111-354168,,Incidente importado desde SAC,,Emisión Masivos,Usuario Importador,Telemarketing,,,Solucionado,,,,,AUS1 - AUTOMOTORES,859233,,7230211,4 cuotas con un descuento del 25 %,,,,'2021-04-28 13:20:00','2016-11-11 08:36:26','2016-11-11 08:36:26',Resuelto,,
161111-354170,,Incidente importado desde SAC,,Emisión Masivos,Usuario Importador,Especialistas,,,Solucionado,,,,,AUS1 - AUTOMOTORES,859235,,3466825,Modificaciones datos del producto,,,,'2021-04-28 13:20:00','2016-11-11 08:36:26','2016-11-11 08:36:26',Resuelto,,
161111-354175,,Incidente importado desde SAC,,Emisión Masivos,Usuario Importador,Telemarketing,,,Solucionado,,,,,AUS1 - AUTOMOTORES,859240,,1417691,Rechazos/ Reducción de cobertura,,,,'2021-04-28 13:20:00','2016-11-11 08:36:28','2016-11-11 08:36:28',Resuelto,,
161111-354176,,Incidente importado desde SAC,,Emisión Masivos,Usuario Importador,Telemarketing,,,Solucionado,,,,,AUS1 - AUTOMOTORES,859241,,1512362,Baja de póliza,,,,'2021-04-28 13:20:00','2016-11-11 08:36:28','2016-11-11 08:36:28',Resuelto,,
161111-354179,,Incidente importado desde SAC,,Oficina Rosario,Usuario Importador,Telemarketing,,,Solucionado,,,,,AUT1 - AUTOMOTORES,859244,,1322999,Daños materiales Rosario,,,,'2021-04-28 13:20:00','2016-11-11 08:36:28','2016-11-11 08:36:28',Resuelto,,
161111-354186,,Incidente importado desde SAC,,Emisión Masivos,Usuario Importador,Carta Documento,,,Solucionado,,,,,APR1 - AUTOMOTORES,859251,,3234171,Modificaciones datos del producto,,,,'2021-04-28 13:20:00','2016-11-11 08:36:29','2016-11-11 08:36:29',Resuelto,,
161111-354188,,Incidente importado desde SAC,,Oficina Rosario,Usuario Importador,Telemarketing,,,Solucionado,,,,,APR1 - AUTOMOTORES,859253,,3514262,Denuncia de robo aparecido,,,,'2021-04-28 13:20:00','2016-11-11 08:36:29','2016-11-11 08:36:29',Resuelto,,
161111-354191,,Incidente importado desde SAC,,Emisión Masivos,Usuario Importador,Carta Documento,,,Solucionado,,,,,AUS1 - AUTOMOTORES,859256,,3600786,Facturación,,,,'2021-04-28 13:20:00','2016-11-11 08:36:30','2016-11-11 08:36:30',Resuelto,,
161111-354192,,Incidente importado desde SAC,,Emisión Masivos,Usuario Importador,Telemarketing,,,Solucionado,,,,,AUS1 - AUTOMOTORES,859257,,4481937,Rechazos/ Reducción de cobertura,,,,'2021-04-28 13:20:00','2016-11-11 08:36:31','2016-11-11 08:36:31',Resuelto,,
161111-354193,,Incidente importado desde SAC,,Cac,Usuario Importador,Telemarketing,,,Solucionado,,,,,AUS1 - AUTOMOTORES,859258,,960979,Daños materiales Casa Central,,,,'2021-04-28 13:20:00','2016-11-11 08:36:31','2016-11-11 08:36:31',Anulado,,
161111-354197,,Incidente importado desde SAC,,Riesgos Varios Casa Central,Usuario Importador,Telemarketing,,,Solucionado,,,,,HOM1 - SEGURO DEL HOGAR,859262,,5630250,Riesgos Varios Casa Central,,,,'2021-04-28 13:20:00','2016-11-11 08:36:31','2016-11-11 08:36:31',Resuelto,,
161111-354198,,Incidente importado desde SAC,,Telemarketing,Usuario Importador,Carta,,,Solucionado,,,,,AUS1 - AUTOMOTORES,859263,,2836870,Excepción comercial vigente,,,,'2021-04-28 13:20:00','2016-11-11 08:36:31','2016-11-11 08:36:31',Resuelto,,
161111-354199,,Incidente importado desde SAC,,Inspecciones Autos,Usuario Importador,Telemarketing,,,Solucionado,,,,,AUS1 - AUTOMOTORES,859265,,5317654,Inspección por previa DDJJ,,,,'2021-04-28 13:20:00','2016-11-11 08:36:31','2016-11-11 08:36:31',Resuelto,,
161111-354201,,Incidente importado desde SAC,,Cac,Usuario Importador,Telemarketing,,,Solucionado,,,,,AUS1 - AUTOMOTORES,859267,,1365672,Recotización,,,,'2021-04-28 13:20:00','2016-11-11 08:36:32','2016-11-11 08:36:32',Anulado,,
161111-354204,,Incidente importado desde SAC,,Pago Telefonico,Usuario Importador,Telemarketing,,,Solucionado,,,,,AUS1 - AUTOMOTORES,859270,,3441357,Pago telefónico,,,,'2021-04-28 13:20:00','2016-11-11 08:36:32','2016-11-11 08:36:32',Resuelto,,
161111-354207,,Incidente importado desde SAC,,,Usuario Importador,Telemarketing,,,Solucionado,,,,,AUS1 - AUTOMOTORES,859273,,3807154,Cliente para retención,,,,'2021-04-28 13:20:00','2016-11-11 08:36:32','2016-11-11 08:36:32',Atendido,,
161111-354216,,Incidente importado desde SAC,,Drive in Libertador,Usuario Importador,Telemarketing,,,Solucionado,,,,,AUS1 - AUTOMOTORES,859282,,1298879,Daños materiales Casa Central,,,,'2021-04-28 13:20:00','2016-11-11 08:36:34','2016-11-11 08:36:34',Resuelto,,
161111-354217,,Incidente importado desde SAC,,,Usuario Importador,Telemarketing,,,Solucionado,,,,,AUS1 - AUTOMOTORES,859283,,3626616,Propuesta incompleta,,,,'2021-04-28 13:20:00','2016-11-11 08:36:34','2016-11-11 08:36:34',Resuelto,,
161111-354219,,Incidente importado desde SAC,,,Usuario Importador,Telemarketing,,,Solucionado,,,,,AUS1 - AUTOMOTORES,859285,,218303,Daños materiales Cordoba,,,,'2021-04-28 13:20:00','2016-11-11 08:36:34','2016-11-11 08:36:34',Resuelto,,
161111-354221,,Incidente importado desde SAC,,Mailing,Usuario Importador,Telemarketing,,,Solucionado,,,,,AUS1 - AUTOMOTORES,859287,,2847293,Certificado de cobertura,,,,'2021-04-28 13:20:00','2016-11-11 08:36:34','2016-11-11 08:36:34',Resuelto,,
161111-354222,,Incidente importado desde SAC,,Emisión Masivos,Usuario Importador,Telemarketing,,,Solucionado,,,,,HOM1 - SEGURO DEL HOGAR,859288,,4770573,Propuesta incompleta,,,,'2021-04-28 13:20:00','2016-11-11 08:36:34','2016-11-11 08:36:34',Resuelto,,
161111-354223,,Incidente importado desde SAC,,Emisión Masivos,Usuario Importador,Telemarketing,,,Solucionado,,,,,APL1 - AUTOMOTORES PLANES,859289,,3631309,Modificaciones datos del producto,,,,'2021-04-28 13:20:00','2016-11-11 08:36:34','2016-11-11 08:36:34',Resuelto,,
161111-354224,,Incidente importado desde SAC,,Mailing,Usuario Importador,Telemarketing,,,Solucionado,,,,,AUS1 - AUTOMOTORES,859290,,5511704,Certificado de cobertura,,,,'2021-04-28 13:20:00','2016-11-11 08:36:34','2016-11-11 08:36:34',Resuelto,,
161111-354226,,Incidente importado desde SAC,,Inspecciones Autos,Usuario Importador,Telemarketing,,,Solucionado,,,,,AUS1 - AUTOMOTORES,859292,,5418119,Rechazos/ Reducción de cobertura,,,,'2021-04-28 13:20:00','2016-11-11 08:36:35','2016-11-11 08:36:35',No Procedente,,
161111-354230,,Incidente importado desde SAC,,Emisión Masivos,Usuario Importador,Telemarketing,,,Solucionado,,,,,AUS1 - AUTOMOTORES,859296,,3759497,4 cuotas con un descuento del 25 %,,,,'2021-04-28 13:20:00','2016-11-11 08:36:35','2016-11-11 08:36:35',Resuelto,,
161111-354236,,Incidente importado desde SAC,,Daños Materiales Autos,Usuario Importador,Telemarketing,,,Solucionado,,,,,APR1 - AUTOMOTORES,859302,,5239386,Daños materiales Casa Central,,,,'2021-04-28 13:20:00','2016-11-11 08:36:36','2016-11-11 08:36:36',Resuelto,,
161111-354239,,Incidente importado desde SAC,,Emisión Masivos,Usuario Importador,Especialistas,,,Solucionado,,,,,HOM1 - SEGURO DEL HOGAR,859305,,3428225,,,,,'2021-04-28 13:20:00','2016-11-11 08:36:36','2016-11-11 08:36:36',Resuelto,,
161111-354244,,Incidente importado desde SAC,,Emisión Masivos,Usuario Importador,Telemarketing,,,Solucionado,,,,,APR1 - AUTOMOTORES,859310,,6503973,Ampliación de Cobertura con inspección,,,,'2021-04-28 13:20:00','2016-11-11 08:36:36','2016-11-11 08:36:36',Resuelto,,
161111-354246,,Incidente importado desde SAC,,Emisión Masivos,Usuario Importador,Canal productor,,,Solucionado,,,,,AUS1 - AUTOMOTORES,859312,,1326806,Bonificación,,,,'2021-04-28 13:20:00','2016-11-11 08:36:37','2016-11-11 08:36:37',Resuelto,,
161111-354250,,Incidente importado desde SAC,,,Usuario Importador,Telemarketing,,,Solucionado,,,,,AUS1 - AUTOMOTORES,859316,,7037407,Cliente para retención,,,,'2021-04-28 13:20:00','2016-11-11 08:36:37','2016-11-11 08:36:37',Atendido,,
161111-354252,,Incidente importado desde SAC,,Mailing,Usuario Importador,Telemarketing,,,Solucionado,,,,,APL1 - AUTOMOTORES PLANES,859318,,3524103,Certificado de cobertura,,,,'2021-04-28 13:20:00','2016-11-11 08:36:38','2016-11-11 08:36:38',Resuelto,,
161111-354254,,Incidente importado desde SAC,,Emisión Masivos,Usuario Importador,Carta Documento,,,Solucionado,,,,,AUS1 - AUTOMOTORES,859320,,3604179,Ampliación de Cobertura con inspección,,,,'2021-04-28 13:20:00','2016-11-11 08:36:38','2016-11-11 08:36:38',Resuelto,,
161111-354255,,Incidente importado desde SAC,,Emisión Masivos,Usuario Importador,Telemarketing,,,Solucionado,,,,,AUS1 - AUTOMOTORES,859321,,4491429,4 cuotas con un descuento del 25 %,,,,'2021-04-28 13:20:00','2016-11-11 08:36:38','2016-11-11 08:36:38',Resuelto,,
161111-354258,,Incidente importado desde SAC,,Emisión Masivos,Usuario Importador,Carta Documento,,,Solucionado,,,,,HOM1 - SEGURO DEL HOGAR,859324,,3276492,Cambio de titularidad,,,,'2021-04-28 13:20:00','2016-11-11 08:36:40','2016-11-11 08:36:40',No Procedente,,
161111-354261,,Incidente importado desde SAC,,Emisión Masivos,Usuario Importador,Telemarketing,,,Solucionado,,,,,AUS1 - AUTOMOTORES,859327,,1095294,Baja de póliza,,,,'2021-04-28 13:20:00','2016-11-11 08:36:40','2016-11-11 08:36:40',Resuelto,,
161111-354262,,Incidente importado desde SAC,,Lesiones,Usuario Importador,Telemarketing,,,Solucionado,,,,,AUT1 - AUTOMOTORES,859328,,4568858,Tercero lesionado,,,,'2021-04-28 13:20:00','2016-11-11 08:36:40','2016-11-11 08:36:40',Resuelto,,
161111-354271,,Incidente importado desde SAC,,Fleet Services,Usuario Importador,Telemarketing,,,Solucionado,,,,,APL1 - AUTOMOTORES PLANES,859337,,2377699,Contacto del tercero,,,,'2021-04-28 13:20:00','2016-11-11 08:36:42','2016-11-11 08:36:42',Resuelto,,
161111-354272,,Incidente importado desde SAC,,Riesgos Varios Casa Central,Usuario Importador,Telemarketing,,,Solucionado,,,,,HOM1 - SEGURO DEL HOGAR,859338,,3607936,Riesgos Varios Casa Central,,,,'2021-04-28 13:20:00','2016-11-11 08:36:42','2016-11-11 08:36:42',Resuelto,,
161111-354278,,Incidente importado desde SAC,,Fleet Services,Usuario Importador,Telemarketing,,,Solucionado,,,,,AUT1 - AUTOMOTORES,859344,,1326124,Contacto del tercero,,,,'2021-04-28 13:20:00','2016-11-11 08:36:43','2016-11-11 08:36:43',Resuelto,,
161111-354280,,Incidente importado desde SAC,,Cac,Usuario Importador,Telemarketing,,,Solucionado,,,,,AUI1 - AUTOMOTORES INSTITUCIONES,859346,,3434494,Endosos CAC,,,,'2021-04-28 13:20:00','2016-11-11 08:36:43','2016-11-11 08:36:43',Resuelto,,
161111-354283,,Incidente importado desde SAC,,,Usuario Importador,Telemarketing,,,Solucionado,,,,,AUS1 - AUTOMOTORES,859349,,6368128,Cliente para retención,,,,'2021-04-28 13:20:00','2016-11-11 08:36:43','2016-11-11 08:36:43',Atendido,,
161111-354284,,Incidente importado desde SAC,,Inspecciones Autos,Usuario Importador,Telemarketing,,,Solucionado,,,,,AUS1 - AUTOMOTORES,859350,,3582793,Inspección por previa DDJJ,,,,'2021-04-28 13:20:00','2016-11-11 08:36:44','2016-11-11 08:36:44',Resuelto,,
161111-354288,,Incidente importado desde SAC,,Riesgos Varios Casa Central,Usuario Importador,Telemarketing,,,Solucionado,,,,,HOM1 - SEGURO DEL HOGAR,859354,,505264,Riesgos Varios Casa Central,,,,'2021-04-28 13:20:00','2016-11-11 08:36:44','2016-11-11 08:36:44',Resuelto,,
161111-354289,,Incidente importado desde SAC,,Emisión Masivos,Usuario Importador,Telemarketing,,,Solucionado,,,,,AUS1 - AUTOMOTORES,859355,,3402007,Rechazos/ Reducción de cobertura,,,,'2021-04-28 13:20:00','2016-11-11 08:36:44','2016-11-11 08:36:44',Resuelto,,
161111-354290,,Incidente importado desde SAC,,Emisión Masivos,Usuario Importador,Telemarketing,,,Solucionado,,,,,AUS1 - AUTOMOTORES,859356,,263812,4 cuotas con un descuento del 15 %,,,,'2021-04-28 13:20:00','2016-11-11 08:36:44','2016-11-11 08:36:44',Resuelto,,
161111-354292,,Incidente importado desde SAC,,Cac,Usuario Importador,Telemarketing,,,Solucionado,,,,,HOM1 - SEGURO DEL HOGAR,859358,,7157003,Reintegro - Automático,,,,'2021-04-28 13:20:00','2016-11-11 08:36:44','2016-11-11 08:36:44',Anulado,,
161111-354295,,Incidente importado desde SAC,,Emisión Masivos,Usuario Importador,Telemarketing,,,Solucionado,,,,,AUS1 - AUTOMOTORES,859361,,3000100,No califica,,,,'2021-04-28 13:20:00','2016-11-11 08:36:45','2016-11-11 08:36:45',Resuelto,,
161111-354296,,Incidente importado desde SAC,,Inspecciones Autos,Usuario Importador,Telemarketing,,,Solucionado,,,,,AUS1 - AUTOMOTORES,859362,,6974528,Inspección por previa DDJJ,,,,'2021-04-28 13:20:00','2016-11-11 08:36:45','2016-11-11 08:36:45',Resuelto,,
161111-354302,,Incidente importado desde SAC,,,Usuario Importador,Telemarketing,,,Solucionado,,,,,AUS1 - AUTOMOTORES,859368,,3433936,Cliente para retención,,,,'2021-04-28 13:20:00','2016-11-11 08:36:45','2016-11-11 08:36:45',Atendido,,
161111-354303,,Incidente importado desde SAC,,Emisión Masivos,Usuario Importador,Telemarketing,,,Solucionado,,,,,HOM1 - SEGURO DEL HOGAR,859369,,1212883,Ampliación de Cobertura con inspección,,,,'2021-04-28 13:20:00','2016-11-11 08:36:45','2016-11-11 08:36:45',Resuelto,,
161111-354304,,Incidente importado desde SAC,,Cobranzas Automático,Usuario Importador,Telemarketing,,,Solucionado,,,,,AUS1 - AUTOMOTORES,859370,,4210174,Reintegro - Automático,,,,'2021-04-28 13:20:00','2016-11-11 08:36:45','2016-11-11 08:36:45',Resuelto,,
161111-354305,,Incidente importado desde SAC,,Robo / Destruccion Total,Usuario Importador,Telemarketing,,,Solucionado,,,,,AUS1 - AUTOMOTORES,859371,,7599790,Robo Total,,,,'2021-04-28 13:20:00','2016-11-11 08:36:46','2016-11-11 08:36:46',Resuelto,,
161111-354306,,Incidente importado desde SAC,,Cac,Usuario Importador,Telemarketing,,,Solucionado,,,,,AUS1 - AUTOMOTORES,859372,,308010,Ampliación de Cobertura con ddjj,,,,'2021-04-28 13:20:00','2016-11-11 08:36:46','2016-11-11 08:36:46',Anulado,,
161111-354307,,Incidente importado desde SAC,,Mailing,Usuario Importador,Telemarketing,,,Solucionado,,,,,APR1 - AUTOMOTORES,859373,,4443007,Certificado de cobertura,,,,'2021-04-28 13:20:00','2016-11-11 08:36:46','2016-11-11 08:36:46',Resuelto,,
161111-354314,,Incidente importado desde SAC,,Emisión Masivos,Usuario Importador,Carta Documento,,,Solucionado,,,,,AUS1 - AUTOMOTORES,859380,,3444523,Cambio de productor,,,,'2021-04-28 13:20:00','2016-11-11 08:36:46','2016-11-11 08:36:46',Resuelto,,
161111-354318,,Incidente importado desde SAC,,Emisión Masivos,Usuario Importador,Telemarketing,,,Solucionado,,,,,APR1 - AUTOMOTORES,859384,,3764748,Rechazos/ Reducción de cobertura,,,,'2021-04-28 13:20:00','2016-11-11 08:36:47','2016-11-11 08:36:47',Resuelto,,
161111-354324,,Incidente importado desde SAC,,Mailing,Usuario Importador,Especialistas,,,Solucionado,,,,,AUS1 - AUTOMOTORES,859390,,5752468,Certificado de cobertura,,,,'2021-04-28 13:20:00','2016-11-11 08:36:47','2016-11-11 08:36:47',Resuelto,,
161111-354330,,Incidente importado desde SAC,,Emisión Masivos,Usuario Importador,Telemarketing,,,Solucionado,,,,,HOM1 - SEGURO DEL HOGAR,859396,,3232942,Baja de póliza,,,,'2021-04-28 13:20:00','2016-11-11 08:36:48','2016-11-11 08:36:48',Resuelto,,
161111-354332,,Incidente importado desde SAC,,Emisión Masivos,Usuario Importador,Telemarketing,,,Solucionado,,,,,AUS1 - AUTOMOTORES,859398,,5419280,Retención sin beneficio,,,,'2021-04-28 13:20:00','2016-11-11 08:36:48','2016-11-11 08:36:48',Atendido,,
161111-354339,,Incidente importado desde SAC,,Cac,Usuario Importador,Telemarketing,,,Solucionado,,,,,AUS1 - AUTOMOTORES,859404,,4640794,Instalación de dispositivo de rastreo,,,,'2021-04-28 13:20:00','2016-11-11 08:36:50','2016-11-11 08:36:50',Resuelto,,
161111-354341,,Incidente importado desde SAC,,Mailing,Usuario Importador,Telemarketing,,,Solucionado,,,,,AUS1 - AUTOMOTORES,859406,,7673981,Certificado de cobertura,,,,'2021-04-28 13:20:00','2016-11-11 08:36:50','2016-11-11 08:36:50',Resuelto,,
161111-354345,,Incidente importado desde SAC,,Inspecciones Autos,Usuario Importador,Telemarketing,,,Solucionado,,,,,AUS1 - AUTOMOTORES,859410,,4319026,Inspección por previa DDJJ,,,,'2021-04-28 13:20:00','2016-11-11 08:36:50','2016-11-11 08:36:50',Resuelto,,
161111-354346,,Incidente importado desde SAC,,Inspecciones Autos,Usuario Importador,Telemarketing,,,Solucionado,,,,,AUS1 - AUTOMOTORES,859411,,3453175,Inspección por previa DDJJ,,,,'2021-04-28 13:20:00','2016-11-11 08:36:50','2016-11-11 08:36:50',Resuelto,,
161111-354347,,Incidente importado desde SAC,,Oficina Rosario,Usuario Importador,Canal productor,,,Solucionado,,,,,AUT1 - AUTOMOTORES,859412,,3429151,Cartera general,,,,'2021-04-28 13:20:00','2016-11-11 08:36:51','2016-11-11 08:36:51',Resuelto,,
161111-354350,,Incidente importado desde SAC,,,Usuario Importador,Telemarketing,,,Solucionado,,,,,AUS1 - AUTOMOTORES,859415,,3441729,Daños materiales Interior Sur,,,,'2021-04-28 13:20:00','2016-11-11 08:36:51','2016-11-11 08:36:51',Resuelto,,
161111-354362,,Incidente importado desde SAC,,Emisión Masivos,Usuario Importador,Especialistas,,,Solucionado,,,,,AUS1 - AUTOMOTORES,859427,,3777116,No califica,,,,'2021-04-28 13:20:00','2016-11-11 08:36:54','2016-11-11 08:36:54',Resuelto,,
161111-354366,,Incidente importado desde SAC,,Inspecciones Autos,Usuario Importador,Telemarketing,,,Solucionado,,,,,AUS1 - AUTOMOTORES,859431,,1066594,Inspección por previa DDJJ,,,,'2021-04-28 13:20:00','2016-11-11 08:36:54','2016-11-11 08:36:54',Resuelto,,
161111-354369,,Incidente importado desde SAC,,Emisión Masivos,Usuario Importador,Comercial,,,Solucionado,,,,,HOM1 - SEGURO DEL HOGAR,859434,,2709433,Anulación de propuesta,,,,'2021-04-28 13:20:00','2016-11-11 08:36:55','2016-11-11 08:36:55',Resuelto,,
161111-354372,,Incidente importado desde SAC,,Oficina Cordoba,Usuario Importador,Telemarketing,,,Solucionado,,,,,AUS1 - AUTOMOTORES,859437,,3708982,Daños materiales Cordoba,,,,'2021-04-28 13:20:00','2016-11-11 08:36:55','2016-11-11 08:36:55',Resuelto,,
161111-354378,,Incidente importado desde SAC,,Emisión Masivos,Usuario Importador,Telemarketing,,,Solucionado,,,,,AUS1 - AUTOMOTORES,859443,,5925102,Venta,,,,'2021-04-28 13:20:00','2016-11-11 08:36:56','2016-11-11 08:36:56',Resuelto,,
161111-354380,,Incidente importado desde SAC,,Mailing,Usuario Importador,Telemarketing,,,Solucionado,,,,,AUS1 - AUTOMOTORES,859445,,7584230,Certificado de cobertura,,,,'2021-04-28 13:20:00','2016-11-11 08:36:56','2016-11-11 08:36:56',Resuelto,,
161111-354382,,Incidente importado desde SAC,,Cleas,Usuario Importador,Telemarketing,,,Solucionado,,,,,APL1 - AUTOMOTORES PLANES,859447,,7075403,Daños materiales Cleas,,,,'2021-04-28 13:20:00','2016-11-11 08:36:56','2016-11-11 08:36:56',Resuelto,,
161111-354386,,Incidente importado desde SAC,,Emisión Masivos,Usuario Importador,Telemarketing,,,Solucionado,,,,,AUS1 - AUTOMOTORES,859451,,3773121,Rechazos/ Reducción de cobertura,,,,'2021-04-28 13:20:00','2016-11-11 08:36:57','2016-11-11 08:36:57',Resuelto,,
161111-354387,,Incidente importado desde SAC,,Emisión Masivos,Usuario Importador,Telemarketing,,,Solucionado,,,,,HOM1 - SEGURO DEL HOGAR,859452,,1227001,Ampliación de Cobertura con inspección,,,,'2021-04-28 13:20:00','2016-11-11 08:36:57','2016-11-11 08:36:57',Resuelto,,
161111-354390,,Incidente importado desde SAC,,Mailing,Usuario Importador,Telemarketing,,,Solucionado,,,,,APR1 - AUTOMOTORES,859455,,3145652,Certificado de cobertura,,,,'2021-04-28 13:20:00','2016-11-11 08:36:58','2016-11-11 08:36:58',Atendido,,
161111-354391,,Incidente importado desde SAC,,,Usuario Importador,Carta Documento,,,Solucionado,,,,,CON1 - INTEGRAL CONSORCIO,859456,,3610783,Cartera general,,,,'2021-04-28 13:20:00','2016-11-11 08:36:58','2016-11-11 08:36:58',Resuelto,,
161111-354394,,Incidente importado desde SAC,,Emisión Masivos,Usuario Importador,Telemarketing,,,Solucionado,,,,,AUS1 - AUTOMOTORES,859459,,7179689,4 cuotas con un descuento del 25 %,,,,'2021-04-28 13:20:00','2016-11-11 08:36:58','2016-11-11 08:36:58',Resuelto,,
161111-354396,,Incidente importado desde SAC,,Emisión Masivos,Usuario Importador,Canal productor,,,Solucionado,,,,,HOM1 - SEGURO DEL HOGAR,859461,,810642,Corrección de propuesta,,,,'2021-04-28 13:20:00','2016-11-11 08:36:58','2016-11-11 08:36:58',Resuelto,,
161111-354397,,Incidente importado desde SAC,,Emisión Masivos,Usuario Importador,Especialistas,,,Solucionado,,,,,AUS1 - AUTOMOTORES,859462,,3422726,Modificación datos personales,,,,'2021-04-28 13:20:00','2016-11-11 08:36:59','2016-11-11 08:36:59',Resuelto,,
161111-354400,,Incidente importado desde SAC,,Inspecciones Autos,Usuario Importador,Telemarketing,,,Solucionado,,,,,AUS1 - AUTOMOTORES,859465,,734743,Inspección por previa DDJJ,,,,'2021-04-28 13:20:00','2016-11-11 08:36:59','2016-11-11 08:36:59',Resuelto,,
161111-354403,,Incidente importado desde SAC,,Inspecciones Autos,Usuario Importador,Telemarketing,,,Solucionado,,,,,AUS1 - AUTOMOTORES,859468,,5802634,Inspección por previa DDJJ,,,,'2021-04-28 13:20:00','2016-11-11 08:36:59','2016-11-11 08:36:59',Resuelto,,
161111-354411,,Incidente importado desde SAC,,Emisión Masivos,Usuario Importador,Telemarketing,,,Solucionado,,,,,AUS1 - AUTOMOTORES,859476,,4163552,Rechazos/ Reducción de cobertura,,,,'2021-04-28 13:20:00','2016-11-11 08:37:00','2016-11-11 08:37:00',Resuelto,,
161111-354418,,Incidente importado desde SAC,,Daños Materiales Autos,Usuario Importador,Telemarketing,,,Solucionado,,,,,AUS1 - AUTOMOTORES,859483,,6979086,Daños materiales Casa Central,,,,'2021-04-28 13:20:00','2016-11-11 08:37:01','2016-11-11 08:37:01',Resuelto,,
161111-354421,,Incidente importado desde SAC,,Emisión Masivos,Usuario Importador,Telemarketing,,,Solucionado,,,,,AUS1 - AUTOMOTORES,859486,,5076407,Baja de póliza,,,,'2021-04-28 13:20:00','2016-11-11 08:37:01','2016-11-11 08:37:01',Resuelto,,
161111-354426,,Incidente importado desde SAC,,Emisión Masivos,Usuario Importador,Telemarketing,,,Solucionado,,,,,AUS1 - AUTOMOTORES,859491,,3508748,No califica,,,,'2021-04-28 13:20:00','2016-11-11 08:37:02','2016-11-11 08:37:02',Resuelto,,
161111-354431,,Incidente importado desde SAC,,Fleet Services,Usuario Importador,Telemarketing,,,Solucionado,,,,,AUS1 - AUTOMOTORES,859496,,6141065,Contacto del tercero,,,,'2021-04-28 13:20:00','2016-11-11 08:37:02','2016-11-11 08:37:02',Resuelto,,
161111-354435,,Incidente importado desde SAC,,Telemarketing,Usuario Importador,Telemarketing,,,Solucionado,,,,,AUS1 - AUTOMOTORES,859500,,1735317,4 cuotas con un descuento del 25 %,,,,'2021-04-28 13:20:00','2016-11-11 08:37:02','2016-11-11 08:37:02',Resuelto,,
161111-354438,,Incidente importado desde SAC,,Inspecciones Autos,Usuario Importador,Telemarketing,,,Solucionado,,,,,AUS1 - AUTOMOTORES,859503,,2289792,Inspección por previa DDJJ,,,,'2021-04-28 13:20:00','2016-11-11 08:37:03','2016-11-11 08:37:03',Resuelto,,
161111-354444,,Incidente importado desde SAC,,Riesgos Varios Casa Central,Usuario Importador,Telemarketing,,,Solucionado,,,,,HOM1 - SEGURO DEL HOGAR,859509,,2067489,Riesgos Varios Casa Central,,,,'2021-04-28 13:20:00','2016-11-11 08:37:04','2016-11-11 08:37:04',Resuelto,,
161111-354445,,Incidente importado desde SAC,,Emisión Masivos,Usuario Importador,Telemarketing,,,Solucionado,,,,,AUS1 - AUTOMOTORES,859510,,3419040,No califica,,,,'2021-04-28 13:20:00','2016-11-11 08:37:04','2016-11-11 08:37:04',Resuelto,,
161111-354452,,Incidente importado desde SAC,,Emisión Masivos,Usuario Importador,Telemarketing,,,Solucionado,,,,,AUS1 - AUTOMOTORES,859517,,4496432,No califica,,,,'2021-04-28 13:20:00','2016-11-11 08:37:07','2016-11-11 08:37:07',Resuelto,,
161111-354463,,Incidente importado desde SAC,,Emisión Masivos,Usuario Importador,Telemarketing,,,Solucionado,,,,,AUS1 - AUTOMOTORES,859528,,7509520,Baja de póliza,,,,'2021-04-28 13:20:00','2016-11-11 08:37:09','2016-11-11 08:37:09',Resuelto,,
161111-354464,,Incidente importado desde SAC,,Lesiones,Usuario Importador,Telemarketing,,,Solucionado,,,,,AUT1 - AUTOMOTORES,859529,,7396125,Tercero lesionado,,,,'2021-04-28 13:20:00','2016-11-11 08:37:09','2016-11-11 08:37:09',Resuelto,,
161111-354470,,Incidente importado desde SAC,,Emisión Masivos,Usuario Importador,Canal productor,,,Solucionado,,,,,AUS1 - AUTOMOTORES,859535,,3504213,Corrección de propuesta,,,,'2021-04-28 13:20:00','2016-11-11 08:37:10','2016-11-11 08:37:10',Resuelto,,
161111-354471,,Incidente importado desde SAC,,Mailing,Usuario Importador,Telemarketing,,,Solucionado,,,,,AUS1 - AUTOMOTORES,859536,,408730,Certificado de cobertura,,,,'2021-04-28 13:20:00','2016-11-11 08:37:10','2016-11-11 08:37:10',Atendido,,
161111-354477,,Incidente importado desde SAC,,Emisión Masivos,Usuario Importador,Telemarketing,,,Solucionado,,,,,AUS1 - AUTOMOTORES,859542,,1886147,4 cuotas con un descuento del 15 %,,,,'2021-04-28 13:20:00','2016-11-11 08:37:11','2016-11-11 08:37:11',Resuelto,,
161111-354478,,Incidente importado desde SAC,,Emisión Masivos,Usuario Importador,Telemarketing,,,Solucionado,,,,,AUS1 - AUTOMOTORES,859543,,5081418,Baja de póliza,,,,'2021-04-28 13:20:00','2016-11-11 08:37:11','2016-11-11 08:37:11',Resuelto,,
161111-354480,,Incidente importado desde SAC,,,Usuario Importador,Telemarketing,,,Solucionado,,,,,AUS1 - AUTOMOTORES,859545,,2415762,Cliente para retención,,,,'2021-04-28 13:20:00','2016-11-11 08:37:11','2016-11-11 08:37:11',Atendido,,
161111-354481,,Incidente importado desde SAC,,Emisión Masivos,Usuario Importador,Telemarketing,,,Solucionado,,,,,AUS1 - AUTOMOTORES,859546,,4471109,Ampliación de Cobertura con inspección,,,,'2021-04-28 13:20:00','2016-11-11 08:37:11','2016-11-11 08:37:11',Resuelto,,
161111-354482,,Incidente importado desde SAC,,Telecobranzas,Usuario Importador,Telemarketing,,,Solucionado,,,,,AUS1 - AUTOMOTORES,859547,,2477006,No contesta,,,,'2021-04-28 13:20:00','2016-11-11 08:37:11','2016-11-11 08:37:11',Atendido,,
161111-354483,,Incidente importado desde SAC,,Telecobranzas,Usuario Importador,Telemarketing,,,Solucionado,,,,,AUS1 - AUTOMOTORES,859548,,7491184,Mensaje,,,,'2021-04-28 13:20:00','2016-11-11 08:37:11','2016-11-11 08:37:11',Atendido,,
161111-354485,,Incidente importado desde SAC,,Emisión Masivos,Usuario Importador,Telemarketing,,,Solucionado,,,,,HOM1 - SEGURO DEL HOGAR,859550,,1305049,Ampliación de Cobertura con inspección,,,,'2021-04-28 13:20:00','2016-11-11 08:37:11','2016-11-11 08:37:11',Resuelto,,
161111-354486,,Incidente importado desde SAC,,Emisión Masivos,Usuario Importador,Telemarketing,,,Solucionado,,,,,HOM1 - SEGURO DEL HOGAR,859551,,5944197,Ampliación de Cobertura con inspección,,,,'2021-04-28 13:20:00','2016-11-11 08:37:12','2016-11-11 08:37:12',Resuelto,,
161111-354490,,Incidente importado desde SAC,,Cobranzas Efectivo,Usuario Importador,Carta Documento,,,Solucionado,,,,,AUS1 - AUTOMOTORES,859555,,3520805,Reintegro - Automático,,,,'2021-04-28 13:20:00','2016-11-11 08:37:12','2016-11-11 08:37:12',Resuelto,,
161111-354491,,Incidente importado desde SAC,,Daños Materiales Autos,Usuario Importador,Telemarketing,,,Solucionado,,,,,AUS1 - AUTOMOTORES,859556,,1132717,Daños materiales Casa Central,,,,'2021-04-28 13:20:00','2016-11-11 08:37:12','2016-11-11 08:37:12',Resuelto,,
161111-354492,,Incidente importado desde SAC,,Inspecciones Autos,Usuario Importador,Telemarketing,,,Solucionado,,,,,AUS1 - AUTOMOTORES,859557,,4383091,Inspección por previa DDJJ,,,,'2021-04-28 13:20:00','2016-11-11 08:37:12','2016-11-11 08:37:12',Resuelto,,
161111-354498,,Incidente importado desde SAC,,Cac,Usuario Importador,Carta Documento,,,Solucionado,,,,,AUS1 - AUTOMOTORES,859563,,1838749,Imputación de cobranzas - Automático,,,,'2021-04-28 13:20:00','2016-11-11 08:37:13','2016-11-11 08:37:13',Resuelto,,
161111-354503,,Incidente importado desde SAC,,Emisión Masivos,Usuario Importador,Telemarketing,,,Solucionado,,,,,AUS1 - AUTOMOTORES,859568,,1902523,Baja de póliza,,,,'2021-04-28 13:20:00','2016-11-11 08:37:13','2016-11-11 08:37:13',Resuelto,,
161111-354510,,Incidente importado desde SAC,,Emisión Masivos,Usuario Importador,Especialistas,,,Solucionado,,,,,AUS1 - AUTOMOTORES,859575,,3102283,Venta,,,,'2021-04-28 13:20:00','2016-11-11 08:37:14','2016-11-11 08:37:14',Resuelto,,
161111-354514,,Incidente importado desde SAC,,Cerrito- CIS,Usuario Importador,Canal productor,,,Solucionado,,,,,AUS1 - AUTOMOTORES,859579,,1297398,Cerrito - CIS,,,,'2021-04-28 13:20:00','2016-11-11 08:37:14','2016-11-11 08:37:14',Resuelto,,
161111-354518,,Incidente importado desde SAC,,Inspecciones Autos,Usuario Importador,Telemarketing,,,Solucionado,,,,,AUS1 - AUTOMOTORES,859583,,3393214,Inspección por previa DDJJ,,,,'2021-04-28 13:20:00','2016-11-11 08:37:15','2016-11-11 08:37:15',Resuelto,,
161111-354521,,Incidente importado desde SAC,,Cac,Usuario Importador,Telemarketing,,,Solucionado,,,,,AUS1 - AUTOMOTORES,859586,,708181,Imputación de cobranzas - Automático,,,,'2021-04-28 13:20:00','2016-11-11 08:37:15','2016-11-11 08:37:15',Resuelto,,
161111-354522,,Incidente importado desde SAC,,Emisión Masivos,Usuario Importador,Telemarketing,,,Solucionado,,,,,HOM1 - SEGURO DEL HOGAR,859587,,1095111,Ampliación de Cobertura con inspección,,,,'2021-04-28 13:20:00','2016-11-11 08:37:15','2016-11-11 08:37:15',Resuelto,,
161111-354523,,Incidente importado desde SAC,,,Usuario Importador,Telemarketing,,,Solucionado,,,,,AUS1 - AUTOMOTORES,859588,,2377139,Cliente para retención,,,,'2021-04-28 13:20:00','2016-11-11 08:37:15','2016-11-11 08:37:15',Atendido,,
161111-354524,,Incidente importado desde SAC,,Emisión Masivos,Usuario Importador,Telemarketing,,,Solucionado,,,,,HOM1 - SEGURO DEL HOGAR,859589,,412916,Ampliación de Cobertura con inspección,,,,'2021-04-28 13:20:00','2016-11-11 08:37:15','2016-11-11 08:37:15',Resuelto,,
161111-354530,,Incidente importado desde SAC,,Emisión Masivos,Usuario Importador,Carta,,,Solucionado,,,,,AUS1 - AUTOMOTORES,859595,,4378615,No califica,,,,'2021-04-28 13:20:00','2016-11-11 08:37:16','2016-11-11 08:37:16',Resuelto,,
161111-354533,,Incidente importado desde SAC,,Emisión Masivos,Usuario Importador,Telemarketing,,,Solucionado,,,,,AUS1 - AUTOMOTORES,859598,,285815,2 cuotas con un descuento del 25 %,,,,'2021-04-28 13:20:00','2016-11-11 08:37:16','2016-11-11 08:37:16',Resuelto,,
161111-354540,,Incidente importado desde SAC,,Emisión Masivos,Usuario Importador,Telemarketing,,,Solucionado,,,,,AUS1 - AUTOMOTORES,859605,,5794219,4 cuotas con un descuento del 25 %,,,,'2021-04-28 13:20:00','2016-11-11 08:37:18','2016-11-11 08:37:18',Resuelto,,
161111-354542,,Incidente importado desde SAC,,Emisión Cartera Gral.,Usuario Importador,Telemarketing,,,Solucionado,,,,,AUA1 - AUTOMOTORES CARTERA GENERAL,859607,,6240888,Cartera general,,,,'2021-04-28 13:20:00','2016-11-11 08:37:18','2016-11-11 08:37:18',Resuelto,,
161111-354546,,Incidente importado desde SAC,,Emisión Masivos,Usuario Importador,Telemarketing,,,Solucionado,,,,,AUS1 - AUTOMOTORES,859611,,3451177,Baja de póliza,,,,'2021-04-28 13:20:00','2016-11-11 08:37:18','2016-11-11 08:37:18',Resuelto,,
161111-354547,,Incidente importado desde SAC,,Lesiones,Usuario Importador,Telemarketing,,,Solucionado,,,,,APR1 - AUTOMOTORES,859612,,7260959,Tercero lesionado,,,,'2021-04-28 13:20:00','2016-11-11 08:37:18','2016-11-11 08:37:18',Resuelto,,
161111-354550,,Incidente importado desde SAC,,Cobranzas Automático,Usuario Importador,Comercial,,,Solucionado,,,,,AUI1 - AUTOMOTORES INSTITUCIONES,859615,,7783617,No califica,,,,'2021-04-28 13:20:00','2016-11-11 08:37:20','2016-11-11 08:37:20',Resuelto,,
161111-354551,,Incidente importado desde SAC,,Emisión Masivos,Usuario Importador,Telemarketing,,,Solucionado,,,,,AUS1 - AUTOMOTORES,859616,,3150700,Bonificación,,,,'2021-04-28 13:20:00','2016-11-11 08:37:20','2016-11-11 08:37:20',No Procedente,,
161111-354553,,Incidente importado desde SAC,,Telecobranzas,Usuario Importador,Telemarketing,,,Solucionado,,,,,AUS1 - AUTOMOTORES,859618,,7491184,Mensaje,,,,'2021-04-28 13:20:00','2016-11-11 08:37:21','2016-11-11 08:37:21',Atendido,,
161111-354556,,Incidente importado desde SAC,,Drive in Libertador,Usuario Importador,Telemarketing,,,Solucionado,,,,,APL1 - AUTOMOTORES PLANES,859620,,3510770,Daños materiales drive in Libertador,,,,'2021-04-28 13:20:00','2016-11-11 08:37:21','2016-11-11 08:37:21',Resuelto,,
161111-354565,,Incidente importado desde SAC,,Emisión Masivos,Usuario Importador,Telemarketing,,,Solucionado,,,,,AUS1 - AUTOMOTORES,859629,,4806190,4 cuotas con un descuento del 25 %,,,,'2021-04-28 13:20:00','2016-11-11 08:37:22','2016-11-11 08:37:22',Resuelto,,
161111-354566,,Incidente importado desde SAC,,Cac,Usuario Importador,Telemarketing,,,Solucionado,,,,,AUS1 - AUTOMOTORES,859630,,6890395,Endosos CAC,,,,'2021-04-28 13:20:00','2016-11-11 08:37:22','2016-11-11 08:37:22',Atendido,,
161111-354570,,Incidente importado desde SAC,,Inspecciones Autos,Usuario Importador,Telemarketing,,,Solucionado,,,,,AUS1 - AUTOMOTORES,859634,,5823956,Inspección por previa DDJJ,,,,'2021-04-28 13:20:00','2016-11-11 08:37:23','2016-11-11 08:37:23',Resuelto,,
161111-354572,,Incidente importado desde SAC,,Daños Materiales Autos,Usuario Importador,Telemarketing,,,Solucionado,,,,,APR1 - AUTOMOTORES,859636,,3122174,Inspección por siniestros,,,,'2021-04-28 13:20:00','2016-11-11 08:37:24','2016-11-11 08:37:24',Resuelto,,
161111-354574,,Incidente importado desde SAC,,Mailing,Usuario Importador,Telemarketing,,,Solucionado,,,,,AUS1 - AUTOMOTORES,859638,,5532083,Certificado de cobertura,,,,'2021-04-28 13:20:00','2016-11-11 08:37:24','2016-11-11 08:37:24',Resuelto,,
161111-354580,,Incidente importado desde SAC,,Emisión Masivos,Usuario Importador,Telemarketing,,,Solucionado,,,,,AUS1 - AUTOMOTORES,859644,,4477700,Baja de póliza,,,,'2021-04-28 13:20:00','2016-11-11 08:37:24','2016-11-11 08:37:24',Resuelto,,
161111-354581,,Incidente importado desde SAC,,,Usuario Importador,Telemarketing,,,Solucionado,,,,,AUS1 - AUTOMOTORES,859645,,865734,Daños materiales Cordoba,,,,'2021-04-28 13:20:00','2016-11-11 08:37:24','2016-11-11 08:37:24',Resuelto,,
161111-354583,,Incidente importado desde SAC,,Fleet Services,Usuario Importador,Telemarketing,,,Solucionado,,,,,AUA1 - AUTOMOTORES CARTERA GENERAL,859647,,1848787,Contacto del tercero,,,,'2021-04-28 13:20:00','2016-11-11 08:37:25','2016-11-11 08:37:25',Resuelto,,
161111-354585,,Incidente importado desde SAC,,,Usuario Importador,Telemarketing,,,Solucionado,,,,,AUS1 - AUTOMOTORES,859649,,384050,Cliente para retención,,,,'2021-04-28 13:20:00','2016-11-11 08:37:25','2016-11-11 08:37:25',Atendido,,
161111-354586,,Incidente importado desde SAC,,Mailing,Usuario Importador,Telemarketing,,,Solucionado,,,,,APR1 - AUTOMOTORES,859650,,5351958,Certificado de cobertura,,,,'2021-04-28 13:20:00','2016-11-11 08:37:25','2016-11-11 08:37:25',Resuelto,,
161111-354587,,Incidente importado desde SAC,,Especialistas,Usuario Importador,Especialistas,,,Solucionado,,,,,AUS1 - AUTOMOTORES,859651,,3305938,Excepción comercial altas,,,,'2021-04-28 13:20:00','2016-11-11 08:37:25','2016-11-11 08:37:25',Resuelto,,
161111-354588,,Incidente importado desde SAC,,Pago Telefonico,Usuario Importador,Telemarketing,,,Solucionado,,,,,AUI1 - AUTOMOTORES INSTITUCIONES,859652,,6416272,Pago telefónico,,,,'2021-04-28 13:20:00','2016-11-11 08:37:25','2016-11-11 08:37:25',Resuelto,,
161111-354591,,Incidente importado desde SAC,,Mailing,Usuario Importador,Telemarketing,,,Solucionado,,,,,AUS1 - AUTOMOTORES,859655,,2636172,Certificado de cobertura,,,,'2021-04-28 13:20:00','2016-11-11 08:37:25','2016-11-11 08:37:25',Anulado,,
161111-354593,,Incidente importado desde SAC,,Inspecciones Autos,Usuario Importador,Telemarketing,,,Solucionado,,,,,AUS1 - AUTOMOTORES,859657,,6242388,Inspección por previa DDJJ,,,,'2021-04-28 13:20:00','2016-11-11 08:37:26','2016-11-11 08:37:26',Resuelto,,
161111-354598,,Incidente importado desde SAC,,Inspecciones Autos,Usuario Importador,Telemarketing,,,Solucionado,,,,,AUS1 - AUTOMOTORES,859662,,3009638,Inspección por previa DDJJ,,,,'2021-04-28 13:20:00','2016-11-11 08:37:27','2016-11-11 08:37:27',Resuelto,,
161111-354604,,Incidente importado desde SAC,,Telecobranzas,Usuario Importador,Telemarketing,,,Solucionado,,,,,AUS1 - AUTOMOTORES,859668,,1094317,Mensaje,,,,'2021-04-28 13:20:00','2016-11-11 08:37:27','2016-11-11 08:37:27',Atendido,,
161111-354609,,Incidente importado desde SAC,,Oficina Rosario,Usuario Importador,Telemarketing,,,Solucionado,,,,,APL1 - AUTOMOTORES PLANES,859673,,5193897,Daños materiales Rosario,,,,'2021-04-28 13:20:00','2016-11-11 08:37:28','2016-11-11 08:37:28',Resuelto,,
161111-354610,,Incidente importado desde SAC,,,Usuario Importador,Telemarketing,,,Solucionado,,,,,AUS1 - AUTOMOTORES,859674,,4318467,Cliente para retención,,,,'2021-04-28 13:20:00','2016-11-11 08:37:28','2016-11-11 08:37:28',Atendido,,
161111-354611,,Incidente importado desde SAC,,Emisión Masivos,Usuario Importador,Telemarketing,,,Solucionado,,,,,AUS1 - AUTOMOTORES,859675,,3427775,Baja de póliza,,,,'2021-04-28 13:20:00','2016-11-11 08:37:28','2016-11-11 08:37:28',Resuelto,,
161111-354615,,Incidente importado desde SAC,,Emisión Masivos,Usuario Importador,Comercial,,,Solucionado,,,,,HOM1 - SEGURO DEL HOGAR,859679,,6643870,,,,,'2021-04-28 13:20:00','2016-11-11 08:37:29','2016-11-11 08:37:29',Resuelto,,
161111-354616,,Incidente importado desde SAC,,Emisión Masivos,Usuario Importador,Carta,,,Solucionado,,,,,AUI1 - AUTOMOTORES INSTITUCIONES,859680,,5768835,Baja de póliza,,,,'2021-04-28 13:20:00','2016-11-11 08:37:29','2016-11-11 08:37:29',Resuelto,,
161111-354618,,Incidente importado desde SAC,,Emisión Masivos,Usuario Importador,Telemarketing,,,Solucionado,,,,,AUS1 - AUTOMOTORES,859682,,457368,Baja de póliza,,,,'2021-04-28 13:20:00','2016-11-11 08:37:29','2016-11-11 08:37:29',Resuelto,,
161111-354621,,Incidente importado desde SAC,,Fleet Services,Usuario Importador,Telemarketing,,,Solucionado,,,,,AUS1 - AUTOMOTORES,859685,,3296770,Contacto del tercero,,,,'2021-04-28 13:20:00','2016-11-11 08:37:29','2016-11-11 08:37:29',Resuelto,,
161111-354622,,Incidente importado desde SAC,,Emisión Masivos,Usuario Importador,Telemarketing,,,Solucionado,,,,,AUS1 - AUTOMOTORES,859686,,4971826,Baja de póliza,,,,'2021-04-28 13:20:00','2016-11-11 08:37:29','2016-11-11 08:37:29',Resuelto,,
161111-354623,,Incidente importado desde SAC,,,Usuario Importador,Telemarketing,,,Solucionado,,,,,AUS1 - AUTOMOTORES,859687,,4560021,Cliente para retención,,,,'2021-04-28 13:20:00','2016-11-11 08:37:29','2016-11-11 08:37:29',Atendido,,
161111-354624,,Incidente importado desde SAC,,Emisión Masivos,Usuario Importador,Canal productor,,,Solucionado,,,,,AUS1 - AUTOMOTORES,859688,,6766181,Ampliación de Cobertura con inspección,,,,'2021-04-28 13:20:00','2016-11-11 08:37:29','2016-11-11 08:37:29',Resuelto,,
161111-354625,,Incidente importado desde SAC,,,Usuario Importador,Telemarketing,,,Solucionado,,,,,AUS1 - AUTOMOTORES,859689,,3649285,Cliente para retención,,,,'2021-04-28 13:20:00','2016-11-11 08:37:30','2016-11-11 08:37:30',Atendido,,
161111-354627,,Incidente importado desde SAC,,Emisión Masivos,Usuario Importador,Telemarketing,,,Solucionado,,,,,HOM1 - SEGURO DEL HOGAR,859691,,597433,Rehabilitación de Propuesta,,,,'2021-04-28 13:20:00','2016-11-11 08:37:30','2016-11-11 08:37:30',Resuelto,,
161111-354633,,Incidente importado desde SAC,,Emisión Masivos,Usuario Importador,Telemarketing,,,Solucionado,,,,,AUS1 - AUTOMOTORES,859697,,5282739,4 cuotas con un descuento del 25 %,,,,'2021-04-28 13:20:00','2016-11-11 08:37:30','2016-11-11 08:37:30',Resuelto,,
161111-354634,,Incidente importado desde SAC,,Oficina Rosario,Usuario Importador,Telemarketing,,,Solucionado,,,,,AUS1 - AUTOMOTORES,859698,,1149933,Daños materiales Rosario,,,,'2021-04-28 13:20:00','2016-11-11 08:37:31','2016-11-11 08:37:31',Resuelto,,
161111-354639,,Incidente importado desde SAC,,Emisión Masivos,Usuario Importador,Telemarketing,,,Solucionado,,,,,AUS1 - AUTOMOTORES,859703,,5500519,Corrección de propuesta,,,,'2021-04-28 13:20:00','2016-11-11 08:37:31','2016-11-11 08:37:31',Resuelto,,
161111-354640,,Incidente importado desde SAC,,Emisión Masivos,Usuario Importador,Telemarketing,,,Solucionado,,,,,AUS1 - AUTOMOTORES,859704,,2475125,Rechazos/ Reducción de cobertura,,,,'2021-04-28 13:20:00','2016-11-11 08:37:31','2016-11-11 08:37:31',Resuelto,,
161111-354641,,Incidente importado desde SAC,,Inspecciones Autos,Usuario Importador,Telemarketing,,,Solucionado,,,,,AUS1 - AUTOMOTORES,859705,,1760013,Inspección por previa DDJJ,,,,'2021-04-28 13:20:00','2016-11-11 08:37:31','2016-11-11 08:37:31',Resuelto,,
161111-354643,,Incidente importado desde SAC,,Emisión Masivos,Usuario Importador,Telemarketing,,,Solucionado,,,,,AUS1 - AUTOMOTORES,859707,,1866650,Modificaciones datos del producto,,,,'2021-04-28 13:20:00','2016-11-11 08:37:31','2016-11-11 08:37:31',Resuelto,,
161111-354644,,Incidente importado desde SAC,,Oficina Rosario,Usuario Importador,Telemarketing,,,Solucionado,,,,,AUS1 - AUTOMOTORES,859708,,995517,Daños materiales Rosario,,,,'2021-04-28 13:20:00','2016-11-11 08:37:31','2016-11-11 08:37:31',Resuelto,,
161111-354645,,Incidente importado desde SAC,,Emisión Masivos,Usuario Importador,Telemarketing,,,Solucionado,,,,,HOM1 - SEGURO DEL HOGAR,859709,,6103768,Ampliación de Cobertura con inspección,,,,'2021-04-28 13:20:00','2016-11-11 08:37:32','2016-11-11 08:37:32',Resuelto,,
161111-354646,,Incidente importado desde SAC,,Emisión Masivos,Usuario Importador,Comercial,,,Solucionado,,,,,AUS1 - AUTOMOTORES,859710,,1370948,Excepción comercial altas,,,,'2021-04-28 13:20:00','2016-11-11 08:37:32','2016-11-11 08:37:32',Resuelto,,
161111-354647,,Incidente importado desde SAC,,Gerencia Clientes,Usuario Importador,Telemarketing,,,Solucionado,,,,,AUS1 - AUTOMOTORES,859711,,4508057,Copia de denuncia de siniestro,,,,'2021-04-28 13:20:00','2016-11-11 08:37:32','2016-11-11 08:37:32',Resuelto,,
161111-354658,,Incidente importado desde SAC,,Mailing,Usuario Importador,Telemarketing,,,Solucionado,,,,,AUS1 - AUTOMOTORES,859722,,3249262,Certificado de cobertura,,,,'2021-04-28 13:20:00','2016-11-11 08:37:35','2016-11-11 08:37:35',Resuelto,,
161111-354660,,Incidente importado desde SAC,,Oficina Mendoza,Usuario Importador,Telemarketing,,,Solucionado,,,,,AUS1 - AUTOMOTORES,859724,,2745589,Daños materiales Mendoza,,,,'2021-04-28 13:20:00','2016-11-11 08:37:35','2016-11-11 08:37:35',Resuelto,,
161111-354667,,Incidente importado desde SAC,,Emisión Masivos,Usuario Importador,Comercial,,,Solucionado,,,,,ATD1 - ROBO/USUAR.T.DEB-CRE,859731,,4132385,Anulación de propuesta,,,,'2021-04-28 13:20:00','2016-11-11 08:37:36','2016-11-11 08:37:36',Resuelto,,
161111-354668,,Incidente importado desde SAC,,Emisión Masivos,Usuario Importador,Especialistas,,,Solucionado,,,,,AUS1 - AUTOMOTORES,859732,,3203421,,,,,'2021-04-28 13:20:00','2016-11-11 08:37:37','2016-11-11 08:37:37',Resuelto,,
161111-354669,,Incidente importado desde SAC,,Emisión Masivos,Usuario Importador,Telemarketing,,,Solucionado,,,,,HOM1 - SEGURO DEL HOGAR,859733,,740850,Propuesta incompleta,,,,'2021-04-28 13:20:00','2016-11-11 08:37:37','2016-11-11 08:37:37',Resuelto,,
161111-354670,,Incidente importado desde SAC,,Mailing,Usuario Importador,Especialistas,,,Solucionado,,,,,AUS1 - AUTOMOTORES,859734,,5656191,,,,,'2021-04-28 13:20:00','2016-11-11 08:37:37','2016-11-11 08:37:37',No Procedente,,
161111-354671,,Incidente importado desde SAC,,Emisión Masivos,Usuario Importador,Telemarketing,,,Solucionado,,,,,AUS1 - AUTOMOTORES,859735,,1338678,Baja de póliza,,,,'2021-04-28 13:20:00','2016-11-11 08:37:37','2016-11-11 08:37:37',Resuelto,,
161111-354674,,Incidente importado desde SAC,,Gerencia Venta Directa,Usuario Importador,Especialistas,,,Solucionado,,,,,AUS1 - AUTOMOTORES,859738,,588041,,,,,'2021-04-28 13:20:00','2016-11-11 08:37:37','2016-11-11 08:37:37',Resuelto,,
161111-354678,,Incidente importado desde SAC,,Emisión Masivos,Usuario Importador,Telemarketing,,,Solucionado,,,,,AUS1 - AUTOMOTORES,859742,,3218267,Rechazos/ Reducción de cobertura,,,,'2021-04-28 13:20:00','2016-11-11 08:37:38','2016-11-11 08:37:38',Resuelto,,
161111-354679,,Incidente importado desde SAC,,Mailing,Usuario Importador,Telemarketing,,,Solucionado,,,,,APR1 - AUTOMOTORES,859743,,6198479,Certificado de cobertura,,,,'2021-04-28 13:20:00','2016-11-11 08:37:38','2016-11-11 08:37:38',Resuelto,,
161111-354680,,Incidente importado desde SAC,,Emisión Masivos,Usuario Importador,Carta Documento,,,Solucionado,,,,,AUS1 - AUTOMOTORES,859744,,3595367,Ampliación de Cobertura con inspección,,,,'2021-04-28 13:20:00','2016-11-11 08:37:38','2016-11-11 08:37:38',Resuelto,,
161111-354681,,Incidente importado desde SAC,,Emisión Masivos,Usuario Importador,Especialistas,,,Solucionado,,,,,AUS1 - AUTOMOTORES,859745,,970951,Modificaciones datos del producto,,,,'2021-04-28 13:20:00','2016-11-11 08:37:38','2016-11-11 08:37:38',Resuelto,,
161111-354687,,Incidente importado desde SAC,,,Usuario Importador,Telemarketing,,,Solucionado,,,,,AUS1 - AUTOMOTORES,859751,,4445758,Cliente para retención,,,,'2021-04-28 13:20:00','2016-11-11 08:37:39','2016-11-11 08:37:39',Atendido,,
161111-354689,,Incidente importado desde SAC,,Emisión Masivos,Usuario Importador,Telemarketing,,,Solucionado,,,,,AUS1 - AUTOMOTORES,859753,,3391833,Cambio de titularidad,,,,'2021-04-28 13:20:00','2016-11-11 08:37:39','2016-11-11 08:37:39',Resuelto,,
161111-354692,,Incidente importado desde SAC,,Lesiones,Usuario Importador,Telemarketing,,,Solucionado,,,,,APR1 - AUTOMOTORES,859756,,7752715,Tercero lesionado,,,,'2021-04-28 13:20:00','2016-11-11 08:37:39','2016-11-11 08:37:39',Resuelto,,
161111-354695,,Incidente importado desde SAC,,Emisión Masivos,Usuario Importador,Telemarketing,,,Solucionado,,,,,AUS1 - AUTOMOTORES,859759,,4457553,Modificaciones scoring,,,,'2021-04-28 13:20:00','2016-11-11 08:37:39','2016-11-11 08:37:39',Resuelto,,
161111-354696,,Incidente importado desde SAC,,Emisión Masivos,Usuario Importador,Canal productor,,,Solucionado,,,,,AUS1 - AUTOMOTORES,859760,,4698214,Inclusión/Exclusión Co-titular,,,,'2021-04-28 13:20:00','2016-11-11 08:37:40','2016-11-11 08:37:40',Resuelto,,
161111-354698,,Incidente importado desde SAC,,Robo / Destruccion Total,Usuario Importador,Telemarketing,,,Solucionado,,,,,AUS1 - AUTOMOTORES,859762,,6698760,Denuncia de robo aparecido,,,,'2021-04-28 13:20:00','2016-11-11 08:37:40','2016-11-11 08:37:40',Resuelto,,
161111-354703,,Incidente importado desde SAC,,Drive in San Isidro,Usuario Importador,Telemarketing,,,Solucionado,,,,,APR1 - AUTOMOTORES,859767,,5504163,Daños materiales drive in San Isidro,,,,'2021-04-28 13:20:00','2016-11-11 08:37:40','2016-11-11 08:37:40',Resuelto,,
161111-354705,,Incidente importado desde SAC,,,Usuario Importador,Telemarketing,,,Solucionado,,,,,APR1 - AUTOMOTORES,859769,,3512119,Daños materiales Cordoba,,,,'2021-04-28 13:20:00','2016-11-11 08:37:41','2016-11-11 08:37:41',Resuelto,,
161111-354713,,Incidente importado desde SAC,,Telecobranzas,Usuario Importador,Telemarketing,,,Solucionado,,,,,AUS1 - AUTOMOTORES,859777,,3634153,No contesta,,,,'2021-04-28 13:20:00','2016-11-11 08:37:41','2016-11-11 08:37:41',Atendido,,
161111-354715,,Incidente importado desde SAC,,Emisión Masivos,Usuario Importador,Canal productor,,,Solucionado,,,,,AUS1 - AUTOMOTORES,859779,,6713643,Modificaciones datos del producto,,,,'2021-04-28 13:20:00','2016-11-11 08:37:42','2016-11-11 08:37:42',Resuelto,,
161111-354717,,Incidente importado desde SAC,,Emisión Masivos,Usuario Importador,Carta Documento,,,Solucionado,,,,,AUI1 - AUTOMOTORES INSTITUCIONES,859781,,905081,Baja de póliza,,,,'2021-04-28 13:20:00','2016-11-11 08:37:42','2016-11-11 08:37:42',Resuelto,,
161111-354718,,Incidente importado desde SAC,,Especialistas,Usuario Importador,Telemarketing,,,Solucionado,,,,,AUS1 - AUTOMOTORES,859782,,2951466,Inspección por previa DDJJ,,,,'2021-04-28 13:20:00','2016-11-11 08:37:42','2016-11-11 08:37:42',Resuelto,,
161111-354719,,Incidente importado desde SAC,,Emisión Masivos,Usuario Importador,Telemarketing,,,Solucionado,,,,,AUS1 - AUTOMOTORES,859783,,3407544,Rechazos/ Reducción de cobertura,,,,'2021-04-28 13:20:00','2016-11-11 08:37:42','2016-11-11 08:37:42',Resuelto,,
161111-354720,,Incidente importado desde SAC,,,Usuario Importador,Telemarketing,,,Solucionado,,,,,AUS1 - AUTOMOTORES,859784,,1787385,Cliente para retención,,,,'2021-04-28 13:20:00','2016-11-11 08:37:42','2016-11-11 08:37:42',Atendido,,
161111-354724,,Incidente importado desde SAC,,Riesgos Varios Casa Central,Usuario Importador,Telemarketing,,,Solucionado,,,,,HOM1 - SEGURO DEL HOGAR,859788,,1204279,Riesgos Varios Casa Central,,,,'2021-04-28 13:20:00','2016-11-11 08:37:43','2016-11-11 08:37:43',Resuelto,,
161111-354725,,Incidente importado desde SAC,,Prestadores,Usuario Importador,Telemarketing,,,Solucionado,,,,,AUS1 - AUTOMOTORES,859789,,3691296,,,,,'2021-04-28 13:20:00','2016-11-11 08:37:43','2016-11-11 08:37:43',No Procedente,,
161111-354726,,Incidente importado desde SAC,,Emisión Masivos,Usuario Importador,Telemarketing,,,Solucionado,,,,,AUS1 - AUTOMOTORES,859790,,7103813,Baja de póliza,,,,'2021-04-28 13:20:00','2016-11-11 08:37:43','2016-11-11 08:37:43',Resuelto,,
161111-354730,,Incidente importado desde SAC,,Cobranzas Automático,Usuario Importador,Carta Documento,,,Solucionado,,,,,AUS1 - AUTOMOTORES,859794,,4703514,Rehabilitación de póliza sin Inspección,,,,'2021-04-28 13:20:00','2016-11-11 08:37:43','2016-11-11 08:37:43',Resuelto,,
161111-354733,,Incidente importado desde SAC,,,Usuario Importador,Telemarketing,,,Solucionado,,,,,AUS1 - AUTOMOTORES,859797,,4466001,Cliente para retención,,,,'2021-04-28 13:20:00','2016-11-11 08:37:43','2016-11-11 08:37:43',Atendido,,
161111-354735,,Incidente importado desde SAC,,Prestadores,Usuario Importador,Carta,,,Solucionado,,,,,APR1 - AUTOMOTORES,859799,,3936721,Reintegro SOS,,,,'2021-04-28 13:20:00','2016-11-11 08:37:44','2016-11-11 08:37:44',Resuelto,,
161111-354736,,Incidente importado desde SAC,,Emisión Masivos,Usuario Importador,Telemarketing,,,Solucionado,,,,,HOM1 - SEGURO DEL HOGAR,859800,,5074088,Propuesta incompleta,,,,'2021-04-28 13:20:00','2016-11-11 08:37:44','2016-11-11 08:37:44',Resuelto,,
161111-354737,,Incidente importado desde SAC,,Emisión Masivos,Usuario Importador,Comercial,,,Solucionado,,,,,AUS1 - AUTOMOTORES,859801,,5642645,Cambio de campaña,,,,'2021-04-28 13:20:00','2016-11-11 08:37:44','2016-11-11 08:37:44',Resuelto,,
161111-354740,,Incidente importado desde SAC,,Inspecciones Autos,Usuario Importador,Telemarketing,,,Solucionado,,,,,AUS1 - AUTOMOTORES,859804,,2711416,Inspección por previa DDJJ,,,,'2021-04-28 13:20:00','2016-11-11 08:37:44','2016-11-11 08:37:44',Resuelto,,
161111-354741,,Incidente importado desde SAC,,Drive in Centro,Usuario Importador,Telemarketing,,,Solucionado,,,,,APR1 - AUTOMOTORES,859805,,3387251,Daños materiales Casa Central,,,,'2021-04-28 13:20:00','2016-11-11 08:37:44','2016-11-11 08:37:44',Resuelto,,
161111-354742,,Incidente importado desde SAC,,,Usuario Importador,Telemarketing,,,Solucionado,,,,,AUS1 - AUTOMOTORES,859806,,3641282,Cliente para retención,,,,'2021-04-28 13:20:00','2016-11-11 08:37:44','2016-11-11 08:37:44',Atendido,,
161111-354748,,Incidente importado desde SAC,,Emisión Masivos,Usuario Importador,Canal productor,,,Solucionado,,,,,AUS1 - AUTOMOTORES,859812,,1744987,No califica,,,,'2021-04-28 13:20:00','2016-11-11 08:37:46','2016-11-11 08:37:46',Resuelto,,
161111-354750,,Incidente importado desde SAC,,Emisión Cartera Gral.,Usuario Importador,Telemarketing,,,Solucionado,,,,,AUS1 - AUTOMOTORES,859814,,7107667,Venta trailer,,,,'2021-04-28 13:20:00','2016-11-11 08:37:46','2016-11-11 08:37:46',Resuelto,,
161111-354751,,Incidente importado desde SAC,,Oficina Rosario,Usuario Importador,Telemarketing,,,Solucionado,,,,,HOM1 - SEGURO DEL HOGAR,859815,,2484578,Riesgos Varios Rosario,,,,'2021-04-28 13:20:00','2016-11-11 08:37:46','2016-11-11 08:37:46',Resuelto,,
161111-354754,,Incidente importado desde SAC,,Mailing,Usuario Importador,Carta Documento,,,Solucionado,,,,,AUS1 - AUTOMOTORES,859818,,3467960,Certificado de cobertura,,,,'2021-04-28 13:20:00','2016-11-11 08:37:47','2016-11-11 08:37:47',Resuelto,,
161111-354759,,Incidente importado desde SAC,,,Usuario Importador,Telemarketing,,,Solucionado,,,,,AUS1 - AUTOMOTORES,859823,,1055341,Cliente para retención,,,,'2021-04-28 13:20:00','2016-11-11 08:37:49','2016-11-11 08:37:49',Atendido,,
161111-354760,,Incidente importado desde SAC,,Cac,Usuario Importador,Telemarketing,,,Solucionado,,,,,AUS1 - AUTOMOTORES,859824,,6504242,Endosos CAC,,,,'2021-04-28 13:20:00','2016-11-11 08:37:49','2016-11-11 08:37:49',Atendido,,
161111-354761,,Incidente importado desde SAC,,,Usuario Importador,Telemarketing,,,Solucionado,,,,,AUS1 - AUTOMOTORES,859825,,4804699,Cliente para retención,,,,'2021-04-28 13:20:00','2016-11-11 08:37:49','2016-11-11 08:37:49',Atendido,,
161111-354766,,Incidente importado desde SAC,,Drive in Lanus,Usuario Importador,Telemarketing,,,Solucionado,,,,,AUS1 - AUTOMOTORES,859830,,5455851,Inspección por siniestros,,,,'2021-04-28 13:20:00','2016-11-11 08:37:50','2016-11-11 08:37:50',Resuelto,,
161111-354769,,Incidente importado desde SAC,,Emisión Masivos,Usuario Importador,Telemarketing,,,Solucionado,,,,,AUS1 - AUTOMOTORES,859833,,2544534,Baja de póliza,,,,'2021-04-28 13:20:00','2016-11-11 08:37:50','2016-11-11 08:37:50',Resuelto,,
161111-354771,,Incidente importado desde SAC,,,Usuario Importador,Telemarketing,,,Solucionado,,,,,AUS1 - AUTOMOTORES,859835,,1433203,Cliente para retención,,,,'2021-04-28 13:20:00','2016-11-11 08:37:50','2016-11-11 08:37:50',Atendido,,
161111-354774,,Incidente importado desde SAC,,Telecobranzas,Usuario Importador,Telemarketing,,,Solucionado,,,,,AUS1 - AUTOMOTORES,859838,,5336050,Mensaje,,,,'2021-04-28 13:20:00','2016-11-11 08:37:51','2016-11-11 08:37:51',Atendido,,
161111-354776,,Incidente importado desde SAC,,Cac,Usuario Importador,Telemarketing,,,Solucionado,,,,,APL1 - AUTOMOTORES PLANES,859840,,5237631,Documentación para enviar por fax/email,,,,'2021-04-28 13:20:00','2016-11-11 08:37:51','2016-11-11 08:37:51',Resuelto,,
161111-354780,,Incidente importado desde SAC,,Cobranzas Automático,Usuario Importador,Telemarketing,,,Solucionado,,,,,AUS1 - AUTOMOTORES,859844,,491999,No califica,,,,'2021-04-28 13:20:00','2016-11-11 08:37:51','2016-11-11 08:37:51',Resuelto,,
161111-354782,,Incidente importado desde SAC,,Emisión Masivos,Usuario Importador,Especialistas,,,Solucionado,,,,,AUS1 - AUTOMOTORES,859846,,2891174,Reducción de cobertura,,,,'2021-04-28 13:20:00','2016-11-11 08:37:51','2016-11-11 08:37:51',Resuelto,,
161111-354787,,Incidente importado desde SAC,,Inspecciones Autos,Usuario Importador,Telemarketing,,,Solucionado,,,,,AUS1 - AUTOMOTORES,859851,,3441098,Inspección por previa DDJJ,,,,'2021-04-28 13:20:00','2016-11-11 08:37:52','2016-11-11 08:37:52',Resuelto,,
161111-354789,,Incidente importado desde SAC,,Telecobranzas,Usuario Importador,Telemarketing,,,Solucionado,,,,,AUS1 - AUTOMOTORES,859853,,1358287,Mensaje,,,,'2021-04-28 13:20:00','2016-11-11 08:37:52','2016-11-11 08:37:52',Atendido,,
161111-354790,,Incidente importado desde SAC,,Cleas,Usuario Importador,Telemarketing,,,Solucionado,,,,,APR1 - AUTOMOTORES,859854,,3515241,Lesiones,,,,'2021-04-28 13:20:00','2016-11-11 08:37:52','2016-11-11 08:37:52',Resuelto,,
161111-354794,,Incidente importado desde SAC,,,Usuario Importador,Telemarketing,,,Solucionado,,,,,AUS1 - AUTOMOTORES,859858,,4453858,Cliente para retención,,,,'2021-04-28 13:20:00','2016-11-11 08:37:53','2016-11-11 08:37:53',Atendido,,
161111-354796,,Incidente importado desde SAC,,Emisión Masivos,Usuario Importador,Carta,,,Solucionado,,,,,HOM1 - SEGURO DEL HOGAR,859860,,1274962,No califica,,,,'2021-04-28 13:20:00','2016-11-11 08:37:53','2016-11-11 08:37:53',Resuelto,,
161111-354797,,Incidente importado desde SAC,,Oficina Cordoba,Usuario Importador,Telemarketing,,,Solucionado,,,,,APR1 - AUTOMOTORES,859861,,4806922,Daños materiales Cordoba,,,,'2021-04-28 13:20:00','2016-11-11 08:37:53','2016-11-11 08:37:53',Resuelto,,
161111-354799,,Incidente importado desde SAC,,Emisión Masivos,Usuario Importador,Llamada entrante,,,Solucionado,,,,,APL1 - AUTOMOTORES PLANES,859863,,3399894,Inclusión de GNC,,,,'2021-04-28 13:20:00','2016-11-11 08:37:53','2016-11-11 08:37:53',Resuelto,,
161111-354804,,Incidente importado desde SAC,,Mailing,Usuario Importador,Carta Documento,,,Solucionado,,,,,AUS1 - AUTOMOTORES,859868,,134929,Certificado de cobertura,,,,'2021-04-28 13:20:00','2016-11-11 08:37:54','2016-11-11 08:37:54',Resuelto,,
161111-354807,,Incidente importado desde SAC,,,Usuario Importador,Telemarketing,,,Solucionado,,,,,AUS1 - AUTOMOTORES,859871,,3235265,Cliente para retención,,,,'2021-04-28 13:20:00','2016-11-11 08:37:54','2016-11-11 08:37:54',Atendido,,
161111-354817,,Incidente importado desde SAC,,Emisión Masivos,Usuario Importador,Canal productor,,,Solucionado,,,,,AUS1 - AUTOMOTORES,859881,,1186984,Corrección de propuesta,,,,'2021-04-28 13:20:00','2016-11-11 08:37:55','2016-11-11 08:37:55',Resuelto,,
161111-354819,,Incidente importado desde SAC,,Gerencia Productores,Usuario Importador,Canal productor,,,Solucionado,,,,,AUS1 - AUTOMOTORES,859883,,4554373,Rehabilitación de póliza sin Inspección,,,,'2021-04-28 13:20:00','2016-11-11 08:37:55','2016-11-11 08:37:55',Resuelto,,
161111-354820,,Incidente importado desde SAC,,Emisión Masivos,Usuario Importador,Telemarketing,,,Solucionado,,,,,AUS1 - AUTOMOTORES,859884,,7483808,Corrección de propuesta,,,,'2021-04-28 13:20:00','2016-11-11 08:37:55','2016-11-11 08:37:55',Resuelto,,
161111-354823,,Incidente importado desde SAC,,Emisión Masivos,Usuario Importador,Telemarketing,,,Solucionado,,,,,AUS1 - AUTOMOTORES,859887,,6178667,Modificación datos personales,,,,'2021-04-28 13:20:00','2016-11-11 08:37:56','2016-11-11 08:37:56',Resuelto,,
161111-354824,,Incidente importado desde SAC,,Emisión Masivos,Usuario Importador,Carta,,,Solucionado,,,,,AUS1 - AUTOMOTORES,859888,,3213453,No califica,,,,'2021-04-28 13:20:00','2016-11-11 08:37:56','2016-11-11 08:37:56',Resuelto,,
161111-354825,,Incidente importado desde SAC,,Emisión Masivos,Usuario Importador,Telemarketing,,,Solucionado,,,,,HOM1 - SEGURO DEL HOGAR,859889,,4247157,Modificación medio de pago,,,,'2021-04-28 13:20:00','2016-11-11 08:37:56','2016-11-11 08:37:56',Resuelto,,
161111-354832,,Incidente importado desde SAC,,Emisión Masivos,Usuario Importador,Carta Documento,,,Solucionado,,,,,APR1 - AUTOMOTORES,859896,,6042272,Modificaciones datos del producto,,,,'2021-04-28 13:20:00','2016-11-11 08:37:56','2016-11-11 08:37:56',Resuelto,,
161111-354836,,Incidente importado desde SAC,,Oficina Cordoba,Usuario Importador,Telemarketing,,,Solucionado,,,,,AUS1 - AUTOMOTORES,859900,,1431752,Tercero lesionado,,,,'2021-04-28 13:20:00','2016-11-11 08:37:57','2016-11-11 08:37:57',Resuelto,,
161111-354837,,Incidente importado desde SAC,,Inspecciones Autos,Usuario Importador,Telemarketing,,,Solucionado,,,,,AUS1 - AUTOMOTORES,859901,,3798739,Inspección por previa DDJJ,,,,'2021-04-28 13:20:00','2016-11-11 08:37:57','2016-11-11 08:37:57',Resuelto,,
161111-354838,,Incidente importado desde SAC,,Emisión Masivos,Usuario Importador,Telemarketing,,,Solucionado,,,,,HOM1 - SEGURO DEL HOGAR,859902,,6564098,Cambio de titularidad,,,,'2021-04-28 13:20:00','2016-11-11 08:37:57','2016-11-11 08:37:57',No Procedente,,
161111-354841,,Incidente importado desde SAC,,Inspecciones Autos,Usuario Importador,Telemarketing,,,Solucionado,,,,,AUS1 - AUTOMOTORES,859905,,3055917,Inspección por previa DDJJ,,,,'2021-04-28 13:20:00','2016-11-11 08:37:58','2016-11-11 08:37:58',Resuelto,,
161111-354844,,Incidente importado desde SAC,,Emisión Masivos,Usuario Importador,Carta Documento,,,Solucionado,,,,,AUI1 - AUTOMOTORES INSTITUCIONES,859908,,3424910,Baja de póliza,,,,'2021-04-28 13:20:00','2016-11-11 08:37:58','2016-11-11 08:37:58',Resuelto,,
161111-354846,,Incidente importado desde SAC,,Emisión Masivos,Usuario Importador,Telemarketing,,,Solucionado,,,,,AUS1 - AUTOMOTORES,859910,,3264521,Baja de póliza,,,,'2021-04-28 13:20:00','2016-11-11 08:37:58','2016-11-11 08:37:58',Resuelto,,
161111-354852,,Incidente importado desde SAC,,Emisión Masivos,Usuario Importador,Telemarketing,,,Solucionado,,,,,AUS1 - AUTOMOTORES,859916,,2615727,Corrección de propuesta,,,,'2021-04-28 13:20:00','2016-11-11 08:37:59','2016-11-11 08:37:59',Resuelto,,
161111-354857,,Incidente importado desde SAC,,Emisión Masivos,Usuario Importador,Telemarketing,,,Solucionado,,,,,AUS1 - AUTOMOTORES,859921,,4134862,Baja de póliza,,,,'2021-04-28 13:20:00','2016-11-11 08:38:00','2016-11-11 08:38:00',Resuelto,,
161111-354859,,Incidente importado desde SAC,,Inspecciones Autos,Usuario Importador,Telemarketing,,,Solucionado,,,,,AUS1 - AUTOMOTORES,859923,,6091063,Inspección por previa DDJJ,,,,'2021-04-28 13:20:00','2016-11-11 08:38:02','2016-11-11 08:38:02',No Procedente,,
161111-354860,,Incidente importado desde SAC,,Inspecciones Autos,Usuario Importador,Telemarketing,,,Solucionado,,,,,AUS1 - AUTOMOTORES,859924,,3510326,Inspección por previa DDJJ,,,,'2021-04-28 13:20:00','2016-11-11 08:38:02','2016-11-11 08:38:02',Resuelto,,
161111-354863,,Incidente importado desde SAC,,Daños Materiales Autos,Usuario Importador,Telemarketing,,,Solucionado,,,,,AUS1 - AUTOMOTORES,859927,,4598292,Daños materiales Casa Central,,,,'2021-04-28 13:20:00','2016-11-11 08:38:02','2016-11-11 08:38:02',Resuelto,,
161111-354865,,Incidente importado desde SAC,,Cac,Usuario Importador,Telemarketing,,,Solucionado,,,,,HOM1 - SEGURO DEL HOGAR,859929,,7755254,Rehabilitación de póliza con Inspección,,,,'2021-04-28 13:20:00','2016-11-11 08:38:03','2016-11-11 08:38:03',No Procedente,,
161111-354866,,Incidente importado desde SAC,,Cac,Usuario Importador,Telemarketing,,,Solucionado,,,,,HOM1 - SEGURO DEL HOGAR,859930,,1315629,Ampliación de Cobertura con inspección,,,,'2021-04-28 13:20:00','2016-11-11 08:38:03','2016-11-11 08:38:03',No Procedente,,
161111-354867,,Incidente importado desde SAC,,Oficina Cordoba,Usuario Importador,Telemarketing,,,Solucionado,,,,,AUA1 - AUTOMOTORES CARTERA GENERAL,859931,,6488181,Tercero lesionado,,,,'2021-04-28 13:20:00','2016-11-11 08:38:03','2016-11-11 08:38:03',Resuelto,,
161111-354869,,Incidente importado desde SAC,,Emisión Masivos,Usuario Importador,Telemarketing,,,Solucionado,,,,,AUS1 - AUTOMOTORES,859933,,3738595,Baja de póliza,,,,'2021-04-28 13:20:00','2016-11-11 08:38:03','2016-11-11 08:38:03',Resuelto,,
161111-354871,,Incidente importado desde SAC,,Mailing,Usuario Importador,Telemarketing,,,Solucionado,,,,,AUS1 - AUTOMOTORES,859935,,3668859,Cupón de pago,,,,'2021-04-28 13:20:00','2016-11-11 08:38:04','2016-11-11 08:38:04',Resuelto,,
161111-354877,,Incidente importado desde SAC,,Pago Telefonico,Usuario Importador,Telemarketing,,,Solucionado,,,,,AUS1 - AUTOMOTORES,859941,,1841684,Pago telefónico,,,,'2021-04-28 13:20:00','2016-11-11 08:38:04','2016-11-11 08:38:04',Resuelto,,
161111-354878,,Incidente importado desde SAC,,Emisión Masivos,Usuario Importador,Telemarketing,,,Solucionado,,,,,AUS1 - AUTOMOTORES,859942,,3723295,Rechazos/ Reducción de cobertura,,,,'2021-04-28 13:20:00','2016-11-11 08:38:04','2016-11-11 08:38:04',Resuelto,,
161111-354879,,Incidente importado desde SAC,,Robo / Destruccion Total,Usuario Importador,Telemarketing,,,Solucionado,,,,,APR1 - AUTOMOTORES,859943,,3749164,Destrucción Total,,,,'2021-04-28 13:20:00','2016-11-11 08:38:04','2016-11-11 08:38:04',Resuelto,,
161111-354881,,Incidente importado desde SAC,,Emisión Masivos,Usuario Importador,Telemarketing,,,Solucionado,,,,,AUS1 - AUTOMOTORES,859945,,6038062,Baja de póliza,,,,'2021-04-28 13:20:00','2016-11-11 08:38:04','2016-11-11 08:38:04',Resuelto,,
161111-354882,,Incidente importado desde SAC,,Oficina Mendoza,Usuario Importador,Telemarketing,,,Solucionado,,,,,AUS1 - AUTOMOTORES,859946,,7022154,Daños materiales Mendoza,,,,'2021-04-28 13:20:00','2016-11-11 08:38:05','2016-11-11 08:38:05',Resuelto,,
161111-354884,,Incidente importado desde SAC,,Emisión Masivos,Usuario Importador,Telemarketing,,,Solucionado,,,,,AUS1 - AUTOMOTORES,859948,,706273,4 cuotas con un descuento del 15 %,,,,'2021-04-28 13:20:00','2016-11-11 08:38:05','2016-11-11 08:38:05',Resuelto,,
161111-354886,,Incidente importado desde SAC,,Emisión Masivos,Usuario Importador,Telemarketing,,,Solucionado,,,,,AUS1 - AUTOMOTORES,859950,,3451864,Propuesta incompleta,,,,'2021-04-28 13:20:00','2016-11-11 08:38:05','2016-11-11 08:38:05',Resuelto,,
161111-354890,,Incidente importado desde SAC,,,Usuario Importador,Telemarketing,,,Solucionado,,,,,AUS1 - AUTOMOTORES,859954,,995369,Cliente para retención,,,,'2021-04-28 13:20:00','2016-11-11 08:38:05','2016-11-11 08:38:05',Atendido,,
161111-354893,,Incidente importado desde SAC,,Drive in Centro,Usuario Importador,Telemarketing,,,Solucionado,,,,,AUA1 - AUTOMOTORES CARTERA GENERAL,859957,,5341382,Daños materiales drive In Centro,,,,'2021-04-28 13:20:00','2016-11-11 08:38:06','2016-11-11 08:38:06',Resuelto,,
161111-354895,,Incidente importado desde SAC,,Emisión Masivos,Usuario Importador,Telemarketing,,,Solucionado,,,,,AUS1 - AUTOMOTORES,859959,,2425175,Baja de póliza,,,,'2021-04-28 13:20:00','2016-11-11 08:38:06','2016-11-11 08:38:06',Resuelto,,
161111-354898,,Incidente importado desde SAC,,Emisión Masivos,Usuario Importador,Telemarketing,,,Solucionado,,,,,AUS1 - AUTOMOTORES,859962,,371204,Baja de póliza,,,,'2021-04-28 13:20:00','2016-11-11 08:38:06','2016-11-11 08:38:06',Resuelto,,
161111-354899,,Incidente importado desde SAC,,Cac,Usuario Importador,Telemarketing,,,Solucionado,,,,,AUS1 - AUTOMOTORES,859963,,4092376,Corrección de propuesta,,,,'2021-04-28 13:20:00','2016-11-11 08:38:06','2016-11-11 08:38:06',Resuelto,,
161111-354904,,Incidente importado desde SAC,,Inspecciones Autos,Usuario Importador,Telemarketing,,,Solucionado,,,,,AUS1 - AUTOMOTORES,859968,,2413798,Inspección por previa DDJJ,,,,'2021-04-28 13:20:00','2016-11-11 08:38:07','2016-11-11 08:38:07',Resuelto,,
161111-354916,,Incidente importado desde SAC,,Fleet Services,Usuario Importador,Telemarketing,,,Solucionado,,,,,AUS1 - AUTOMOTORES,859980,,2871475,Contacto del tercero,,,,'2021-04-28 13:20:00','2016-11-11 08:38:09','2016-11-11 08:38:09',Resuelto,,
161111-354922,,Incidente importado desde SAC,,Inspecciones Autos,Usuario Importador,Telemarketing,,,Solucionado,,,,,AUS1 - AUTOMOTORES,859986,,3680770,Inspección por previa DDJJ,,,,'2021-04-28 13:20:00','2016-11-11 08:38:10','2016-11-11 08:38:10',Resuelto,,
161111-354924,,Incidente importado desde SAC,,Drive in Ciudadela,Usuario Importador,Telemarketing,,,Solucionado,,,,,AUS1 - AUTOMOTORES,859988,,5544644,Daños materiales drive in Ciudadela,,,,'2021-04-28 13:20:00','2016-11-11 08:38:10','2016-11-11 08:38:10',Resuelto,,
161111-354927,,Incidente importado desde SAC,,Inspecciones Autos,Usuario Importador,Telemarketing,,,Solucionado,,,,,AUS1 - AUTOMOTORES,859991,,5290225,Inspección por previa DDJJ,,,,'2021-04-28 13:20:00','2016-11-11 08:38:10','2016-11-11 08:38:10',Resuelto,,
161111-354929,,Incidente importado desde SAC,,Emisión Masivos,Usuario Importador,Telemarketing,,,Solucionado,,,,,AUS1 - AUTOMOTORES,859993,,210580,No califica,,,,'2021-04-28 13:20:00','2016-11-11 08:38:10','2016-11-11 08:38:10',Resuelto,,
161111-354934,,Incidente importado desde SAC,,Inspecciones Autos,Usuario Importador,Telemarketing,,,Solucionado,,,,,AUS1 - AUTOMOTORES,859998,,5334615,Rechazos/ Reducción de cobertura,,,,'2021-04-28 13:20:00','2016-11-11 08:38:11','2016-11-11 08:38:11',Resuelto,,
161111-354935,,Incidente importado desde SAC,,Inspecciones Autos,Usuario Importador,Telemarketing,,,Solucionado,,,,,AUS1 - AUTOMOTORES,859999,,3968479,Inspección por previa DDJJ,,,,'2021-04-28 13:20:00','2016-11-11 08:38:11','2016-11-11 08:38:11',Resuelto,,
161111-354939,,Incidente importado desde SAC,,Emisión Masivos,Usuario Importador,Telemarketing,,,Solucionado,,,,,AUS1 - AUTOMOTORES,860003,,5228773,Rechazos/ Reducción de cobertura,,,,'2021-04-28 13:20:00','2016-11-11 08:38:11','2016-11-11 08:38:11',Resuelto,,
161111-354940,,Incidente importado desde SAC,,Emisión Masivos,Usuario Importador,Telemarketing,,,Solucionado,,,,,AUS1 - AUTOMOTORES,860004,,3424672,Baja de póliza,,,,'2021-04-28 13:20:00','2016-11-11 08:38:11','2016-11-11 08:38:11',Resuelto,,
161111-354941,,Incidente importado desde SAC,,Emisión Masivos,Usuario Importador,Especialistas,,,Solucionado,,,,,AUS1 - AUTOMOTORES,860005,,1909358,Reducción de cobertura,,,,'2021-04-28 13:20:00','2016-11-11 08:38:11','2016-11-11 08:38:11',Resuelto,,
161111-354942,,Incidente importado desde SAC,,Drive in San Isidro,Usuario Importador,Telemarketing,,,Solucionado,,,,,AUS1 - AUTOMOTORES,860006,,7065530,Daños materiales drive in San Isidro,,,,'2021-04-28 13:20:00','2016-11-11 08:38:12','2016-11-11 08:38:12',Resuelto,,
161111-354944,,Incidente importado desde SAC,,Emisión Masivos,Usuario Importador,Telemarketing,,,Solucionado,,,,,AUS1 - AUTOMOTORES,860008,,3478006,8 cuotas con un descuento del 15 %,,,,'2021-04-28 13:20:00','2016-11-11 08:38:12','2016-11-11 08:38:12',Resuelto,,
161111-354946,,Incidente importado desde SAC,,Drive in Ciudadela,Usuario Importador,Telemarketing,,,Solucionado,,,,,AUS1 - AUTOMOTORES,860010,,1362727,Daños materiales drive in Ciudadela,,,,'2021-04-28 13:20:00','2016-11-11 08:38:12','2016-11-11 08:38:12',Resuelto,,
161111-354947,,Incidente importado desde SAC,,Emisión Masivos,Usuario Importador,Telemarketing,,,Solucionado,,,,,AUS1 - AUTOMOTORES,860011,,4466238,Ampliación de Cobertura con inspección,,,,'2021-04-28 13:20:00','2016-11-11 08:38:12','2016-11-11 08:38:12',Resuelto,,
161111-354950,,Incidente importado desde SAC,,Emisión Masivos,Usuario Importador,Telemarketing,,,Solucionado,,,,,HOM1 - SEGURO DEL HOGAR,860014,,3191418,Baja de póliza,,,,'2021-04-28 13:20:00','2016-11-11 08:38:12','2016-11-11 08:38:12',Resuelto,,
161111-354951,,Incidente importado desde SAC,,Riesgos Varios Casa Central,Usuario Importador,Telemarketing,,,Solucionado,,,,,HOM1 - SEGURO DEL HOGAR,860015,,5421757,Riesgos Varios Casa Central,,,,'2021-04-28 13:20:00','2016-11-11 08:38:12','2016-11-11 08:38:12',Resuelto,,
161111-354952,,Incidente importado desde SAC,,Telemarketing,Usuario Importador,Telemarketing,,,Solucionado,,,,,AUS1 - AUTOMOTORES,860016,,3487275,No califica,,,,'2021-04-28 13:20:00','2016-11-11 08:38:12','2016-11-11 08:38:12',Resuelto,,
161111-354953,,Incidente importado desde SAC,,Cac,Usuario Importador,Telemarketing,,,Solucionado,,,,,AUS1 - AUTOMOTORES,860017,,3264527,Imputación de cobranzas - Automático,,,,'2021-04-28 13:20:00','2016-11-11 08:38:13','2016-11-11 08:38:13',Resuelto,,
161111-354955,,Incidente importado desde SAC,,Emisión Masivos,Usuario Importador,Telemarketing,,,Solucionado,,,,,AUS1 - AUTOMOTORES,860019,,7667583,Modificación datos personales,,,,'2021-04-28 13:20:00','2016-11-11 08:38:13','2016-11-11 08:38:13',Resuelto,,
161111-354957,,Incidente importado desde SAC,,Cobranzas Efectivo,Usuario Importador,Telemarketing,,,Solucionado,,,,,AUS1 - AUTOMOTORES,860021,,6235086,Reintegro - Automático,,,,'2021-04-28 13:20:00','2016-11-11 08:38:13','2016-11-11 08:38:13',Resuelto,,
161111-354958,,Incidente importado desde SAC,,Telecobranzas,Usuario Importador,Telemarketing,,,Solucionado,,,,,HOM1 - SEGURO DEL HOGAR,860022,,7653260,No contesta,,,,'2021-04-28 13:20:00','2016-11-11 08:38:13','2016-11-11 08:38:13',Atendido,,
161111-354959,,Incidente importado desde SAC,,Inspecciones Autos,Usuario Importador,Telemarketing,,,Solucionado,,,,,AUS1 - AUTOMOTORES,860023,,3430373,Inspección por previa DDJJ,,,,'2021-04-28 13:20:00','2016-11-11 08:38:14','2016-11-11 08:38:14',Resuelto,,
161111-354961,,Incidente importado desde SAC,,Emisión Masivos,Usuario Importador,Telemarketing,,,Solucionado,,,,,AUS1 - AUTOMOTORES,860025,,3314109,Corrección de propuesta,,,,'2021-04-28 13:20:00','2016-11-11 08:38:15','2016-11-11 08:38:15',Resuelto,,
161111-354962,,Incidente importado desde SAC,,Emisión Masivos,Usuario Importador,Telemarketing,,,Solucionado,,,,,AUS1 - AUTOMOTORES,860026,,7492297,Corrección de propuesta,,,,'2021-04-28 13:20:00','2016-11-11 08:38:15','2016-11-11 08:38:15',Resuelto,,
161111-354966,,Incidente importado desde SAC,,Inspecciones Autos,Usuario Importador,Telemarketing,,,Solucionado,,,,,AUS1 - AUTOMOTORES,860030,,5344886,Rechazos/ Reducción de cobertura,,,,'2021-04-28 13:20:00','2016-11-11 08:38:16','2016-11-11 08:38:16',No Procedente,,
161111-354969,,Incidente importado desde SAC,,Mailing,Usuario Importador,Telemarketing,,,Solucionado,,,,,HOM1 - SEGURO DEL HOGAR,860033,,1322147,Certificado de cobertura,,,,'2021-04-28 13:20:00','2016-11-11 08:38:16','2016-11-11 08:38:16',Resuelto,,
161111-354975,,Incidente importado desde SAC,,Fleet Services,Usuario Importador,Telemarketing,,,Solucionado,,,,,AUA1 - AUTOMOTORES CARTERA GENERAL,860039,,5537142,Contacto del tercero,,,,'2021-04-28 13:20:00','2016-11-11 08:38:17','2016-11-11 08:38:17',Resuelto,,
161111-354977,,Incidente importado desde SAC,,Emisión Masivos,Usuario Importador,Especialistas,,,Solucionado,,,,,AUS1 - AUTOMOTORES,860041,,3830979,,,,,'2021-04-28 13:20:00','2016-11-11 08:38:18','2016-11-11 08:38:18',Resuelto,,
161111-354986,,Incidente importado desde SAC,,Drive in Ciudadela,Usuario Importador,Telemarketing,,,Solucionado,,,,,APL1 - AUTOMOTORES PLANES,860050,,4227108,Daños materiales drive in Ciudadela,,,,'2021-04-28 13:20:00','2016-11-11 08:38:19','2016-11-11 08:38:19',Resuelto,,
161111-354988,,Incidente importado desde SAC,,Gerencia Venta Directa,Usuario Importador,Comercial,,,Solucionado,,,,,AUS1 - AUTOMOTORES,860052,,2414061,Excepción comercial altas,,,,'2021-04-28 13:20:00','2016-11-11 08:38:20','2016-11-11 08:38:20',Resuelto,,
161111-354990,,Incidente importado desde SAC,,Inspecciones Autos,Usuario Importador,Telemarketing,,,Solucionado,,,,,AUS1 - AUTOMOTORES,860054,,4085577,Inspección por previa DDJJ,,,,'2021-04-28 13:20:00','2016-11-11 08:38:20','2016-11-11 08:38:20',Resuelto,,
161111-354991,,Incidente importado desde SAC,,Emisión Masivos,Usuario Importador,Telemarketing,,,Solucionado,,,,,AUS1 - AUTOMOTORES,860055,,6499575,Baja de póliza,,,,'2021-04-28 13:20:00','2016-11-11 08:38:20','2016-11-11 08:38:20',Resuelto,,
161111-354995,,Incidente importado desde SAC,,Emisión Masivos,Usuario Importador,Telemarketing,,,Solucionado,,,,,HOM1 - SEGURO DEL HOGAR,860059,,1836029,Baja de póliza,,,,'2021-04-28 13:20:00','2016-11-11 08:38:20','2016-11-11 08:38:20',Resuelto,,
161111-354996,,Incidente importado desde SAC,,Emisión Masivos,Usuario Importador,Telemarketing,,,Solucionado,,,,,AUS1 - AUTOMOTORES,860060,,6944900,Propuesta incompleta,,,,'2021-04-28 13:20:00','2016-11-11 08:38:20','2016-11-11 08:38:20',Resuelto,,
161111-354999,,Incidente importado desde SAC,,Emisión Masivos,Usuario Importador,Telemarketing,,,Solucionado,,,,,AUS1 - AUTOMOTORES,860063,,5523653,Cambio de campaña,,,,'2021-04-28 13:20:00','2016-11-11 08:38:21','2016-11-11 08:38:21',Resuelto,,
161111-355001,,Incidente importado desde SAC,,Inspecciones Autos,Usuario Importador,Telemarketing,,,Solucionado,,,,,AUS1 - AUTOMOTORES,860065,,3091946,Inspección por previa DDJJ,,,,'2021-04-28 13:20:00','2016-11-11 08:38:21','2016-11-11 08:38:21',Resuelto,,
161111-355003,,Incidente importado desde SAC,,Emisión Masivos,Usuario Importador,Carta,,,Solucionado,,,,,HOM1 - SEGURO DEL HOGAR,860067,,1941607,No califica,,,,'2021-04-28 13:20:00','2016-11-11 08:38:21','2016-11-11 08:38:21',Resuelto,,
161111-355010,,Incidente importado desde SAC,,Oficina Rosario,Usuario Importador,Telemarketing,,,Solucionado,,,,,APR1 - AUTOMOTORES,860074,,6100898,Daños materiales Rosario,,,,'2021-04-28 13:20:00','2016-11-11 08:38:22','2016-11-11 08:38:22',Resuelto,,
161111-355011,,Incidente importado desde SAC,,Emisión Masivos,Usuario Importador,Telemarketing,,,Solucionado,,,,,AUS1 - AUTOMOTORES,860075,,1730247,No califica,,,,'2021-04-28 13:20:00','2016-11-11 08:38:22','2016-11-11 08:38:22',Resuelto,,
161111-355018,,Incidente importado desde SAC,,Emisión Masivos,Usuario Importador,Telemarketing,,,Solucionado,,,,,HOM1 - SEGURO DEL HOGAR,860082,,1153082,Baja de póliza,,,,'2021-04-28 13:20:00','2016-11-11 08:38:23','2016-11-11 08:38:23',Resuelto,,
161111-355019,,Incidente importado desde SAC,,Inspecciones Autos,Usuario Importador,Telemarketing,,,Solucionado,,,,,AUS1 - AUTOMOTORES,860083,,1947891,Inspección por previa DDJJ,,,,'2021-04-28 13:20:00','2016-11-11 08:38:23','2016-11-11 08:38:23',Resuelto,,
161111-355020,,Incidente importado desde SAC,,Emisión Masivos,Usuario Importador,Telemarketing,,,Solucionado,,,,,HOM1 - SEGURO DEL HOGAR,860084,,3621771,No califica,,,,'2021-04-28 13:20:00','2016-11-11 08:38:23','2016-11-11 08:38:23',Resuelto,,
161111-355021,,Incidente importado desde SAC,,Emisión Masivos,Usuario Importador,Telemarketing,,,Solucionado,,,,,AUS1 - AUTOMOTORES,860085,,5496185,4 cuotas con un descuento del 25 %,,,,'2021-04-28 13:20:00','2016-11-11 08:38:23','2016-11-11 08:38:23',Resuelto,,
161111-355023,,Incidente importado desde SAC,,Emisión Masivos,Usuario Importador,Canal productor,,,Solucionado,,,,,AUS1 - AUTOMOTORES,860087,,7747142,Corrección de propuesta,,,,'2021-04-28 13:20:00','2016-11-11 08:38:23','2016-11-11 08:38:23',Resuelto,,
161111-355024,,Incidente importado desde SAC,,Emisión Masivos,Usuario Importador,Telemarketing,,,Solucionado,,,,,HOM1 - SEGURO DEL HOGAR,860088,,418267,Ampliación de Cobertura con inspección,,,,'2021-04-28 13:20:00','2016-11-11 08:38:23','2016-11-11 08:38:23',Resuelto,,
161111-355026,,Incidente importado desde SAC,,Emisión Masivos,Usuario Importador,Telemarketing,,,Solucionado,,,,,AUS1 - AUTOMOTORES,860090,,3394313,Rechazos/ Reducción de cobertura,,,,'2021-04-28 13:20:00','2016-11-11 08:38:23','2016-11-11 08:38:23',Resuelto,,
161111-355034,,Incidente importado desde SAC,,Inspecciones Autos,Usuario Importador,Telemarketing,,,Solucionado,,,,,AUS1 - AUTOMOTORES,860098,,7746391,Inspección por previa DDJJ,,,,'2021-04-28 13:20:00','2016-11-11 08:38:24','2016-11-11 08:38:24',Resuelto,,
161111-355036,,Incidente importado desde SAC,,Fleet Services,Usuario Importador,Telemarketing,,,Solucionado,,,,,AUT1 - AUTOMOTORES,860100,,3430781,Contacto del tercero,,,,'2021-04-28 13:20:00','2016-11-11 08:38:24','2016-11-11 08:38:24',Resuelto,,
161111-355041,,Incidente importado desde SAC,,Inspecciones Autos,Usuario Importador,Telemarketing,,,Solucionado,,,,,AUS1 - AUTOMOTORES,860105,,7073219,Inspección por previa DDJJ,,,,'2021-04-28 13:20:00','2016-11-11 08:38:24','2016-11-11 08:38:24',Resuelto,,
161111-355048,,Incidente importado desde SAC,,Emisión Masivos,Usuario Importador,Telemarketing,,,Solucionado,,,,,HOM1 - SEGURO DEL HOGAR,860112,,3393053,Corrección de propuesta,,,,'2021-04-28 13:20:00','2016-11-11 08:38:25','2016-11-11 08:38:25',No Procedente,,
161111-355051,,Incidente importado desde SAC,,Pago Telefonico,Usuario Importador,Telemarketing,,,Solucionado,,,,,ICO1 - INTEGR.COMERCIO,860115,,7560496,Pago telefónico,,,,'2021-04-28 13:20:00','2016-11-11 08:38:25','2016-11-11 08:38:25',Resuelto,,
161111-355056,,Incidente importado desde SAC,,Emisión Masivos,Usuario Importador,Telemarketing,,,Solucionado,,,,,AUS1 - AUTOMOTORES,860120,,3387080,Rechazos/ Reducción de cobertura,,,,'2021-04-28 13:20:00','2016-11-11 08:38:26','2016-11-11 08:38:26',Resuelto,,
161111-355058,,Incidente importado desde SAC,,Cobranzas Automático,Usuario Importador,Especialistas,,,Solucionado,,,,,AUS1 - AUTOMOTORES,860122,,5240193,Baja de póliza,,,,'2021-04-28 13:20:00','2016-11-11 08:38:26','2016-11-11 08:38:26',Resuelto,,
161111-355060,,Incidente importado desde SAC,,Emisión Masivos,Usuario Importador,Telemarketing,,,Solucionado,,,,,AUS1 - AUTOMOTORES,860124,,184377,Excepción comercial altas,,,,'2021-04-28 13:20:00','2016-11-11 08:38:26','2016-11-11 08:38:26',Resuelto,,
161111-355061,,Incidente importado desde SAC,,Emisión Masivos,Usuario Importador,Telemarketing,,,Solucionado,,,,,HOM1 - SEGURO DEL HOGAR,860125,,4441675,Alta de póliza con inspección,,,,'2021-04-28 13:20:00','2016-11-11 08:38:26','2016-11-11 08:38:26',Resuelto,,
161111-355065,,Incidente importado desde SAC,,Emisión Masivos,Usuario Importador,Telemarketing,,,Solucionado,,,,,HOM1 - SEGURO DEL HOGAR,860129,,237289,Propuesta incompleta,,,,'2021-04-28 13:20:00','2016-11-11 08:38:26','2016-11-11 08:38:26',Resuelto,,
161111-355066,,Incidente importado desde SAC,,Mailing,Usuario Importador,Telemarketing,,,Solucionado,,,,,AUS1 - AUTOMOTORES,860130,,5702388,Certificado de cobertura,,,,'2021-04-28 13:20:00','2016-11-11 08:38:26','2016-11-11 08:38:26',Resuelto,,
161111-355072,,Incidente importado desde SAC,,Emisión Masivos,Usuario Importador,Telemarketing,,,Solucionado,,,,,HOM1 - SEGURO DEL HOGAR,860136,,4046899,Ampliación de Cobertura con inspección,,,,'2021-04-28 13:20:00','2016-11-11 08:38:27','2016-11-11 08:38:27',Resuelto,,
161111-355074,,Incidente importado desde SAC,,Emisión Masivos,Usuario Importador,Telemarketing,,,Solucionado,,,,,AUS1 - AUTOMOTORES,860138,,5320835,No califica,,,,'2021-04-28 13:20:00','2016-11-11 08:38:28','2016-11-11 08:38:28',Resuelto,,
161111-355079,,Incidente importado desde SAC,,Emisión Masivos,Usuario Importador,Telemarketing,,,Solucionado,,,,,AUS1 - AUTOMOTORES,860143,,3398497,Baja de póliza,,,,'2021-04-28 13:20:00','2016-11-11 08:38:29','2016-11-11 08:38:29',Resuelto,,
161111-355082,,Incidente importado desde SAC,,,Usuario Importador,Telemarketing,,,Solucionado,,,,,AUS1 - AUTOMOTORES,860146,,7188147,Cliente para retención,,,,'2021-04-28 13:20:00','2016-11-11 08:38:29','2016-11-11 08:38:29',Atendido,,
161111-355083,,Incidente importado desde SAC,,Riesgos Varios Casa Central,Usuario Importador,Telemarketing,,,Solucionado,,,,,HOM1 - SEGURO DEL HOGAR,860147,,1753446,Riesgos Varios Casa Central,,,,'2021-04-28 13:20:00','2016-11-11 08:38:29','2016-11-11 08:38:29',Resuelto,,
161111-355089,,Incidente importado desde SAC,,Inspecciones Autos,Usuario Importador,Telemarketing,,,Solucionado,,,,,AUS1 - AUTOMOTORES,860153,,993222,Inspección por previa,,,,'2021-04-28 13:20:00','2016-11-11 08:38:31','2016-11-11 08:38:31',Resuelto,,
161111-355091,,Incidente importado desde SAC,,Emisión Masivos,Usuario Importador,Telemarketing,,,Solucionado,,,,,AUI1 - AUTOMOTORES INSTITUCIONES,860155,,2678978,No califica,,,,'2021-04-28 13:20:00','2016-11-11 08:38:31','2016-11-11 08:38:31',Resuelto,,
161111-355097,,Incidente importado desde SAC,,Emisión Masivos,Usuario Importador,Telemarketing,,,Solucionado,,,,,AUS1 - AUTOMOTORES,860161,,4140053,Modificaciones scoring,,,,'2021-04-28 13:20:00','2016-11-11 08:38:32','2016-11-11 08:38:32',Resuelto,,
161111-355098,,Incidente importado desde SAC,,Mailing,Usuario Importador,Carta Documento,,,Solucionado,,,,,AUS1 - AUTOMOTORES,860162,,160551,Certificado de cobertura,,,,'2021-04-28 13:20:00','2016-11-11 08:38:32','2016-11-11 08:38:32',Resuelto,,
161111-355099,,Incidente importado desde SAC,,Cac,Usuario Importador,Telemarketing,,,Solucionado,,,,,APR1 - AUTOMOTORES,860163,,3412594,Endosos CAC,,,,'2021-04-28 13:20:00','2016-11-11 08:38:32','2016-11-11 08:38:32',Resuelto,,
161111-355104,,Incidente importado desde SAC,,Drive in San Isidro,Usuario Importador,Telemarketing,,,Solucionado,,,,,APL1 - AUTOMOTORES PLANES,860168,,1225034,Daños materiales drive in San Isidro,,,,'2021-04-28 13:20:00','2016-11-11 08:38:32','2016-11-11 08:38:32',Resuelto,,
161111-355110,,Incidente importado desde SAC,,Emisión Masivos,Usuario Importador,Telemarketing,,,Solucionado,,,,,AUS1 - AUTOMOTORES,860174,,3320334,No califica,,,,'2021-04-28 13:20:00','2016-11-11 08:38:33','2016-11-11 08:38:33',Resuelto,,
161111-355111,,Incidente importado desde SAC,,Emisión Masivos,Usuario Importador,Telemarketing,,,Solucionado,,,,,HOM1 - SEGURO DEL HOGAR,860175,,3135391,Propuesta incompleta,,,,'2021-04-28 13:20:00','2016-11-11 08:38:33','2016-11-11 08:38:33',Resuelto,,
161111-355113,,Incidente importado desde SAC,,Fleet Services,Usuario Importador,Telemarketing,,,Solucionado,,,,,APR1 - AUTOMOTORES,860177,,5277109,Contacto del tercero,,,,'2021-04-28 13:20:00','2016-11-11 08:38:33','2016-11-11 08:38:33',Resuelto,,
161111-355126,,Incidente importado desde SAC,,Emisión Masivos,Usuario Importador,Carta,,,Solucionado,,,,,AUS1 - AUTOMOTORES,860190,,3324747,No califica,,,,'2021-04-28 13:20:00','2016-11-11 08:38:34','2016-11-11 08:38:34',Resuelto,,
161111-355128,,Incidente importado desde SAC,,Emisión Masivos,Usuario Importador,Telemarketing,,,Solucionado,,,,,HOM1 - SEGURO DEL HOGAR,860192,,744961,Ampliación de Cobertura con inspección,,,,'2021-04-28 13:20:00','2016-11-11 08:38:34','2016-11-11 08:38:34',Resuelto,,
161111-355131,,Incidente importado desde SAC,,Fleet Services,Usuario Importador,Telemarketing,,,Solucionado,,,,,AUA1 - AUTOMOTORES CARTERA GENERAL,860195,,1358508,Contacto del tercero,,,,'2021-04-28 13:20:00','2016-11-11 08:38:34','2016-11-11 08:38:34',Resuelto,,
161111-355137,,Incidente importado desde SAC,,Lesiones,Usuario Importador,Telemarketing,,,Solucionado,,,,,AUS1 - AUTOMOTORES,860201,,1756283,Tercero lesionado,,,,'2021-04-28 13:20:00','2016-11-11 08:38:35','2016-11-11 08:38:35',Resuelto,,
161111-355140,,Incidente importado desde SAC,,Emisión Masivos,Usuario Importador,Telemarketing,,,Solucionado,,,,,AUS1 - AUTOMOTORES,860204,,1831609,Baja de póliza,,,,'2021-04-28 13:20:00','2016-11-11 08:38:35','2016-11-11 08:38:35',Resuelto,,
161111-355147,,Incidente importado desde SAC,,Emisión Masivos,Usuario Importador,Carta,,,Solucionado,,,,,AUS1 - AUTOMOTORES,860211,,2621442,Modificación datos personales,,,,'2021-04-28 13:20:00','2016-11-11 08:38:35','2016-11-11 08:38:35',Resuelto,,
161111-355153,,Incidente importado desde SAC,,,Usuario Importador,Telemarketing,,,Solucionado,,,,,AUS1 - AUTOMOTORES,860217,,6064254,Cliente para retención,,,,'2021-04-28 13:20:00','2016-11-11 08:38:36','2016-11-11 08:38:36',Atendido,,
161111-355155,,Incidente importado desde SAC,,Emisión Masivos,Usuario Importador,Telemarketing,,,Solucionado,,,,,HOM1 - SEGURO DEL HOGAR,860219,,5877470,Ampliación de Cobertura con inspección,,,,'2021-04-28 13:20:00','2016-11-11 08:38:36','2016-11-11 08:38:36',Resuelto,,
161111-355156,,Incidente importado desde SAC,,Cac,Usuario Importador,Telemarketing,,,Solucionado,,,,,APR1 - AUTOMOTORES,860220,,3493895,Daños materiales Casa Central,,,,'2021-04-28 13:20:00','2016-11-11 08:38:36','2016-11-11 08:38:36',Anulado,,
161111-355158,,Incidente importado desde SAC,,Cobranzas Automático,Usuario Importador,Telemarketing,,,Solucionado,,,,,AUS1 - AUTOMOTORES,860222,,2776028,Reintegro - Automático,,,,'2021-04-28 13:20:00','2016-11-11 08:38:36','2016-11-11 08:38:36',Resuelto,,
161111-355159,,Incidente importado desde SAC,,Emisión Masivos,Usuario Importador,Telemarketing,,,Solucionado,,,,,AUS1 - AUTOMOTORES,860223,,3215658,Rechazos/ Reducción de cobertura,,,,'2021-04-28 13:20:00','2016-11-11 08:38:36','2016-11-11 08:38:36',Resuelto,,
161111-355162,,Incidente importado desde SAC,,Emisión Masivos,Usuario Importador,Telemarketing,,,Solucionado,,,,,AUS1 - AUTOMOTORES,860226,,2967920,Baja de póliza,,,,'2021-04-28 13:20:00','2016-11-11 08:38:36','2016-11-11 08:38:36',Resuelto,,
161111-355164,,Incidente importado desde SAC,,Oficina Mendoza,Usuario Importador,Telemarketing,,,Solucionado,,,,,AUS1 - AUTOMOTORES,860228,,180673,Daños materiales Casa Central,,,,'2021-04-28 13:20:00','2016-11-11 08:38:36','2016-11-11 08:38:36',Resuelto,,
161111-355166,,Incidente importado desde SAC,,Emisión Masivos,Usuario Importador,Telemarketing,,,Solucionado,,,,,AUS1 - AUTOMOTORES,860230,,4307801,Baja de póliza,,,,'2021-04-28 13:20:00','2016-11-11 08:38:37','2016-11-11 08:38:37',Resuelto,,
161111-355169,,Incidente importado desde SAC,,Inspecciones Autos,Usuario Importador,Telemarketing,,,Solucionado,,,,,AUS1 - AUTOMOTORES,860233,,1835672,Inspección por previa DDJJ,,,,'2021-04-28 13:20:00','2016-11-11 08:38:37','2016-11-11 08:38:37',Resuelto,,
161111-355174,,Incidente importado desde SAC,,Emisión Masivos,Usuario Importador,Telemarketing,,,Solucionado,,,,,HOM1 - SEGURO DEL HOGAR,860238,,5258844,Propuesta incompleta,,,,'2021-04-28 13:20:00','2016-11-11 08:38:37','2016-11-11 08:38:37',Resuelto,,
161111-355175,,Incidente importado desde SAC,,Emisión Masivos,Usuario Importador,Comercial,,,Solucionado,,,,,AUS1 - AUTOMOTORES,860239,,4193807,Inspección por previa,,,,'2021-04-28 13:20:00','2016-11-11 08:38:37','2016-11-11 08:38:37',Resuelto,,
161111-355178,,Incidente importado desde SAC,,Drive in Ciudadela,Usuario Importador,Telemarketing,,,Solucionado,,,,,APR1 - AUTOMOTORES,860242,,5184252,Inspección por siniestros,,,,'2021-04-28 13:20:00','2016-11-11 08:38:38','2016-11-11 08:38:38',Resuelto,,
161111-355181,,Incidente importado desde SAC,,Emisión Masivos,Usuario Importador,Telemarketing,,,Solucionado,,,,,HOM1 - SEGURO DEL HOGAR,860245,,6067450,Baja de póliza,,,,'2021-04-28 13:20:00','2016-11-11 08:38:38','2016-11-11 08:38:38',Resuelto,,
161111-355183,,Incidente importado desde SAC,,,Usuario Importador,Telemarketing,,,Solucionado,,,,,AUS1 - AUTOMOTORES,860247,,6179102,Cliente para retención,,,,'2021-04-28 13:20:00','2016-11-11 08:38:38','2016-11-11 08:38:38',Atendido,,
161111-355185,,Incidente importado desde SAC,,Emisión Masivos,Usuario Importador,Carta,,,Solucionado,,,,,AUS1 - AUTOMOTORES,860249,,1779612,No califica,,,,'2021-04-28 13:20:00','2016-11-11 08:38:38','2016-11-11 08:38:38',Resuelto,,
161111-355189,,Incidente importado desde SAC,,Emisión Masivos,Usuario Importador,Telemarketing,,,Solucionado,,,,,AUS1 - AUTOMOTORES,860253,,3936279,No califica,,,,'2021-04-28 13:20:00','2016-11-11 08:38:38','2016-11-11 08:38:38',Resuelto,,
161111-355191,,Incidente importado desde SAC,,Daños Materiales Autos,Usuario Importador,Telemarketing,,,Solucionado,,,,,AUS1 - AUTOMOTORES,860255,,3929319,Inspección por siniestros,,,,'2021-04-28 13:20:00','2016-11-11 08:38:38','2016-11-11 08:38:38',Resuelto,,
161111-355196,,Incidente importado desde SAC,,Drive in Lanus,Usuario Importador,Telemarketing,,,Solucionado,,,,,APL1 - AUTOMOTORES PLANES,860260,,6635362,Daños materiales Casa Central,,,,'2021-04-28 13:20:00','2016-11-11 08:38:39','2016-11-11 08:38:39',Resuelto,,
161111-355197,,Incidente importado desde SAC,,Emisión Masivos,Usuario Importador,Telemarketing,,,Solucionado,,,,,AUS1 - AUTOMOTORES,860261,,4548952,Baja de póliza,,,,'2021-04-28 13:20:00','2016-11-11 08:38:39','2016-11-11 08:38:39',Resuelto,,
161111-355201,,Incidente importado desde SAC,,Emisión Cartera Gral.,Usuario Importador,Telemarketing,,,Solucionado,,,,,AUA1 - AUTOMOTORES CARTERA GENERAL,860265,,5314290,Venta trailer,,,,'2021-04-28 13:20:00','2016-11-11 08:38:39','2016-11-11 08:38:39',Resuelto,,
161111-355202,,Incidente importado desde SAC,,Emisión Masivos,Usuario Importador,Telemarketing,,,Solucionado,,,,,AUS1 - AUTOMOTORES,860266,,3367005,Rechazos/ Reducción de cobertura,,,,'2021-04-28 13:20:00','2016-11-11 08:38:39','2016-11-11 08:38:39',Resuelto,,
161111-355203,,Incidente importado desde SAC,,Emisión Masivos,Usuario Importador,Telemarketing,,,Solucionado,,,,,AUS1 - AUTOMOTORES,860267,,5180600,Baja de póliza,,,,'2021-04-28 13:20:00','2016-11-11 08:38:39','2016-11-11 08:38:39',Resuelto,,
161111-355205,,Incidente importado desde SAC,,Emisión Masivos,Usuario Importador,Telemarketing,,,Solucionado,,,,,HOM1 - SEGURO DEL HOGAR,860269,,7473586,Rehabilitación de póliza sin Inspección,,,,'2021-04-28 13:20:00','2016-11-11 08:38:39','2016-11-11 08:38:39',Resuelto,,
161111-355207,,Incidente importado desde SAC,,Emisión Masivos,Usuario Importador,Telemarketing,,,Solucionado,,,,,HOM1 - SEGURO DEL HOGAR,860271,,181142,Propuesta incompleta,,,,'2021-04-28 13:20:00','2016-11-11 08:38:40','2016-11-11 08:38:40',Resuelto,,
161111-355209,,Incidente importado desde SAC,,,Usuario Importador,Telemarketing,,,Solucionado,,,,,AUS1 - AUTOMOTORES,860273,,5209899,Daños materiales Cordoba,,,,'2021-04-28 13:20:00','2016-11-11 08:38:41','2016-11-11 08:38:41',Resuelto,,
161111-355211,,Incidente importado desde SAC,,Daños Materiales Autos,Usuario Importador,Telemarketing,,,Solucionado,,,,,APR1 - AUTOMOTORES,860275,,2390858,Inspección por siniestros,,,,'2021-04-28 13:20:00','2016-11-11 08:38:41','2016-11-11 08:38:41',Resuelto,,
161111-355212,,Incidente importado desde SAC,,Inspecciones Autos,Usuario Importador,Telemarketing,,,Solucionado,,,,,AUS1 - AUTOMOTORES,860276,,5156467,Inspección por previa DDJJ,,,,'2021-04-28 13:20:00','2016-11-11 08:38:41','2016-11-11 08:38:41',Resuelto,,
161111-355224,,Incidente importado desde SAC,,Emisión Masivos,Usuario Importador,Telemarketing,,,Solucionado,,,,,APR1 - AUTOMOTORES,860287,,6818548,Ampliación de Cobertura con inspección,,,,'2021-04-28 13:20:00','2016-11-11 08:38:43','2016-11-11 08:38:43',Resuelto,,
161111-355227,,Incidente importado desde SAC,,Emisión Masivos,Usuario Importador,Carta,,,Solucionado,,,,,AUS1 - AUTOMOTORES,860290,,6205810,Reducción de cobertura,,,,'2021-04-28 13:20:00','2016-11-11 08:38:44','2016-11-11 08:38:44',Resuelto,,
161111-355229,,Incidente importado desde SAC,,Emisión Masivos,Usuario Importador,Telemarketing,,,Solucionado,,,,,HOM1 - SEGURO DEL HOGAR,860291,,3396457,Baja de póliza,,,,'2021-04-28 13:20:00','2016-11-11 08:38:44','2016-11-11 08:38:44',Resuelto,,
161111-355238,,Incidente importado desde SAC,,Daños Materiales Autos,Usuario Importador,Telemarketing,,,Solucionado,,,,,AUA1 - AUTOMOTORES CARTERA GENERAL,860300,,4461110,Inspección por siniestros,,,,'2021-04-28 13:20:00','2016-11-11 08:38:44','2016-11-11 08:38:44',Resuelto,,
161111-355242,,Incidente importado desde SAC,,Emisión Masivos,Usuario Importador,Telemarketing,,,Solucionado,,,,,AUS1 - AUTOMOTORES,860304,,3426982,Ampliación de Cobertura con inspección,,,,'2021-04-28 13:20:00','2016-11-11 08:38:45','2016-11-11 08:38:45',Resuelto,,
161111-355249,,Incidente importado desde SAC,,Cobranzas Efectivo,Usuario Importador,Telemarketing,,,Solucionado,,,,,AUS1 - AUTOMOTORES,860311,,1404176,Inspección por previa,,,,'2021-04-28 13:20:00','2016-11-11 08:38:45','2016-11-11 08:38:45',Resuelto,,
161111-355250,,Incidente importado desde SAC,,Emisión Masivos,Usuario Importador,Telemarketing,,,Solucionado,,,,,AUS1 - AUTOMOTORES,860312,,2855827,Rechazos/ Reducción de cobertura,,,,'2021-04-28 13:20:00','2016-11-11 08:38:45','2016-11-11 08:38:45',Resuelto,,
161111-351245,,,,Pago Telefonico,Jimena Mendez,Llamada Saliente,,,Solucionado,,,4839,,AUS1 - AUTOMOTORES,860315,,7771697,Pago telefónico,,,,'2021-04-28 13:20:00','2016-11-11 08:38:45','2016-11-15 10:22:39',Resuelto,,
161111-355257,,Incidente importado desde SAC,,Emisión Masivos,Usuario Importador,Comercial,,,Solucionado,,,,,AUS1 - AUTOMOTORES,860320,,4482161,Referidos,,,,'2021-04-28 13:20:00','2016-11-11 08:38:45','2016-11-11 08:38:45',Resuelto,,
161111-355262,,Incidente importado desde SAC,,Juicios / mediaciones daños,Usuario Importador,Telemarketing,,,Solucionado,,,,,AUS1 - AUTOMOTORES,860325,,1373797,Tercero lesionado,,,,'2021-04-28 13:20:00','2016-11-11 08:38:46','2016-11-11 08:38:46',Resuelto,,
161111-355263,,Incidente importado desde SAC,,Riesgos Varios Casa Central,Usuario Importador,Telemarketing,,,Solucionado,,,,,HOM1 - SEGURO DEL HOGAR,860326,,7254831,Riesgos Varios Casa Central,,,,'2021-04-28 13:20:00','2016-11-11 08:38:46','2016-11-11 08:38:46',Resuelto,,
161111-355265,,Incidente importado desde SAC,,,Usuario Importador,Telemarketing,,,Solucionado,,,,,AUS1 - AUTOMOTORES,860328,,4469200,Cliente para retención,,,,'2021-04-28 13:20:00','2016-11-11 08:38:46','2016-11-11 08:38:46',Atendido,,
161111-355267,,Incidente importado desde SAC,,Telecobranzas,Usuario Importador,Telemarketing,,,Solucionado,,,,,HOM1 - SEGURO DEL HOGAR,860330,,1116082,Mensaje,,,,'2021-04-28 13:20:00','2016-11-11 08:38:46','2016-11-11 08:38:46',Atendido,,
161111-355271,,Incidente importado desde SAC,,Emisión Masivos,Usuario Importador,Telemarketing,,,Solucionado,,,,,AUS1 - AUTOMOTORES,860334,,6930088,Propuesta incompleta,,,,'2021-04-28 13:20:00','2016-11-11 08:38:47','2016-11-11 08:38:47',Resuelto,,
161111-355273,,Incidente importado desde SAC,,Emisión Masivos,Usuario Importador,Telemarketing,,,Solucionado,,,,,AUS1 - AUTOMOTORES,860336,,3133895,4 cuotas con un descuento del 25 %,,,,'2021-04-28 13:20:00','2016-11-11 08:38:47','2016-11-11 08:38:47',Resuelto,,
161111-355281,,Incidente importado desde SAC,,Emisión Masivos,Usuario Importador,Telemarketing,,,Solucionado,,,,,HOM1 - SEGURO DEL HOGAR,860344,,7375045,Baja de póliza,,,,'2021-04-28 13:20:00','2016-11-11 08:38:47','2016-11-11 08:38:47',Resuelto,,
161111-355285,,Incidente importado desde SAC,,Gerencia Clientes,Usuario Importador,Telemarketing,,,Solucionado,,,,,HOM1 - SEGURO DEL HOGAR,860348,,6724948,No califica,,,,'2021-04-28 13:20:00','2016-11-11 08:38:48','2016-11-11 08:38:48',No Procedente,,
161111-355288,,Incidente importado desde SAC,,Cac,Usuario Importador,Telemarketing,,,Solucionado,,,,,HOM1 - SEGURO DEL HOGAR,860351,,6827633,No califica,,,,'2021-04-28 13:20:00','2016-11-11 08:38:48','2016-11-11 08:38:48',Resuelto,,
161111-355290,,Incidente importado desde SAC,,Lesiones,Usuario Importador,Telemarketing,,,Solucionado,,,,,AUS1 - AUTOMOTORES,860353,,5849440,Denuncia Lesiones,,,,'2021-04-28 13:20:00','2016-11-11 08:38:48','2016-11-11 08:38:48',Resuelto,,
161111-355293,,Incidente importado desde SAC,,Emisión Cartera Gral.,Usuario Importador,Carta Documento,,,Solucionado,,,,,HOC1 - SEGURO DEL HOGAR,860356,,5584926,Alta de póliza con inspección,,,,'2021-04-28 13:20:00','2016-11-11 08:38:48','2016-11-11 08:38:48',Resuelto,,
161111-355295,,Incidente importado desde SAC,,Emisión Masivos,Usuario Importador,Telemarketing,,,Solucionado,,,,,AUS1 - AUTOMOTORES,860358,,3415333,Inspección por previa,,,,'2021-04-28 13:20:00','2016-11-11 08:38:48','2016-11-11 08:38:48',Resuelto,,
161111-355296,,Incidente importado desde SAC,,Emisión Masivos,Usuario Importador,Telemarketing,,,Solucionado,,,,,AUS1 - AUTOMOTORES,860359,,6501424,Modificación datos personales,,,,'2021-04-28 13:20:00','2016-11-11 08:38:48','2016-11-11 08:38:48',Resuelto,,
161111-355303,,Incidente importado desde SAC,,Emisión Masivos,Usuario Importador,Telemarketing,,,Solucionado,,,,,HOM1 - SEGURO DEL HOGAR,860366,,2374742,Propuesta incompleta,,,,'2021-04-28 13:20:00','2016-11-11 08:38:49','2016-11-11 08:38:49',Resuelto,,
161111-355307,,Incidente importado desde SAC,,Drive in Centro,Usuario Importador,Telemarketing,,,Solucionado,,,,,AUS1 - AUTOMOTORES,860370,,6612714,Daños materiales drive In Centro,,,,'2021-04-28 13:20:00','2016-11-11 08:38:49','2016-11-11 08:38:49',Resuelto,,
161111-355314,,Incidente importado desde SAC,,Emisión Masivos,Usuario Importador,Telemarketing,,,Solucionado,,,,,HOM1 - SEGURO DEL HOGAR,860377,,3396858,Modificación datos de hogar sin inspección,,,,'2021-04-28 13:20:00','2016-11-11 08:38:50','2016-11-11 08:38:50',Resuelto,,
161111-355321,,Incidente importado desde SAC,,,Usuario Importador,Telemarketing,,,Solucionado,,,,,AUS1 - AUTOMOTORES,860384,,2343549,Cliente para retención,,,,'2021-04-28 13:20:00','2016-11-11 08:38:51','2016-11-11 08:38:51',Atendido,,
161111-355322,,Incidente importado desde SAC,,Riesgos Varios Casa Central,Usuario Importador,Telemarketing,,,Solucionado,,,,,HOM1 - SEGURO DEL HOGAR,860385,,6895192,Riesgos Varios Casa Central,,,,'2021-04-28 13:20:00','2016-11-11 08:38:51','2016-11-11 08:38:51',Resuelto,,
161111-355325,,Incidente importado desde SAC,,Inspecciones Autos,Usuario Importador,Telemarketing,,,Solucionado,,,,,AUS1 - AUTOMOTORES,860388,,2535570,Inspección por previa DDJJ,,,,'2021-04-28 13:20:00','2016-11-11 08:38:51','2016-11-11 08:38:51',Resuelto,,
161111-355329,,Incidente importado desde SAC,,Emisión Cartera Gral.,Usuario Importador,Telemarketing,,,Solucionado,,,,,AUA1 - AUTOMOTORES CARTERA GENERAL,860392,,3448403,Venta trailer,,,,'2021-04-28 13:20:00','2016-11-11 08:38:51','2016-11-11 08:38:51',Resuelto,,
161111-355331,,Incidente importado desde SAC,,Emisión Masivos,Usuario Importador,Telemarketing,,,Solucionado,,,,,AUS1 - AUTOMOTORES,860394,,4775278,No califica,,,,'2021-04-28 13:20:00','2016-11-11 08:38:51','2016-11-11 08:38:51',Resuelto,,
161111-355333,,Incidente importado desde SAC,,Inspecciones Autos,Usuario Importador,Telemarketing,,,Solucionado,,,,,AUS1 - AUTOMOTORES,860396,,623482,Inspección por previa DDJJ,,,,'2021-04-28 13:20:00','2016-11-11 08:38:52','2016-11-11 08:38:52',Resuelto,,
161111-355334,,Incidente importado desde SAC,,Drive in Lanus,Usuario Importador,Telemarketing,,,Solucionado,,,,,APL1 - AUTOMOTORES PLANES,860397,,3661927,Inspección por siniestros,,,,'2021-04-28 13:20:00','2016-11-11 08:38:52','2016-11-11 08:38:52',Resuelto,,
161111-355335,,Incidente importado desde SAC,,,Usuario Importador,Telemarketing,,,Solucionado,,,,,AUS1 - AUTOMOTORES,860398,,3186247,Cliente para retención,,,,'2021-04-28 13:20:00','2016-11-11 08:38:52','2016-11-11 08:38:52',Atendido,,
161111-355337,,Incidente importado desde SAC,,Telemarketing,Usuario Importador,Carta,,,Solucionado,,,,,AUS1 - AUTOMOTORES,860400,,1158964,Excepción comercial vigente,,,,'2021-04-28 13:20:00','2016-11-11 08:38:52','2016-11-11 08:38:52',Resuelto,,
161111-355340,,Incidente importado desde SAC,,Emisión Masivos,Usuario Importador,Carta Documento,,,Solucionado,,,,,AUS1 - AUTOMOTORES,860403,,367220,Modificaciones datos del producto,,,,'2021-04-28 13:20:00','2016-11-11 08:38:52','2016-11-11 08:38:52',Resuelto,,
161111-355346,,Incidente importado desde SAC,,,Usuario Importador,Telemarketing,,,Solucionado,,,,,AUS1 - AUTOMOTORES,860409,,460841,Cliente para retención,,,,'2021-04-28 13:20:00','2016-11-11 08:38:53','2016-11-11 08:38:53',Atendido,,
161111-355347,,Incidente importado desde SAC,,Gerencia Venta Directa,Usuario Importador,Comercial,,,Solucionado,,,,,AUS1 - AUTOMOTORES,860410,,3410388,Excepción comercial altas,,,,'2021-04-28 13:20:00','2016-11-11 08:38:53','2016-11-11 08:38:53',Resuelto,,
161111-355361,,Incidente importado desde SAC,,Emisión Masivos,Usuario Importador,Telemarketing,,,Solucionado,,,,,HOM1 - SEGURO DEL HOGAR,860424,,3093226,Baja de póliza,,,,'2021-04-28 13:20:00','2016-11-11 08:38:54','2016-11-11 08:38:54',Resuelto,,
161111-355362,,Incidente importado desde SAC,,Gerencia Clientes,Usuario Importador,Telemarketing,,,Solucionado,,,,,AUS1 - AUTOMOTORES,860425,,6837661,Felicitaciones,,,,'2021-04-28 13:20:00','2016-11-11 08:38:54','2016-11-11 08:38:54',Resuelto,,
161111-355369,,Incidente importado desde SAC,,Emisión Masivos,Usuario Importador,Especialistas,,,Solucionado,,,,,HOM1 - SEGURO DEL HOGAR,860431,,2321575,,,,,'2021-04-28 13:20:00','2016-11-11 08:38:56','2016-11-11 08:38:56',Resuelto,,
161111-355375,,Incidente importado desde SAC,,Emisión Masivos,Usuario Importador,Comercial,,,Solucionado,,,,,AUS1 - AUTOMOTORES,860437,,1328719,,,,,'2021-04-28 13:20:00','2016-11-11 08:38:57','2016-11-11 08:38:57',Resuelto,,
161111-355376,,Incidente importado desde SAC,,Emisión Masivos,Usuario Importador,Telemarketing,,,Solucionado,,,,,HOM1 - SEGURO DEL HOGAR,860438,,6172670,Baja de póliza,,,,'2021-04-28 13:20:00','2016-11-11 08:38:57','2016-11-11 08:38:57',Resuelto,,
161111-355378,,Incidente importado desde SAC,,Prestadores,Usuario Importador,Telemarketing,,,Solucionado,,,,,AUS1 - AUTOMOTORES,860440,,6739438,,,,,'2021-04-28 13:20:00','2016-11-11 08:38:57','2016-11-11 08:38:57',Resuelto,,
161111-355380,,Incidente importado desde SAC,,Emisión Masivos,Usuario Importador,Telemarketing,,,Solucionado,,,,,HOM1 - SEGURO DEL HOGAR,860442,,4396041,Baja de póliza,,,,'2021-04-28 13:20:00','2016-11-11 08:38:57','2016-11-11 08:38:57',Resuelto,,
161111-355382,,Incidente importado desde SAC,,Cac,Usuario Importador,Telemarketing,,,Solucionado,,,,,HOM1 - SEGURO DEL HOGAR,860444,,6111702,Endosos CAC,,,,'2021-04-28 13:20:00','2016-11-11 08:38:57','2016-11-11 08:38:57',Resuelto,,
161111-355383,,Incidente importado desde SAC,,Emisión Masivos,Usuario Importador,Telemarketing,,,Solucionado,,,,,HOM1 - SEGURO DEL HOGAR,860445,,5635184,Baja de póliza,,,,'2021-04-28 13:20:00','2016-11-11 08:38:57','2016-11-11 08:38:57',Resuelto,,
161111-355385,,Incidente importado desde SAC,,,Usuario Importador,Telemarketing,,,Solucionado,,,,,AUS1 - AUTOMOTORES,860447,,3950175,Cliente para retención,,,,'2021-04-28 13:20:00','2016-11-11 08:38:57','2016-11-11 08:38:57',Atendido,,
161111-355386,,Incidente importado desde SAC,,Emisión Masivos,Usuario Importador,Carta Documento,,,Solucionado,,,,,AUS1 - AUTOMOTORES,860448,,1367710,Reducción de cobertura,,,,'2021-04-28 13:20:00','2016-11-11 08:38:57','2016-11-11 08:38:57',Resuelto,,
161111-355387,,Incidente importado desde SAC,,Drive in Centro,Usuario Importador,Telemarketing,,,Solucionado,,,,,AUS1 - AUTOMOTORES,860449,,3520276,Daños materiales Casa Central,,,,'2021-04-28 13:20:00','2016-11-11 08:38:58','2016-11-11 08:38:58',Resuelto,,
161111-355390,,Incidente importado desde SAC,,,Usuario Importador,Telemarketing,,,Solucionado,,,,,AUS1 - AUTOMOTORES,860452,,519949,Cliente para retención,,,,'2021-04-28 13:20:00','2016-11-11 08:38:58','2016-11-11 08:38:58',Atendido,,
161111-355391,,Incidente importado desde SAC,,Mailing,Usuario Importador,Telemarketing,,,Solucionado,,,,,AUS1 - AUTOMOTORES,860453,,828518,Certificado de cobertura,,,,'2021-04-28 13:20:00','2016-11-11 08:38:58','2016-11-11 08:38:58',Atendido,,
161111-355394,,Incidente importado desde SAC,,Gerencia Venta Directa,Usuario Importador,Especialistas,,,Solucionado,,,,,AUS1 - AUTOMOTORES,860456,,2195669,Excepción comercial vigente,,,,'2021-04-28 13:20:00','2016-11-11 08:38:59','2016-11-11 08:38:59',Resuelto,,
161111-355395,,Incidente importado desde SAC,,Emisión Masivos,Usuario Importador,Telemarketing,,,Solucionado,,,,,AUS1 - AUTOMOTORES,860457,,4553102,Cambio de campaña,,,,'2021-04-28 13:20:00','2016-11-11 08:38:59','2016-11-11 08:38:59',Resuelto,,
161111-355396,,Incidente importado desde SAC,,Emisión Masivos,Usuario Importador,Telemarketing,,,Solucionado,,,,,AUS1 - AUTOMOTORES,860458,,2376974,4 cuotas con un descuento del 25 %,,,,'2021-04-28 13:20:00','2016-11-11 08:38:59','2016-11-11 08:38:59',Resuelto,,
161111-355397,,Incidente importado desde SAC,,Oficina Mar del Plata,Usuario Importador,Telemarketing,,,Solucionado,,,,,APR1 - AUTOMOTORES,860459,,3430262,Daños materiales Mar del Plata,,,,'2021-04-28 13:20:00','2016-11-11 08:38:59','2016-11-11 08:38:59',Resuelto,,
161111-355401,,Incidente importado desde SAC,,Emisión Masivos,Usuario Importador,Llamada entrante,,,Solucionado,,,,,APL1 - AUTOMOTORES PLANES,860463,,6823011,Inclusión de GNC,,,,'2021-04-28 13:20:00','2016-11-11 08:38:59','2016-11-11 08:38:59',Resuelto,,
161111-355406,,Incidente importado desde SAC,,Inspecciones Autos,Usuario Importador,Telemarketing,,,Solucionado,,,,,AUS1 - AUTOMOTORES,860468,,4524123,Inspección por previa DDJJ,,,,'2021-04-28 13:20:00','2016-11-11 08:39:00','2016-11-11 08:39:00',Resuelto,,
161111-355408,,Incidente importado desde SAC,,Emisión Masivos,Usuario Importador,Telemarketing,,,Solucionado,,,,,HOM1 - SEGURO DEL HOGAR,860470,,673401,Rehabilitación de póliza sin Inspección,,,,'2021-04-28 13:20:00','2016-11-11 08:39:00','2016-11-11 08:39:00',Resuelto,,
161111-355409,,Incidente importado desde SAC,,Inspecciones Autos,Usuario Importador,Telemarketing,,,Solucionado,,,,,AUS1 - AUTOMOTORES,860471,,5318793,Inspección por previa DDJJ,,,,'2021-04-28 13:20:00','2016-11-11 08:39:00','2016-11-11 08:39:00',Resuelto,,
161111-355410,,Incidente importado desde SAC,,Emisión Masivos,Usuario Importador,Telemarketing,,,Solucionado,,,,,AUS1 - AUTOMOTORES,860472,,4383091,Propuesta incompleta,,,,'2021-04-28 13:20:00','2016-11-11 08:39:00','2016-11-11 08:39:00',Resuelto,,
161111-355415,,Incidente importado desde SAC,,Emisión Masivos,Usuario Importador,Telemarketing,,,Solucionado,,,,,AUS1 - AUTOMOTORES,860477,,7390442,No califica,,,,'2021-04-28 13:20:00','2016-11-11 08:39:01','2016-11-11 08:39:01',Resuelto,,
161111-355416,,Incidente importado desde SAC,,Emisión Masivos,Usuario Importador,Telemarketing,,,Solucionado,,,,,AUS1 - AUTOMOTORES,860478,,3076742,Propuesta incompleta,,,,'2021-04-28 13:20:00','2016-11-11 08:39:01','2016-11-11 08:39:01',Resuelto,,
161111-355417,,Incidente importado desde SAC,,Telecobranzas,Usuario Importador,Telemarketing,,,Solucionado,,,,,AUS1 - AUTOMOTORES,860479,,5220716,Mensaje,,,,'2021-04-28 13:20:00','2016-11-11 08:39:01','2016-11-11 08:39:01',Atendido,,
161111-355419,,Incidente importado desde SAC,,Inspecciones Autos,Usuario Importador,Telemarketing,,,Solucionado,,,,,AUS1 - AUTOMOTORES,860481,,3553492,Inspección por previa DDJJ,,,,'2021-04-28 13:20:00','2016-11-11 08:39:01','2016-11-11 08:39:01',Resuelto,,
161111-355425,,Incidente importado desde SAC,,,Usuario Importador,Telemarketing,,,Solucionado,,,,,AUS1 - AUTOMOTORES,860487,,2201526,Cliente para retención,,,,'2021-04-28 13:20:00','2016-11-11 08:39:01','2016-11-11 08:39:01',Atendido,,
161111-355428,,Incidente importado desde SAC,,Emisión Masivos,Usuario Importador,Telemarketing,,,Solucionado,,,,,AUS1 - AUTOMOTORES,860490,,1272524,Baja de póliza,,,,'2021-04-28 13:20:00','2016-11-11 08:39:02','2016-11-11 08:39:02',Resuelto,,
161111-355431,,Incidente importado desde SAC,,Emisión Masivos,Usuario Importador,Canal productor,,,Solucionado,,,,,AUS1 - AUTOMOTORES,860493,,5147444,Cambio de productor,,,,'2021-04-28 13:20:00','2016-11-11 08:39:02','2016-11-11 08:39:02',Resuelto,,
161111-355434,,Incidente importado desde SAC,,Mailing,Usuario Importador,Telemarketing,,,Solucionado,,,,,APL1 - AUTOMOTORES PLANES,860496,,3526636,Certificado de cobertura,,,,'2021-04-28 13:20:00','2016-11-11 08:39:02','2016-11-11 08:39:02',Resuelto,,
161111-355439,,Incidente importado desde SAC,,Emisión Masivos,Usuario Importador,Telemarketing,,,Solucionado,,,,,AUS1 - AUTOMOTORES,860501,,2530406,10 cuotas con un descuento del 15 %,,,,'2021-04-28 13:20:00','2016-11-11 08:39:02','2016-11-11 08:39:02',Resuelto,,
161111-355440,,Incidente importado desde SAC,,Inspecciones Autos,Usuario Importador,Telemarketing,,,Solucionado,,,,,AUS1 - AUTOMOTORES,860502,,4413713,Inspección por previa DDJJ,,,,'2021-04-28 13:20:00','2016-11-11 08:39:02','2016-11-11 08:39:02',Resuelto,,
161111-355442,,Incidente importado desde SAC,,Emisión Masivos,Usuario Importador,Telemarketing,,,Solucionado,,,,,HOM1 - SEGURO DEL HOGAR,860504,,4467815,Baja de póliza,,,,'2021-04-28 13:20:00','2016-11-11 08:39:03','2016-11-11 08:39:03',Resuelto,,
161111-355445,,Incidente importado desde SAC,,Emisión Masivos,Usuario Importador,Telemarketing,,,Solucionado,,,,,AUS1 - AUTOMOTORES,860507,,2628604,Propuesta incompleta,,,,'2021-04-28 13:20:00','2016-11-11 08:39:03','2016-11-11 08:39:03',Resuelto,,
161111-355446,,Incidente importado desde SAC,,Emisión Masivos,Usuario Importador,Carta,,,Solucionado,,,,,AUS1 - AUTOMOTORES,860508,,7653288,Modificaciones datos del producto,,,,'2021-04-28 13:20:00','2016-11-11 08:39:03','2016-11-11 08:39:03',Resuelto,,
161111-355447,,Incidente importado desde SAC,,Emisión Cartera Gral.,Usuario Importador,Carta,,,Solucionado,,,,,AUT1 - AUTOMOTORES,860509,,3138145,Baja de póliza,,,,'2021-04-28 13:20:00','2016-11-11 08:39:03','2016-11-11 08:39:03',Resuelto,,
161111-355448,,Incidente importado desde SAC,,Lesiones,Usuario Importador,Telemarketing,,,Solucionado,,,,,APR1 - AUTOMOTORES,860510,,7345448,Tercero lesionado,,,,'2021-04-28 13:20:00','2016-11-11 08:39:03','2016-11-11 08:39:03',Resuelto,,
161111-355452,,Incidente importado desde SAC,,Oficina Rosario,Usuario Importador,Telemarketing,,,Solucionado,,,,,AUI1 - AUTOMOTORES INSTITUCIONES,860514,,4854191,Daños materiales Rosario,,,,'2021-04-28 13:20:00','2016-11-11 08:39:04','2016-11-11 08:39:04',Resuelto,,
161111-355461,,Incidente importado desde SAC,,Telecobranzas,Usuario Importador,Telemarketing,,,Solucionado,,,,,AUS1 - AUTOMOTORES,860523,,4455858,Contestador,,,,'2021-04-28 13:20:00','2016-11-11 08:39:04','2016-11-11 08:39:04',Atendido,,
161111-355462,,Incidente importado desde SAC,,Emisión Cartera Gral.,Usuario Importador,Telemarketing,,,Solucionado,,,,,AUS1 - AUTOMOTORES,860524,,1771553,Venta trailer,,,,'2021-04-28 13:20:00','2016-11-11 08:39:04','2016-11-11 08:39:04',Resuelto,,
161111-355464,,Incidente importado desde SAC,,Inspecciones Autos,Usuario Importador,Telemarketing,,,Solucionado,,,,,AUS1 - AUTOMOTORES,860526,,4710758,Inspección por previa DDJJ,,,,'2021-04-28 13:20:00','2016-11-11 08:39:05','2016-11-11 08:39:05',Resuelto,,
161111-355467,,Incidente importado desde SAC,,Emisión Masivos,Usuario Importador,Telemarketing,,,Solucionado,,,,,AUS1 - AUTOMOTORES,860529,,4906610,Baja de póliza,,,,'2021-04-28 13:20:00','2016-11-11 08:39:05','2016-11-11 08:39:05',Resuelto,,
161111-355468,,Incidente importado desde SAC,,Emisión Masivos,Usuario Importador,Canal productor,,,Solucionado,,,,,AUS1 - AUTOMOTORES,860530,,2821273,Venta,,,,'2021-04-28 13:20:00','2016-11-11 08:39:05','2016-11-11 08:39:05',Resuelto,,
161111-355470,,Incidente importado desde SAC,,Emisión Masivos,Usuario Importador,Telemarketing,,,Solucionado,,,,,HOM1 - SEGURO DEL HOGAR,860532,,4939505,Modificación medio de pago,,,,'2021-04-28 13:20:00','2016-11-11 08:39:05','2016-11-11 08:39:05',Resuelto,,
161111-355473,,Incidente importado desde SAC,,Inspecciones Autos,Usuario Importador,Telemarketing,,,Solucionado,,,,,AUS1 - AUTOMOTORES,860535,,550571,Inspección por previa DDJJ,,,,'2021-04-28 13:20:00','2016-11-11 08:39:05','2016-11-11 08:39:05',Resuelto,,
161111-355475,,Incidente importado desde SAC,,Emisión Masivos,Usuario Importador,Carta Documento,,,Solucionado,,,,,APR1 - AUTOMOTORES,860537,,3821237,Baja de póliza,,,,'2021-04-28 13:20:00','2016-11-11 08:39:06','2016-11-11 08:39:06',Resuelto,,
161111-355481,,Incidente importado desde SAC,,Emisión Masivos,Usuario Importador,Telemarketing,,,Solucionado,,,,,AUS1 - AUTOMOTORES,860543,,2289252,Baja de póliza,,,,'2021-04-28 13:20:00','2016-11-11 08:39:06','2016-11-11 08:39:06',Resuelto,,
161111-355482,,Incidente importado desde SAC,,Daños Materiales Autos,Usuario Importador,Telemarketing,,,Solucionado,,,,,AUS1 - AUTOMOTORES,860544,,2929529,Inspección por siniestros,,,,'2021-04-28 13:20:00','2016-11-11 08:39:06','2016-11-11 08:39:06',Resuelto,,
161111-355485,,Incidente importado desde SAC,,Emisión Masivos,Usuario Importador,Canal productor,,,Solucionado,,,,,AUS1 - AUTOMOTORES,860547,,3871550,Venta,,,,'2021-04-28 13:20:00','2016-11-11 08:39:06','2016-11-11 08:39:06',Resuelto,,
161111-355487,,Incidente importado desde SAC,,Emisión Masivos,Usuario Importador,Canal productor,,,Solucionado,,,,,AUS1 - AUTOMOTORES,860549,,1288224,Venta,,,,'2021-04-28 13:20:00','2016-11-11 08:39:06','2016-11-11 08:39:06',Resuelto,,
161111-355493,,Incidente importado desde SAC,,Daños Materiales Autos,Usuario Importador,Telemarketing,,,Solucionado,,,,,AUS1 - AUTOMOTORES,860555,,5176349,Inspección por siniestros,,,,'2021-04-28 13:20:00','2016-11-11 08:39:08','2016-11-11 08:39:08',Resuelto,,
161111-355495,,Incidente importado desde SAC,,Telemarketing,Usuario Importador,Canal productor,,,Solucionado,,,,,AUS1 - AUTOMOTORES,860557,,7093497,10 cuotas con un descuento del 15 %,,,,'2021-04-28 13:20:00','2016-11-11 08:39:08','2016-11-11 08:39:08',Resuelto,,
161111-355496,,Incidente importado desde SAC,,Emisión Masivos,Usuario Importador,Especialistas,,,Solucionado,,,,,AUS1 - AUTOMOTORES,860558,,7380863,Modificación medio de pago,,,,'2021-04-28 13:20:00','2016-11-11 08:39:08','2016-11-11 08:39:08',Resuelto,,
161111-355499,,Incidente importado desde SAC,,Emisión Masivos,Usuario Importador,Telemarketing,,,Solucionado,,,,,AUS1 - AUTOMOTORES,860561,,7080805,Baja de póliza,,,,'2021-04-28 13:20:00','2016-11-11 08:39:09','2016-11-11 08:39:09',Resuelto,,
161111-355501,,Incidente importado desde SAC,,Emisión Masivos,Usuario Importador,Especialistas,,,Solucionado,,,,,AUS1 - AUTOMOTORES,860563,,1818235,Corrección de propuesta,,,,'2021-04-28 13:20:00','2016-11-11 08:39:09','2016-11-11 08:39:09',Resuelto,,
161111-355502,,Incidente importado desde SAC,,Inspecciones Autos,Usuario Importador,Telemarketing,,,Solucionado,,,,,AUS1 - AUTOMOTORES,860564,,5007697,Inspección por previa DDJJ,,,,'2021-04-28 13:20:00','2016-11-11 08:39:09','2016-11-11 08:39:09',Resuelto,,
161111-355503,,Incidente importado desde SAC,,Fleet Services,Usuario Importador,Telemarketing,,,Solucionado,,,,,AUS1 - AUTOMOTORES,860565,,560556,Contacto del tercero,,,,'2021-04-28 13:20:00','2016-11-11 08:39:11','2016-11-11 08:39:11',Resuelto,,
161111-355504,,Incidente importado desde SAC,,Pago Telefonico,Usuario Importador,Telemarketing,,,Solucionado,,,,,AUS1 - AUTOMOTORES,860566,,2575045,Pago telefónico,,,,'2021-04-28 13:20:00','2016-11-11 08:39:11','2016-11-11 08:39:11',Resuelto,,
161111-355506,,Incidente importado desde SAC,,Oficina Mendoza,Usuario Importador,Telemarketing,,,Solucionado,,,,,APR1 - AUTOMOTORES,860568,,7336360,Daños materiales Mendoza,,,,'2021-04-28 13:20:00','2016-11-11 08:39:11','2016-11-11 08:39:11',Resuelto,,
161111-355509,,Incidente importado desde SAC,,Oficina Mar del Plata,Usuario Importador,Telemarketing,,,Solucionado,,,,,APR1 - AUTOMOTORES,860571,,7754620,Tercero lesionado,,,,'2021-04-28 13:20:00','2016-11-11 08:39:11','2016-11-11 08:39:11',Resuelto,,
161111-355515,,Incidente importado desde SAC,,Emisión Masivos,Usuario Importador,Telemarketing,,,Solucionado,,,,,AUS1 - AUTOMOTORES,860577,,3764987,Baja de póliza,,,,'2021-04-28 13:20:00','2016-11-11 08:39:12','2016-11-11 08:39:12',Resuelto,,
161111-355516,,Incidente importado desde SAC,,Cobranzas Automático,Usuario Importador,Comercial,,,Solucionado,,,,,AUI1 - AUTOMOTORES INSTITUCIONES,860578,,7833838,No califica,,,,'2021-04-28 13:20:00','2016-11-11 08:39:12','2016-11-11 08:39:12',Resuelto,,
161111-355520,,Incidente importado desde SAC,,Mailing,Usuario Importador,Telemarketing,,,Solucionado,,,,,AUS1 - AUTOMOTORES,860582,,6231283,Certificado de cobertura,,,,'2021-04-28 13:20:00','2016-11-11 08:39:12','2016-11-11 08:39:12',Atendido,,
161111-355521,,Incidente importado desde SAC,,Drive in Ciudadela,Usuario Importador,Telemarketing,,,Solucionado,,,,,AUS1 - AUTOMOTORES,860583,,4041805,Daños materiales drive in Ciudadela,,,,'2021-04-28 13:20:00','2016-11-11 08:39:12','2016-11-11 08:39:12',Resuelto,,
161111-355522,,Incidente importado desde SAC,,Inspecciones Autos,Usuario Importador,Telemarketing,,,Solucionado,,,,,AUS1 - AUTOMOTORES,860584,,2809029,Inspección por previa DDJJ,,,,'2021-04-28 13:20:00','2016-11-11 08:39:12','2016-11-11 08:39:12',Resuelto,,
161111-355523,,Incidente importado desde SAC,,Robo / Destruccion Total,Usuario Importador,Telemarketing,,,Solucionado,,,,,APR1 - AUTOMOTORES,860585,,5257903,Robo Total,,,,'2021-04-28 13:20:00','2016-11-11 08:39:13','2016-11-11 08:39:13',Resuelto,,
161111-355525,,Incidente importado desde SAC,,Inspecciones Autos,Usuario Importador,Telemarketing,,,Solucionado,,,,,AUS1 - AUTOMOTORES,860587,,2017485,Inspección por previa DDJJ,,,,'2021-04-28 13:20:00','2016-11-11 08:39:13','2016-11-11 08:39:13',Resuelto,,
161111-355528,,Incidente importado desde SAC,,Cac,Usuario Importador,Telemarketing,,,Solucionado,,,,,HOM1 - SEGURO DEL HOGAR,860590,,5542415,Reintegro - Automático,,,,'2021-04-28 13:20:00','2016-11-11 08:39:13','2016-11-11 08:39:13',Anulado,,
161111-355529,,Incidente importado desde SAC,,Inspecciones Autos,Usuario Importador,Telemarketing,,,Solucionado,,,,,AUS1 - AUTOMOTORES,860591,,303199,Inspección por previa DDJJ,,,,'2021-04-28 13:20:00','2016-11-11 08:39:13','2016-11-11 08:39:13',Resuelto,,
161111-355531,,Incidente importado desde SAC,,Cac,Usuario Importador,Telemarketing,,,Solucionado,,,,,AUS1 - AUTOMOTORES,860593,,1300238,Modificación de canal de cobro por única vez,,,,'2021-04-28 13:20:00','2016-11-11 08:39:13','2016-11-11 08:39:13',Resuelto,,
161111-355532,,Incidente importado desde SAC,,Emisión Masivos,Usuario Importador,Canal productor,,,Solucionado,,,,,AUS1 - AUTOMOTORES,860594,,5734291,Venta,,,,'2021-04-28 13:20:00','2016-11-11 08:39:13','2016-11-11 08:39:13',Resuelto,,
161111-355535,,Incidente importado desde SAC,,Inspecciones Autos,Usuario Importador,Telemarketing,,,Solucionado,,,,,AUS1 - AUTOMOTORES,860597,,2754514,Inspección por previa DDJJ,,,,'2021-04-28 13:20:00','2016-11-11 08:39:13','2016-11-11 08:39:13',Resuelto,,
161111-355536,,Incidente importado desde SAC,,Gerencia Clientes,Usuario Importador,Carta Documento,,,Solucionado,,,,,AUT1 - AUTOMOTORES,860598,,1385794,Certificado de cobertura,,,,'2021-04-28 13:20:00','2016-11-11 08:39:14','2016-11-11 08:39:14',Resuelto,,
161111-355540,,Incidente importado desde SAC,,Cac,Usuario Importador,Telemarketing,,,Solucionado,,,,,AUS1 - AUTOMOTORES,860602,,3097429,Modificación de canal de cobro por única vez,,,,'2021-04-28 13:20:00','2016-11-11 08:39:14','2016-11-11 08:39:14',Resuelto,,
161111-355541,,Incidente importado desde SAC,,Emisión Masivos,Usuario Importador,Canal productor,,,Solucionado,,,,,AUS1 - AUTOMOTORES,860603,,3866658,Modificaciones datos del producto,,,,'2021-04-28 13:20:00','2016-11-11 08:39:14','2016-11-11 08:39:14',Resuelto,,
161111-355543,,Incidente importado desde SAC,,,Usuario Importador,Telemarketing,,,Solucionado,,,,,AUS1 - AUTOMOTORES,860605,,1779608,Cliente para retención,,,,'2021-04-28 13:20:00','2016-11-11 08:39:14','2016-11-11 08:39:14',Atendido,,
161111-355546,,Incidente importado desde SAC,,Telecobranzas,Usuario Importador,Telemarketing,,,Solucionado,,,,,AUS1 - AUTOMOTORES,860608,,4445637,Mensaje,,,,'2021-04-28 13:20:00','2016-11-11 08:39:14','2016-11-11 08:39:14',Atendido,,
161111-355548,,Incidente importado desde SAC,,Emisión Masivos,Usuario Importador,Telemarketing,,,Solucionado,,,,,AUS1 - AUTOMOTORES,860610,,2094949,Baja de póliza,,,,'2021-04-28 13:20:00','2016-11-11 08:39:14','2016-11-11 08:39:14',Resuelto,,
161111-355549,,Incidente importado desde SAC,,Inspecciones Autos,Usuario Importador,Telemarketing,,,Solucionado,,,,,AUS1 - AUTOMOTORES,860611,,4953065,Inspección por previa DDJJ,,,,'2021-04-28 13:20:00','2016-11-11 08:39:14','2016-11-11 08:39:14',Resuelto,,
161111-355555,,Incidente importado desde SAC,,Telecobranzas,Usuario Importador,Telemarketing,,,Solucionado,,,,,AUS1 - AUTOMOTORES,860617,,970076,Sin teléfono/Equivocado,,,,'2021-04-28 13:20:00','2016-11-11 08:39:15','2016-11-11 08:39:15',Atendido,,
161111-355556,,Incidente importado desde SAC,,Emisión Masivos,Usuario Importador,Telemarketing,,,Solucionado,,,,,HOM1 - SEGURO DEL HOGAR,860618,,2150526,Baja de póliza,,,,'2021-04-28 13:20:00','2016-11-11 08:39:15','2016-11-11 08:39:15',Resuelto,,
161111-355557,,Incidente importado desde SAC,,Emisión Masivos,Usuario Importador,Canal productor,,,Solucionado,,,,,AUS1 - AUTOMOTORES,860619,,3222990,Inspección por previa,,,,'2021-04-28 13:20:00','2016-11-11 08:39:15','2016-11-11 08:39:15',Resuelto,,
161111-355558,,Incidente importado desde SAC,,Telecobranzas,Usuario Importador,Telemarketing,,,Solucionado,,,,,AUS1 - AUTOMOTORES,860620,,3723295,Contestador,,,,'2021-04-28 13:20:00','2016-11-11 08:39:15','2016-11-11 08:39:15',Atendido,,
161111-355559,,Incidente importado desde SAC,,Mailing,Usuario Importador,Telemarketing,,,Solucionado,,,,,APR1 - AUTOMOTORES,860622,,5190658,Certificado de cobertura,,,,'2021-04-28 13:20:00','2016-11-11 08:39:15','2016-11-11 08:39:15',Resuelto,,
161111-355560,,Incidente importado desde SAC,,Emisión Masivos,Usuario Importador,Telemarketing,,,Solucionado,,,,,AUS1 - AUTOMOTORES,860623,,2826406,Baja de póliza,,,,'2021-04-28 13:20:00','2016-11-11 08:39:15','2016-11-11 08:39:15',Resuelto,,
161111-355563,,Incidente importado desde SAC,,Inspecciones Autos,Usuario Importador,Telemarketing,,,Solucionado,,,,,AUS1 - AUTOMOTORES,860626,,7375280,Inspección por previa DDJJ,,,,'2021-04-28 13:20:00','2016-11-11 08:39:16','2016-11-11 08:39:16',Resuelto,,
161111-355566,,Incidente importado desde SAC,,,Usuario Importador,Telemarketing,,,Solucionado,,,,,AUS1 - AUTOMOTORES,860629,,829088,Cliente para retención,,,,'2021-04-28 13:20:00','2016-11-11 08:39:16','2016-11-11 08:39:16',Atendido,,
161111-355568,,Incidente importado desde SAC,,Emisión Masivos,Usuario Importador,Telemarketing,,,Solucionado,,,,,AUS1 - AUTOMOTORES,860631,,5889263,Propuesta incompleta,,,,'2021-04-28 13:20:00','2016-11-11 08:39:16','2016-11-11 08:39:16',Resuelto,,
161111-355570,,Incidente importado desde SAC,,,Usuario Importador,Telemarketing,,,Solucionado,,,,,AUS1 - AUTOMOTORES,860633,,4345423,Daños materiales Cordoba,,,,'2021-04-28 13:20:00','2016-11-11 08:39:16','2016-11-11 08:39:16',Resuelto,,
161111-355573,,Incidente importado desde SAC,,Cac,Usuario Importador,Telemarketing,,,Solucionado,,,,,AUS1 - AUTOMOTORES,860636,,5498990,Imputación de cobranzas - Automático,,,,'2021-04-28 13:20:00','2016-11-11 08:39:16','2016-11-11 08:39:16',Resuelto,,
161111-355574,,Incidente importado desde SAC,,Emisión Masivos,Usuario Importador,Telemarketing,,,Solucionado,,,,,HOM1 - SEGURO DEL HOGAR,860637,,1383156,Baja de póliza,,,,'2021-04-28 13:20:00','2016-11-11 08:39:16','2016-11-11 08:39:16',Resuelto,,
161111-355578,,Incidente importado desde SAC,,Emisión Masivos,Usuario Importador,Comercial,,,Solucionado,,,,,HOM1 - SEGURO DEL HOGAR,860641,,134086,Baja de póliza,,,,'2021-04-28 13:20:00','2016-11-11 08:39:17','2016-11-11 08:39:17',Resuelto,,
161111-355580,,Incidente importado desde SAC,,Emisión Masivos,Usuario Importador,Telemarketing,,,Solucionado,,,,,AUS1 - AUTOMOTORES,860643,,601114,8 cuotas con un descuento del 15 %,,,,'2021-04-28 13:20:00','2016-11-11 08:39:17','2016-11-11 08:39:17',Resuelto,,
161111-355581,,Incidente importado desde SAC,,,Usuario Importador,Telemarketing,,,Solucionado,,,,,AUS1 - AUTOMOTORES,860644,,1404451,Cliente para retención,,,,'2021-04-28 13:20:00','2016-11-11 08:39:17','2016-11-11 08:39:17',Atendido,,
161111-355582,,Incidente importado desde SAC,,Emisión Masivos,Usuario Importador,Telemarketing,,,Solucionado,,,,,AUS1 - AUTOMOTORES,860645,,4416525,Baja de póliza,,,,'2021-04-28 13:20:00','2016-11-11 08:39:17','2016-11-11 08:39:17',Resuelto,,
161111-355585,,Incidente importado desde SAC,,,Usuario Importador,Canal productor,,,Solucionado,,,,,AUS1 - AUTOMOTORES,860648,,3601160,Cliente para retención,,,,'2021-04-28 13:20:00','2016-11-11 08:39:17','2016-11-11 08:39:17',Atendido,,
161111-355586,,Incidente importado desde SAC,,,Usuario Importador,Telemarketing,,,Solucionado,,,,,AUS1 - AUTOMOTORES,860649,,4945739,Cliente para retención,,,,'2021-04-28 13:20:00','2016-11-11 08:39:17','2016-11-11 08:39:17',Atendido,,
161111-355590,,Incidente importado desde SAC,,Inspecciones Autos,Usuario Importador,Comercial,,,Solucionado,,,,,AUS1 - AUTOMOTORES,860653,,5195823,Inspección por previa,,,,'2021-04-28 13:20:00','2016-11-11 08:39:17','2016-11-11 08:39:17',Resuelto,,
161111-355592,,Incidente importado desde SAC,,Inspecciones Autos,Usuario Importador,Telemarketing,,,Solucionado,,,,,AUS1 - AUTOMOTORES,860655,,7351426,Inspección por previa DDJJ,,,,'2021-04-28 13:20:00','2016-11-11 08:39:17','2016-11-11 08:39:17',No Procedente,,
161111-355593,,Incidente importado desde SAC,,Gerencia Clientes,Usuario Importador,Carta Documento,,,Solucionado,,,,,AUT1 - AUTOMOTORES,860656,,6487763,Certificado de cobertura,,,,'2021-04-28 13:20:00','2016-11-11 08:39:18','2016-11-11 08:39:18',Resuelto,,
161111-355594,,Incidente importado desde SAC,,Gerencia Clientes,Usuario Importador,Carta Documento,,,Solucionado,,,,,APL1 - AUTOMOTORES PLANES,860657,,6127183,Copia de denuncia de siniestro,,,,'2021-04-28 13:20:00','2016-11-11 08:39:18','2016-11-11 08:39:18',Resuelto,,
161111-355595,,Incidente importado desde SAC,,Fleet Services,Usuario Importador,Telemarketing,,,Solucionado,,,,,AUS1 - AUTOMOTORES,860658,,4354347,Contacto del tercero,,,,'2021-04-28 13:20:00','2016-11-11 08:39:18','2016-11-11 08:39:18',Resuelto,,
161111-355596,,Incidente importado desde SAC,,,Usuario Importador,Telemarketing,,,Solucionado,,,,,AUS1 - AUTOMOTORES,860659,,4449338,Cliente para retención,,,,'2021-04-28 13:20:00','2016-11-11 08:39:18','2016-11-11 08:39:18',Atendido,,
161111-355598,,Incidente importado desde SAC,,Riesgos Varios Casa Central,Usuario Importador,Telemarketing,,,Solucionado,,,,,HOM1 - SEGURO DEL HOGAR,860661,,5432756,Riesgos Varios Casa Central,,,,'2021-04-28 13:20:00','2016-11-11 08:39:18','2016-11-11 08:39:18',Resuelto,,
161111-355600,,Incidente importado desde SAC,,,Usuario Importador,Telemarketing,,,Solucionado,,,,,AUS1 - AUTOMOTORES,860663,,5613318,Cliente para retención,,,,'2021-04-28 13:20:00','2016-11-11 08:39:18','2016-11-11 08:39:18',Atendido,,
161111-355602,,Incidente importado desde SAC,,Robo / Destruccion Total,Usuario Importador,Telemarketing,,,Solucionado,,,,,AUT1 - AUTOMOTORES,860665,,1829158,Denuncia de robo aparecido,,,,'2021-04-28 13:20:00','2016-11-11 08:39:18','2016-11-11 08:39:18',Resuelto,,
161111-355604,,Incidente importado desde SAC,,Emisión Masivos,Usuario Importador,Telemarketing,,,Solucionado,,,,,AUS1 - AUTOMOTORES,860667,,5731010,Propuesta incompleta,,,,'2021-04-28 13:20:00','2016-11-11 08:39:19','2016-11-11 08:39:19',Resuelto,,
161111-355606,,Incidente importado desde SAC,,Inspecciones Autos,Usuario Importador,Telemarketing,,,Solucionado,,,,,AUS1 - AUTOMOTORES,860669,,287278,Modificaciones scoring,,,,'2021-04-28 13:20:00','2016-11-11 08:39:19','2016-11-11 08:39:19',Resuelto,,
161111-355608,,Incidente importado desde SAC,,Emisión Masivos,Usuario Importador,Telemarketing,,,Solucionado,,,,,AUS1 - AUTOMOTORES,860671,,1357062,Baja de póliza,,,,'2021-04-28 13:20:00','2016-11-11 08:39:20','2016-11-11 08:39:20',Resuelto,,
161111-355611,,Incidente importado desde SAC,,Daños Materiales Autos,Usuario Importador,Telemarketing,,,Solucionado,,,,,AUS1 - AUTOMOTORES,860674,,6160303,Inspección por siniestros,,,,'2021-04-28 13:20:00','2016-11-11 08:39:20','2016-11-11 08:39:20',Resuelto,,
161111-355617,,Incidente importado desde SAC,,Emisión Masivos,Usuario Importador,Telemarketing,,,Solucionado,,,,,AUS1 - AUTOMOTORES,860680,,6674545,4 cuotas con un descuento del 15 %,,,,'2021-04-28 13:20:00','2016-11-11 08:39:20','2016-11-11 08:39:20',Resuelto,,
161111-355619,,Incidente importado desde SAC,,Emisión Cartera Gral.,Usuario Importador,Telemarketing,,,Solucionado,,,,,ICO1 - INTEGR.COMERCIO,860682,,3390082,Cartera general,,,,'2021-04-28 13:20:00','2016-11-11 08:39:21','2016-11-11 08:39:21',Resuelto,,
161111-355620,,Incidente importado desde SAC,,Emisión Masivos,Usuario Importador,Telemarketing,,,Solucionado,,,,,AUS1 - AUTOMOTORES,860684,,1380081,Baja de póliza,,,,'2021-04-28 13:20:00','2016-11-11 08:39:21','2016-11-11 08:39:21',Resuelto,,
161111-355639,,Incidente importado desde SAC,,,Usuario Importador,Telemarketing,,,Solucionado,,,,,AUS1 - AUTOMOTORES,860703,,7740972,Cliente para retención,,,,'2021-04-28 13:20:00','2016-11-11 08:39:24','2016-11-11 08:39:24',Atendido,,
161111-355641,,Incidente importado desde SAC,,Emisión Masivos,Usuario Importador,Telemarketing,,,Solucionado,,,,,AUS1 - AUTOMOTORES,860705,,2819167,Corrección de propuesta,,,,'2021-04-28 13:20:00','2016-11-11 08:39:24','2016-11-11 08:39:24',Resuelto,,
161111-355642,,Incidente importado desde SAC,,Emisión Masivos,Usuario Importador,Carta Documento,,,Solucionado,,,,,AUS1 - AUTOMOTORES,860706,,5802778,Reducción de cobertura,,,,'2021-04-28 13:20:00','2016-11-11 08:39:24','2016-11-11 08:39:24',Resuelto,,
161111-355646,,Incidente importado desde SAC,,Emisión Masivos,Usuario Importador,Telemarketing,,,Solucionado,,,,,AUS1 - AUTOMOTORES,860710,,7610792,Baja de póliza,,,,'2021-04-28 13:20:00','2016-11-11 08:39:24','2016-11-11 08:39:24',Resuelto,,
161111-355647,,Incidente importado desde SAC,,Emisión Masivos,Usuario Importador,Carta Documento,,,Solucionado,,,,,HOM1 - SEGURO DEL HOGAR,860711,,1305133,Cambio de titularidad,,,,'2021-04-28 13:20:00','2016-11-11 08:39:24','2016-11-11 08:39:24',Resuelto,,
161111-355649,,Incidente importado desde SAC,,Fleet Services,Usuario Importador,Telemarketing,,,Solucionado,,,,,AUS1 - AUTOMOTORES,860713,,3674389,Contacto del tercero,,,,'2021-04-28 13:20:00','2016-11-11 08:39:24','2016-11-11 08:39:24',Resuelto,,
161111-355650,,Incidente importado desde SAC,,Lesiones,Usuario Importador,Telemarketing,,,Solucionado,,,,,APL1 - AUTOMOTORES PLANES,860714,,4976555,Lesiones,,,,'2021-04-28 13:20:00','2016-11-11 08:39:25','2016-11-11 08:39:25',Resuelto,,
161111-355651,,Incidente importado desde SAC,,Pago Telefonico,Usuario Importador,Telemarketing,,,Solucionado,,,,,AUS1 - AUTOMOTORES,860715,,2228932,Pago telefónico,,,,'2021-04-28 13:20:00','2016-11-11 08:39:25','2016-11-11 08:39:25',Resuelto,,
161111-355653,,Incidente importado desde SAC,,Mailing,Usuario Importador,Carta Documento,,,Solucionado,,,,,AUS1 - AUTOMOTORES,860717,,7261720,Certificado de cobertura,,,,'2021-04-28 13:20:00','2016-11-11 08:39:25','2016-11-11 08:39:25',Resuelto,,
161111-355654,,Incidente importado desde SAC,,Emisión Masivos,Usuario Importador,Canal productor,,,Solucionado,,,,,AUS1 - AUTOMOTORES,860718,,1033533,Corrección de propuesta,,,,'2021-04-28 13:20:00','2016-11-11 08:39:25','2016-11-11 08:39:25',Resuelto,,
161111-355655,,Incidente importado desde SAC,,Emisión Masivos,Usuario Importador,Carta,,,Solucionado,,,,,HOM1 - SEGURO DEL HOGAR,860719,,3957716,Ampliación de Cobertura con ddjj,,,,'2021-04-28 13:20:00','2016-11-11 08:39:25','2016-11-11 08:39:25',Resuelto,,
161111-355656,,Incidente importado desde SAC,,Emisión Masivos,Usuario Importador,Carta Documento,,,Solucionado,,,,,AUI1 - AUTOMOTORES INSTITUCIONES,860720,,6834201,Cláusulas de Subrogación,,,,'2021-04-28 13:20:00','2016-11-11 08:39:25','2016-11-11 08:39:25',Resuelto,,
161111-355657,,Incidente importado desde SAC,,Emisión Masivos,Usuario Importador,Telemarketing,,,Solucionado,,,,,AUS1 - AUTOMOTORES,860721,,5357543,Rechazos/ Reducción de cobertura,,,,'2021-04-28 13:20:00','2016-11-11 08:39:25','2016-11-11 08:39:25',Resuelto,,
161111-355658,,Incidente importado desde SAC,,Cac,Usuario Importador,Carta Documento,,,Solucionado,,,,,AUS1 - AUTOMOTORES,860722,,3167955,,,,,'2021-04-28 13:20:00','2016-11-11 08:39:25','2016-11-11 08:39:25',Atendido,,
161111-355661,,Incidente importado desde SAC,,Riesgos Varios Casa Central,Usuario Importador,Telemarketing,,,Solucionado,,,,,HOM1 - SEGURO DEL HOGAR,860725,,138708,Riesgos Varios Casa Central,,,,'2021-04-28 13:20:00','2016-11-11 08:39:26','2016-11-11 08:39:26',Resuelto,,
161111-355664,,Incidente importado desde SAC,,Emisión Masivos,Usuario Importador,Telemarketing,,,Solucionado,,,,,APR1 - AUTOMOTORES,860728,,3447730,Ampliación de Cobertura con inspección,,,,'2021-04-28 13:20:00','2016-11-11 08:39:26','2016-11-11 08:39:26',Resuelto,,
161111-355667,,Incidente importado desde SAC,,Oficina Mendoza,Usuario Importador,Telemarketing,,,Solucionado,,,,,HOM1 - SEGURO DEL HOGAR,860731,,5874941,Riesgos Varios Mendoza,,,,'2021-04-28 13:20:00','2016-11-11 08:39:26','2016-11-11 08:39:26',Resuelto,,
161111-355668,,Incidente importado desde SAC,,Emisión Masivos,Usuario Importador,Telemarketing,,,Solucionado,,,,,AUS1 - AUTOMOTORES,860732,,3428871,No califica,,,,'2021-04-28 13:20:00','2016-11-11 08:39:26','2016-11-11 08:39:26',Resuelto,,
161111-355669,,Incidente importado desde SAC,,Inspecciones Autos,Usuario Importador,Telemarketing,,,Solucionado,,,,,AUS1 - AUTOMOTORES,860733,,6848509,Instalación de dispositivo de rastreo,,,,'2021-04-28 13:20:00','2016-11-11 08:39:26','2016-11-11 08:39:26',Resuelto,,
161111-355670,,Incidente importado desde SAC,,Cobranzas Automático,Usuario Importador,Telemarketing,,,Solucionado,,,,,AUS1 - AUTOMOTORES,860734,,3675245,No califica,,,,'2021-04-28 13:20:00','2016-11-11 08:39:27','2016-11-11 08:39:27',Resuelto,,
161111-355671,,Incidente importado desde SAC,,Emisión Masivos,Usuario Importador,Comercial,,,Solucionado,,,,,AUS1 - AUTOMOTORES,860735,,3803395,,,,,'2021-04-28 13:20:00','2016-11-11 08:39:27','2016-11-11 08:39:27',Resuelto,,
161111-355673,,Incidente importado desde SAC,,Emisión Masivos,Usuario Importador,Telemarketing,,,Solucionado,,,,,AUS1 - AUTOMOTORES,860737,,3776169,Venta,,,,'2021-04-28 13:20:00','2016-11-11 08:39:27','2016-11-11 08:39:27',Resuelto,,
161111-355677,,Incidente importado desde SAC,,Juicios / mediaciones daños,Usuario Importador,Telemarketing,,,Solucionado,,,,,AUT1 - AUTOMOTORES,860741,,359492,Tercero lesionado,,,,'2021-04-28 13:20:00','2016-11-11 08:39:28','2016-11-11 08:39:28',Resuelto,,
161111-355678,,Incidente importado desde SAC,,Emisión Masivos,Usuario Importador,Canal productor,,,Solucionado,,,,,HOM1 - SEGURO DEL HOGAR,860742,,908564,Baja de póliza,,,,'2021-04-28 13:20:00','2016-11-11 08:39:28','2016-11-11 08:39:28',Resuelto,,
161111-355682,,Incidente importado desde SAC,,Emisión Masivos,Usuario Importador,Telemarketing,,,Solucionado,,,,,AUS1 - AUTOMOTORES,860746,,534265,Propuesta incompleta,,,,'2021-04-28 13:20:00','2016-11-11 08:39:28','2016-11-11 08:39:28',Resuelto,,
161111-355692,,Incidente importado desde SAC,,Riesgos Varios Casa Central,Usuario Importador,Telemarketing,,,Solucionado,,,,,HOM1 - SEGURO DEL HOGAR,860756,,1305522,Riesgos Varios Casa Central,,,,'2021-04-28 13:20:00','2016-11-11 08:39:29','2016-11-11 08:39:29',Resuelto,,
161111-355693,,Incidente importado desde SAC,,Emisión Masivos,Usuario Importador,Telemarketing,,,Solucionado,,,,,HOM1 - SEGURO DEL HOGAR,860757,,5909380,Ampliación de Cobertura con inspección,,,,'2021-04-28 13:20:00','2016-11-11 08:39:29','2016-11-11 08:39:29',Resuelto,,
161111-355696,,Incidente importado desde SAC,,Daños Materiales Autos,Usuario Importador,Telemarketing,,,Solucionado,,,,,AUS1 - AUTOMOTORES,860760,,5029688,Denuncia daños materiales,,,,'2021-04-28 13:20:00','2016-11-11 08:39:29','2016-11-11 08:39:29',Resuelto,,
161111-355698,,Incidente importado desde SAC,,Cobranzas Efectivo,Usuario Importador,Telemarketing,,,Solucionado,,,,,AUS1 - AUTOMOTORES,860762,,3906116,Reintegro - Automático,,,,'2021-04-28 13:20:00','2016-11-11 08:39:29','2016-11-11 08:39:29',Resuelto,,
161111-355702,,Incidente importado desde SAC,,Cobranzas Automático,Usuario Importador,Telemarketing,,,Solucionado,,,,,AUS1 - AUTOMOTORES,860766,,4517996,Reintegro - Automático,,,,'2021-04-28 13:20:00','2016-11-11 08:39:30','2016-11-11 08:39:30',Resuelto,,
161111-355704,,Incidente importado desde SAC,,Oficina Rosario,Usuario Importador,Telemarketing,,,Solucionado,,,,,HOM1 - SEGURO DEL HOGAR,860768,,7415322,Riesgos Varios Rosario,,,,'2021-04-28 13:20:00','2016-11-11 08:39:30','2016-11-11 08:39:30',Resuelto,,
161111-355705,,Incidente importado desde SAC,,,Usuario Importador,Telemarketing,,,Solucionado,,,,,AUS1 - AUTOMOTORES,860769,,1319077,Cliente para retención,,,,'2021-04-28 13:20:00','2016-11-11 08:39:30','2016-11-11 08:39:30',Atendido,,
161111-355707,,Incidente importado desde SAC,,Cobranzas Automático,Usuario Importador,Telemarketing,,,Solucionado,,,,,AUI1 - AUTOMOTORES INSTITUCIONES,860771,,1755373,No califica,,,,'2021-04-28 13:20:00','2016-11-11 08:39:30','2016-11-11 08:39:30',Resuelto,,
161111-355710,,Incidente importado desde SAC,,,Usuario Importador,Telemarketing,,,Solucionado,,,,,AUS1 - AUTOMOTORES,860774,,7792436,Cliente para retención,,,,'2021-04-28 13:20:00','2016-11-11 08:39:31','2016-11-11 08:39:31',Atendido,,
161111-355711,,Incidente importado desde SAC,,Inspecciones Autos,Usuario Importador,Telemarketing,,,Solucionado,,,,,AUS1 - AUTOMOTORES,860775,,7773416,Inspección por previa,,,,'2021-04-28 13:20:00','2016-11-11 08:39:31','2016-11-11 08:39:31',Resuelto,,
161111-355713,,Incidente importado desde SAC,,Drive in Libertador,Usuario Importador,Carta,,,Solucionado,,,,,AUS1 - AUTOMOTORES,860777,,1298416,Daños materiales drive in Ciudadela,,,,'2021-04-28 13:20:00','2016-11-11 08:39:31','2016-11-11 08:39:31',Resuelto,,
161111-355714,,Incidente importado desde SAC,,Emisión Masivos,Usuario Importador,Telemarketing,,,Solucionado,,,,,HOM1 - SEGURO DEL HOGAR,860778,,1280691,Corrección de propuesta,,,,'2021-04-28 13:20:00','2016-11-11 08:39:31','2016-11-11 08:39:31',Resuelto,,
161111-355715,,Incidente importado desde SAC,,Emisión Masivos,Usuario Importador,Telemarketing,,,Solucionado,,,,,AUS1 - AUTOMOTORES,860779,,1781974,4 cuotas con un descuento del 25 %,,,,'2021-04-28 13:20:00','2016-11-11 08:39:31','2016-11-11 08:39:31',Resuelto,,
161111-355718,,Incidente importado desde SAC,,Oficina Cordoba,Usuario Importador,Telemarketing,,,Solucionado,,,,,HOM1 - SEGURO DEL HOGAR,860782,,2009396,Riesgos Varios Cordoba,,,,'2021-04-28 13:20:00','2016-11-11 08:39:31','2016-11-11 08:39:31',Resuelto,,
161111-355719,,Incidente importado desde SAC,,Inspecciones Autos,Usuario Importador,Comercial,,,Solucionado,,,,,AUS1 - AUTOMOTORES,860783,,6612173,Inspección por previa,,,,'2021-04-28 13:20:00','2016-11-11 08:39:31','2016-11-11 08:39:31',Resuelto,,
161111-355731,,Incidente importado desde SAC,,Drive in Ciudadela,Usuario Importador,Telemarketing,,,Solucionado,,,,,AUT1 - AUTOMOTORES,860795,,7407160,Daños materiales drive in Ciudadela,,,,'2021-04-28 13:20:00','2016-11-11 08:39:32','2016-11-11 08:39:32',Resuelto,,
161111-355738,,Incidente importado desde SAC,,Inspecciones Autos,Usuario Importador,Telemarketing,,,Solucionado,,,,,AUS1 - AUTOMOTORES,860802,,4212536,Inspección por previa DDJJ,,,,'2021-04-28 13:20:00','2016-11-11 08:39:33','2016-11-11 08:39:33',No Procedente,,
161111-355739,,Incidente importado desde SAC,,Mailing,Usuario Importador,Telemarketing,,,Solucionado,,,,,APR1 - AUTOMOTORES,860803,,5538105,Certificado de cobertura,,,,'2021-04-28 13:20:00','2016-11-11 08:39:33','2016-11-11 08:39:33',Atendido,,
161111-355747,,Incidente importado desde SAC,,Drive in Ciudadela,Usuario Importador,Telemarketing,,,Solucionado,,,,,AUS1 - AUTOMOTORES,860811,,5549407,Daños materiales drive in Ciudadela,,,,'2021-04-28 13:20:00','2016-11-11 08:39:34','2016-11-11 08:39:34',Resuelto,,
161111-355751,,Incidente importado desde SAC,,Emisión Masivos,Usuario Importador,Telemarketing,,,Solucionado,,,,,AUI1 - AUTOMOTORES INSTITUCIONES,860815,,7325018,Modificación datos personales,,,,'2021-04-28 13:20:00','2016-11-11 08:39:35','2016-11-11 08:39:35',Resuelto,,
161111-355752,,Incidente importado desde SAC,,Mailing,Usuario Importador,Telemarketing,,,Solucionado,,,,,APL1 - AUTOMOTORES PLANES,860816,,3700349,Certificado de cobertura,,,,'2021-04-28 13:20:00','2016-11-11 08:39:35','2016-11-11 08:39:35',Resuelto,,
161111-355754,,Incidente importado desde SAC,,Cac,Usuario Importador,Telemarketing,,,Solucionado,,,,,AUS1 - AUTOMOTORES,860818,,225952,Imputación de cobranzas - Automático,,,,'2021-04-28 13:20:00','2016-11-11 08:39:35','2016-11-11 08:39:35',Resuelto,,
161111-355756,,Incidente importado desde SAC,,Emisión Masivos,Usuario Importador,Telemarketing,,,Solucionado,,,,,AUS1 - AUTOMOTORES,860820,,3529889,8 cuotas con un descuento del 15 %,,,,'2021-04-28 13:20:00','2016-11-11 08:39:37','2016-11-11 08:39:37',Resuelto,,
161111-355757,,Incidente importado desde SAC,,Robo / Destruccion Total,Usuario Importador,Telemarketing,,,Solucionado,,,,,AUA1 - AUTOMOTORES CARTERA GENERAL,860821,,3534156,Inspección por siniestros,,,,'2021-04-28 13:20:00','2016-11-11 08:39:37','2016-11-11 08:39:37',Resuelto,,
161111-355759,,Incidente importado desde SAC,,Emisión Masivos,Usuario Importador,Carta,,,Solucionado,,,,,AUS1 - AUTOMOTORES,860824,,5220050,Modificaciones datos del producto,,,,'2021-04-28 13:20:00','2016-11-11 08:39:37','2016-11-11 08:39:37',Resuelto,,
161111-355764,,Incidente importado desde SAC,,Emisión Masivos,Usuario Importador,Telemarketing,,,Solucionado,,,,,AUS1 - AUTOMOTORES,860829,,1229931,4 cuotas con un descuento del 25 %,,,,'2021-04-28 13:20:00','2016-11-11 08:39:37','2016-11-11 08:39:37',Resuelto,,
161111-355765,,Incidente importado desde SAC,,Daños Materiales Autos,Usuario Importador,Telemarketing,,,Solucionado,,,,,APR1 - AUTOMOTORES,860830,,6826413,Inspección por siniestros,,,,'2021-04-28 13:20:00','2016-11-11 08:39:37','2016-11-11 08:39:37',Resuelto,,
161111-355771,,Incidente importado desde SAC,,Emisión Masivos,Usuario Importador,Telemarketing,,,Solucionado,,,,,AUS1 - AUTOMOTORES,860836,,5777947,Facturación,,,,'2021-04-28 13:20:00','2016-11-11 08:39:38','2016-11-11 08:39:38',Resuelto,,
161111-355773,,Incidente importado desde SAC,,Oficina Cordoba,Usuario Importador,Canal productor,,,Solucionado,,,,,AUS1 - AUTOMOTORES,860838,,3793623,Corrección de propuesta,,,,'2021-04-28 13:20:00','2016-11-11 08:39:38','2016-11-11 08:39:38',Resuelto,,
161111-355776,,Incidente importado desde SAC,,Inspecciones Autos,Usuario Importador,Telemarketing,,,Solucionado,,,,,AUS1 - AUTOMOTORES,860841,,3943431,Inspección por previa DDJJ,,,,'2021-04-28 13:20:00','2016-11-11 08:39:38','2016-11-11 08:39:38',Resuelto,,
161111-355777,,Incidente importado desde SAC,,Inspecciones Autos,Usuario Importador,Telemarketing,,,Solucionado,,,,,AUS1 - AUTOMOTORES,860842,,5336123,Inspección por previa DDJJ,,,,'2021-04-28 13:20:00','2016-11-11 08:39:38','2016-11-11 08:39:38',Resuelto,,
161111-355786,,Incidente importado desde SAC,,,Usuario Importador,Telemarketing,,,Solucionado,,,,,AUS1 - AUTOMOTORES,860851,,512574,Cliente para retención,,,,'2021-04-28 13:20:00','2016-11-11 08:39:39','2016-11-11 08:39:39',Atendido,,
161111-355787,,Incidente importado desde SAC,,Emisión Masivos,Usuario Importador,Telemarketing,,,Solucionado,,,,,AUS1 - AUTOMOTORES,860852,,7339004,Baja de póliza,,,,'2021-04-28 13:20:00','2016-11-11 08:39:39','2016-11-11 08:39:39',Resuelto,,
161111-355791,,Incidente importado desde SAC,,Pago Telefonico,Usuario Importador,Telemarketing,,,Solucionado,,,,,AUS1 - AUTOMOTORES,860856,,5097645,Pago telefónico,,,,'2021-04-28 13:20:00','2016-11-11 08:39:39','2016-11-11 08:39:39',Resuelto,,
161111-355792,,Incidente importado desde SAC,,Cac,Usuario Importador,Telemarketing,,,Solucionado,,,,,AUS1 - AUTOMOTORES,860857,,4482644,Endosos CAC,,,,'2021-04-28 13:20:00','2016-11-11 08:39:39','2016-11-11 08:39:39',Resuelto,,
161111-355795,,Incidente importado desde SAC,,Emisión Masivos,Usuario Importador,Telemarketing,,,Solucionado,,,,,AUS1 - AUTOMOTORES,860860,,369911,Bonificación,,,,'2021-04-28 13:20:00','2016-11-11 08:39:39','2016-11-11 08:39:39',Resuelto,,
161111-355799,,Incidente importado desde SAC,,Mailing,Usuario Importador,Telemarketing,,,Solucionado,,,,,APL1 - AUTOMOTORES PLANES,860864,,7263622,Certificado de cobertura,,,,'2021-04-28 13:20:00','2016-11-11 08:39:40','2016-11-11 08:39:40',Resuelto,,
161111-355800,,Incidente importado desde SAC,,Emisión Masivos,Usuario Importador,Telemarketing,,,Solucionado,,,,,AUS1 - AUTOMOTORES,860865,,749587,Rehabilitación de póliza sin Inspección,,,,'2021-04-28 13:20:00','2016-11-11 08:39:40','2016-11-11 08:39:40',Resuelto,,
161111-355801,,Incidente importado desde SAC,,,Usuario Importador,Telemarketing,,,Solucionado,,,,,AUS1 - AUTOMOTORES,860866,,3132866,Cliente para retención,,,,'2021-04-28 13:20:00','2016-11-11 08:39:40','2016-11-11 08:39:40',Atendido,,
161111-355803,,Incidente importado desde SAC,,Drive in Lanus,Usuario Importador,Telemarketing,,,Solucionado,,,,,AUS1 - AUTOMOTORES,860868,,433664,Daños materiales drive in Lanús,,,,'2021-04-28 13:20:00','2016-11-11 08:39:40','2016-11-11 08:39:40',Resuelto,,
161111-355804,,Incidente importado desde SAC,,Lesiones,Usuario Importador,Telemarketing,,,Solucionado,,,,,AUT1 - AUTOMOTORES,860869,,2631686,Tercero lesionado,,,,'2021-04-28 13:20:00','2016-11-11 08:39:40','2016-11-11 08:39:40',Resuelto,,
161111-355805,,Incidente importado desde SAC,,Emisión Masivos,Usuario Importador,Telemarketing,,,Solucionado,,,,,AUS1 - AUTOMOTORES,860870,,3286588,Baja de póliza,,,,'2021-04-28 13:20:00','2016-11-11 08:39:40','2016-11-11 08:39:40',Resuelto,,
161111-355808,,Incidente importado desde SAC,,Emisión Masivos,Usuario Importador,Telemarketing,,,Solucionado,,,,,APR1 - AUTOMOTORES,860873,,3416959,Rechazos/ Reducción de cobertura,,,,'2021-04-28 13:20:00','2016-11-11 08:39:40','2016-11-11 08:39:40',Resuelto,,
161111-355809,,Incidente importado desde SAC,,Especialistas,Usuario Importador,Especialistas,,,Solucionado,,,,,AUS1 - AUTOMOTORES,860874,,1321927,Inspección por previa,,,,'2021-04-28 13:20:00','2016-11-11 08:39:40','2016-11-11 08:39:40',Resuelto,,
161111-355810,,Incidente importado desde SAC,,Emisión Masivos,Usuario Importador,Telemarketing,,,Solucionado,,,,,AUS1 - AUTOMOTORES,860875,,4346389,Modificaciones datos del producto,,,,'2021-04-28 13:20:00','2016-11-11 08:39:40','2016-11-11 08:39:40',Resuelto,,
161111-355811,,Incidente importado desde SAC,,Emisión Masivos,Usuario Importador,Telemarketing,,,Solucionado,,,,,AUS1 - AUTOMOTORES,860876,,2821741,Baja de póliza,,,,'2021-04-28 13:20:00','2016-11-11 08:39:41','2016-11-11 08:39:41',Resuelto,,
161111-355812,,Incidente importado desde SAC,,Drive in San Isidro,Usuario Importador,Telemarketing,,,Solucionado,,,,,AUS1 - AUTOMOTORES,860877,,4909637,Daños materiales drive in San Isidro,,,,'2021-04-28 13:20:00','2016-11-11 08:39:41','2016-11-11 08:39:41',Resuelto,,
161111-355814,,Incidente importado desde SAC,,Emisión Masivos,Usuario Importador,Especialistas,,,Solucionado,,,,,AUS1 - AUTOMOTORES,860879,,6723565,,,,,'2021-04-28 13:20:00','2016-11-11 08:39:41','2016-11-11 08:39:41',Resuelto,,
161111-355816,,Incidente importado desde SAC,,Emisión Masivos,Usuario Importador,Telemarketing,,,Solucionado,,,,,AUS1 - AUTOMOTORES,860881,,379057,Baja de póliza,,,,'2021-04-28 13:20:00','2016-11-11 08:39:41','2016-11-11 08:39:41',Resuelto,,
161111-355819,,Incidente importado desde SAC,,Emisión Masivos,Usuario Importador,Comercial,,,Solucionado,,,,,AUS1 - AUTOMOTORES,860884,,4268900,,,,,'2021-04-28 13:20:00','2016-11-11 08:39:41','2016-11-11 08:39:41',Resuelto,,
161111-355820,,Incidente importado desde SAC,,Emisión Masivos,Usuario Importador,Telemarketing,,,Solucionado,,,,,AUS1 - AUTOMOTORES,860885,,2285567,Propuesta incompleta,,,,'2021-04-28 13:20:00','2016-11-11 08:39:41','2016-11-11 08:39:41',Resuelto,,
161111-355821,,Incidente importado desde SAC,,Emisión Masivos,Usuario Importador,Telemarketing,,,Solucionado,,,,,HOM1 - SEGURO DEL HOGAR,860886,,2235240,Baja de póliza,,,,'2021-04-28 13:20:00','2016-11-11 08:39:41','2016-11-11 08:39:41',Resuelto,,
161111-355822,,Incidente importado desde SAC,,,Usuario Importador,Canal productor,,,Solucionado,,,,,AUS1 - AUTOMOTORES,860887,,229180,Corrección de propuesta,,,,'2021-04-28 13:20:00','2016-11-11 08:39:42','2016-11-11 08:39:42',Resuelto,,
161111-355824,,Incidente importado desde SAC,,Emisión Masivos,Usuario Importador,Telemarketing,,,Solucionado,,,,,AUS1 - AUTOMOTORES,860889,,6608308,Propuesta incompleta,,,,'2021-04-28 13:20:00','2016-11-11 08:39:42','2016-11-11 08:39:42',Resuelto,,
161111-355829,,Incidente importado desde SAC,,Oficina Mar del Plata,Usuario Importador,Telemarketing,,,Solucionado,,,,,AUS1 - AUTOMOTORES,860894,,511722,Daños materiales Mar del Plata,,,,'2021-04-28 13:20:00','2016-11-11 08:39:42','2016-11-11 08:39:42',Resuelto,,
161111-355834,,Incidente importado desde SAC,,Fleet Services,Usuario Importador,Telemarketing,,,Solucionado,,,,,AUT1 - AUTOMOTORES,860899,,5075146,Contacto del tercero,,,,'2021-04-28 13:20:00','2016-11-11 08:39:42','2016-11-11 08:39:42',Resuelto,,
161111-355836,,Incidente importado desde SAC,,Emisión Masivos,Usuario Importador,Especialistas,,,Solucionado,,,,,AUS1 - AUTOMOTORES,860901,,1434204,Instalación de dispositivo de rastreo,,,,'2021-04-28 13:20:00','2016-11-11 08:39:42','2016-11-11 08:39:42',Resuelto,,
161111-355840,,Incidente importado desde SAC,,Emisión Masivos,Usuario Importador,Telemarketing,,,Solucionado,,,,,HOM1 - SEGURO DEL HOGAR,860905,,7675825,Baja de póliza,,,,'2021-04-28 13:20:00','2016-11-11 08:39:42','2016-11-11 08:39:42',Resuelto,,
161111-355844,,Incidente importado desde SAC,,Cac,Usuario Importador,Telemarketing,,,Solucionado,,,,,AUS1 - AUTOMOTORES,860909,,3095408,Modificaciones datos del producto,,,,'2021-04-28 13:20:00','2016-11-11 08:39:43','2016-11-11 08:39:43',Resuelto,,
161111-355846,,Incidente importado desde SAC,,Emisión Masivos,Usuario Importador,Telemarketing,,,Solucionado,,,,,HOM1 - SEGURO DEL HOGAR,860911,,2457846,Ampliación de Cobertura con inspección,,,,'2021-04-28 13:20:00','2016-11-11 08:39:43','2016-11-11 08:39:43',Resuelto,,
161111-355847,,Incidente importado desde SAC,,Drive in Ciudadela,Usuario Importador,Telemarketing,,,Solucionado,,,,,AUS1 - AUTOMOTORES,860912,,2615722,Daños materiales drive in Ciudadela,,,,'2021-04-28 13:20:00','2016-11-11 08:39:43','2016-11-11 08:39:43',No Procedente,,
161111-355848,,Incidente importado desde SAC,,Emisión Masivos,Usuario Importador,Canal productor,,,Solucionado,,,,,AUS1 - AUTOMOTORES,860913,,5820861,Venta,,,,'2021-04-28 13:20:00','2016-11-11 08:39:43','2016-11-11 08:39:43',Resuelto,,
161111-355849,,Incidente importado desde SAC,,Emisión Masivos,Usuario Importador,Telemarketing,,,Solucionado,,,,,AUS1 - AUTOMOTORES,860914,,3606645,Rechazos/ Reducción de cobertura,,,,'2021-04-28 13:20:00','2016-11-11 08:39:43','2016-11-11 08:39:43',Resuelto,,
161111-355852,,Incidente importado desde SAC,,Oficina Mendoza,Usuario Importador,Telemarketing,,,Solucionado,,,,,AUT1 - AUTOMOTORES,860917,,7504182,Lesiones,,,,'2021-04-28 13:20:00','2016-11-11 08:39:43','2016-11-11 08:39:43',Resuelto,,
161111-355857,,Incidente importado desde SAC,,Lesiones,Usuario Importador,Telemarketing,,,Solucionado,,,,,APL1 - AUTOMOTORES PLANES,860922,,3612622,Tercero lesionado,,,,'2021-04-28 13:20:00','2016-11-11 08:39:44','2016-11-11 08:39:44',Resuelto,,
161111-355858,,Incidente importado desde SAC,,Cac,Usuario Importador,Telemarketing,,,Solucionado,,,,,AUS1 - AUTOMOTORES,860923,,1738284,No califica,,,,'2021-04-28 13:20:00','2016-11-11 08:39:44','2016-11-11 08:39:44',Resuelto,,
161111-355859,,Incidente importado desde SAC,,Riesgos Varios Casa Central,Usuario Importador,Telemarketing,,,Solucionado,,,,,HOM1 - SEGURO DEL HOGAR,860924,,951357,Riesgos Varios Casa Central,,,,'2021-04-28 13:20:00','2016-11-11 08:39:44','2016-11-11 08:39:44',Resuelto,,
161111-355861,,Incidente importado desde SAC,,Telecobranzas,Usuario Importador,Telemarketing,,,Solucionado,,,,,AUS1 - AUTOMOTORES,860926,,3234940,Mensaje,,,,'2021-04-28 13:20:00','2016-11-11 08:39:44','2016-11-11 08:39:44',Atendido,,
161111-355863,,Incidente importado desde SAC,,Emisión Masivos,Usuario Importador,Telemarketing,,,Solucionado,,,,,AUS1 - AUTOMOTORES,860928,,6991567,No califica,,,,'2021-04-28 13:20:00','2016-11-11 08:39:44','2016-11-11 08:39:44',Resuelto,,
161111-355867,,Incidente importado desde SAC,,Emisión Masivos,Usuario Importador,Telemarketing,,,Solucionado,,,,,AUS1 - AUTOMOTORES,860932,,2791186,Baja de póliza,,,,'2021-04-28 13:20:00','2016-11-11 08:39:45','2016-11-11 08:39:45',Resuelto,,
161111-355870,,Incidente importado desde SAC,,Emisión Masivos,Usuario Importador,Carta,,,Solucionado,,,,,AUS1 - AUTOMOTORES,860935,,439063,No califica,,,,'2021-04-28 13:20:00','2016-11-11 08:39:45','2016-11-11 08:39:45',Resuelto,,
161111-355873,,Incidente importado desde SAC,,Lesiones,Usuario Importador,Telemarketing,,,Solucionado,,,,,AUS1 - AUTOMOTORES,860938,,4482725,Tercero lesionado,,,,'2021-04-28 13:20:00','2016-11-11 08:39:45','2016-11-11 08:39:45',Resuelto,,
161111-355877,,Incidente importado desde SAC,,Inspecciones Autos,Usuario Importador,Telemarketing,,,Solucionado,,,,,AUS1 - AUTOMOTORES,860942,,2268953,Inspección por previa DDJJ,,,,'2021-04-28 13:20:00','2016-11-11 08:39:46','2016-11-11 08:39:46',Resuelto,,
161111-355878,,Incidente importado desde SAC,,Telecobranzas,Usuario Importador,Telemarketing,,,Solucionado,,,,,AUS1 - AUTOMOTORES,860943,,2679650,Mensaje,,,,'2021-04-28 13:20:00','2016-11-11 08:39:46','2016-11-11 08:39:46',Atendido,,
161111-355884,,Incidente importado desde SAC,,,Usuario Importador,Telemarketing,,,Solucionado,,,,,AUS1 - AUTOMOTORES,860949,,692784,Cliente para retención,,,,'2021-04-28 13:20:00','2016-11-11 08:39:46','2016-11-11 08:39:46',Atendido,,
161111-355885,,Incidente importado desde SAC,,Telecobranzas,Usuario Importador,Telemarketing,,,Solucionado,,,,,AUS1 - AUTOMOTORES,860950,,6682709,No pago,,,,'2021-04-28 13:20:00','2016-11-11 08:39:46','2016-11-11 08:39:46',Atendido,,
161111-355887,,Incidente importado desde SAC,,Robo / Destruccion Total,Usuario Importador,Telemarketing,,,Solucionado,,,,,AUS1 - AUTOMOTORES,860952,,3393138,Daños materiales drive in La Plata,,,,'2021-04-28 13:20:00','2016-11-11 08:39:46','2016-11-11 08:39:46',Resuelto,,
161111-355891,,Incidente importado desde SAC,,Inspecciones Autos,Usuario Importador,Telemarketing,,,Solucionado,,,,,AUS1 - AUTOMOTORES,860956,,753204,Inspección por previa DDJJ,,,,'2021-04-28 13:20:00','2016-11-11 08:39:47','2016-11-11 08:39:47',Resuelto,,
161111-355892,,Incidente importado desde SAC,,Daños Materiales Autos,Usuario Importador,Telemarketing,,,Solucionado,,,,,AUS1 - AUTOMOTORES,860957,,5875792,Daños materiales Casa Central,,,,'2021-04-28 13:20:00','2016-11-11 08:39:47','2016-11-11 08:39:47',Resuelto,,
161111-355895,,Incidente importado desde SAC,,Emisión Masivos,Usuario Importador,Telemarketing,,,Solucionado,,,,,APR1 - AUTOMOTORES,860960,,2431970,Rechazos/ Reducción de cobertura,,,,'2021-04-28 13:20:00','2016-11-11 08:39:48','2016-11-11 08:39:48',Resuelto,,
161111-355899,,Incidente importado desde SAC,,Emisión Masivos,Usuario Importador,Telemarketing,,,Solucionado,,,,,HOM1 - SEGURO DEL HOGAR,860964,,7214966,Propuesta incompleta,,,,'2021-04-28 13:20:00','2016-11-11 08:39:49','2016-11-11 08:39:49',Resuelto,,
161111-355906,,Incidente importado desde SAC,,Emisión Masivos,Usuario Importador,Telemarketing,,,Solucionado,,,,,AUS1 - AUTOMOTORES,860971,,5485617,Ampliación de Cobertura con inspección,,,,'2021-04-28 13:20:00','2016-11-11 08:39:50','2016-11-11 08:39:50',Resuelto,,
161111-355909,,Incidente importado desde SAC,,Emisión Masivos,Usuario Importador,Telemarketing,,,Solucionado,,,,,AUS1 - AUTOMOTORES,860974,,1008698,Propuesta incompleta,,,,'2021-04-28 13:20:00','2016-11-11 08:39:51','2016-11-11 08:39:51',Resuelto,,
161111-355912,,Incidente importado desde SAC,,Inspecciones Autos,Usuario Importador,Telemarketing,,,Solucionado,,,,,AUS1 - AUTOMOTORES,860977,,3310782,Inspección por previa DDJJ,,,,'2021-04-28 13:20:00','2016-11-11 08:39:51','2016-11-11 08:39:51',Resuelto,,
161111-355913,,Incidente importado desde SAC,,Emisión Masivos,Usuario Importador,Telemarketing,,,Solucionado,,,,,AUS1 - AUTOMOTORES,860978,,3432729,Rechazos/ Reducción de cobertura,,,,'2021-04-28 13:20:00','2016-11-11 08:39:51','2016-11-11 08:39:51',Resuelto,,
161111-355915,,Incidente importado desde SAC,,Inspecciones Autos,Usuario Importador,Telemarketing,,,Solucionado,,,,,APR1 - AUTOMOTORES,860980,,3560675,Inspección por previa DDJJ,,,,'2021-04-28 13:20:00','2016-11-11 08:39:51','2016-11-11 08:39:51',Resuelto,,
161111-355918,,Incidente importado desde SAC,,Daños Materiales Autos,Usuario Importador,Telemarketing,,,Solucionado,,,,,AUS1 - AUTOMOTORES,860983,,2414809,Robo Total,,,,'2021-04-28 13:20:00','2016-11-11 08:39:51','2016-11-11 08:39:51',Resuelto,,
161111-355919,,Incidente importado desde SAC,,Emisión Masivos,Usuario Importador,Telemarketing,,,Solucionado,,,,,HOM1 - SEGURO DEL HOGAR,860984,,3822901,No califica,,,,'2021-04-28 13:20:00','2016-11-11 08:39:51','2016-11-11 08:39:51',Resuelto,,
161111-355920,,Incidente importado desde SAC,,Inspecciones Autos,Usuario Importador,Telemarketing,,,Solucionado,,,,,AUS1 - AUTOMOTORES,860985,,7337007,Rechazos/ Reducción de cobertura,,,,'2021-04-28 13:20:00','2016-11-11 08:39:51','2016-11-11 08:39:51',No Procedente,,
161111-355924,,Incidente importado desde SAC,,Drive in San Isidro,Usuario Importador,Telemarketing,,,Solucionado,,,,,AUS1 - AUTOMOTORES,860989,,4365788,Daños materiales drive in San Isidro,,,,'2021-04-28 13:20:00','2016-11-11 08:39:51','2016-11-11 08:39:51',Resuelto,,
161111-355928,,Incidente importado desde SAC,,Emisión Masivos,Usuario Importador,Telemarketing,,,Solucionado,,,,,HOM1 - SEGURO DEL HOGAR,860993,,4562159,Ampliación de Cobertura con inspección,,,,'2021-04-28 13:20:00','2016-11-11 08:39:52','2016-11-11 08:39:52',Resuelto,,
161111-355935,,Incidente importado desde SAC,,Emisión Masivos,Usuario Importador,Telemarketing,,,Solucionado,,,,,AUS1 - AUTOMOTORES,861000,,7103813,Baja de póliza,,,,'2021-04-28 13:20:00','2016-11-11 08:39:52','2016-11-11 08:39:52',Resuelto,,
161111-355936,,Incidente importado desde SAC,,Riesgos Varios Casa Central,Usuario Importador,Telemarketing,,,Solucionado,,,,,HOM1 - SEGURO DEL HOGAR,861001,,220501,Riesgos Varios Casa Central,,,,'2021-04-28 13:20:00','2016-11-11 08:39:52','2016-11-11 08:39:52',Resuelto,,
161111-355937,,Incidente importado desde SAC,,Cac,Usuario Importador,Telemarketing,,,Solucionado,,,,,AUS1 - AUTOMOTORES,861002,,3442533,Endosos CAC,,,,'2021-04-28 13:20:00','2016-11-11 08:39:52','2016-11-11 08:39:52',Resuelto,,
161111-355940,,Incidente importado desde SAC,,Juicios Lesiones,Usuario Importador,Telemarketing,,,Solucionado,,,,,AUS1 - AUTOMOTORES,861005,,2260255,Lesiones,,,,'2021-04-28 13:20:00','2016-11-11 08:39:53','2016-11-11 08:39:53',Resuelto,,
161111-355941,,Incidente importado desde SAC,,Pago Telefonico,Usuario Importador,Telemarketing,,,Solucionado,,,,,HOM1 - SEGURO DEL HOGAR,861006,,7196062,Pago telefónico,,,,'2021-04-28 13:20:00','2016-11-11 08:39:53','2016-11-11 08:39:53',Resuelto,,
161111-355942,,Incidente importado desde SAC,,Emisión Masivos,Usuario Importador,Telemarketing,,,Solucionado,,,,,AUS1 - AUTOMOTORES,861007,,4973406,Venta,,,,'2021-04-28 13:20:00','2016-11-11 08:39:53','2016-11-11 08:39:53',Resuelto,,
161111-355943,,Incidente importado desde SAC,,Oficina Cordoba,Usuario Importador,Telemarketing,,,Solucionado,,,,,AUS1 - AUTOMOTORES,861008,,1721713,Daños materiales Cordoba,,,,'2021-04-28 13:20:00','2016-11-11 08:39:53','2016-11-11 08:39:53',Resuelto,,
161111-355945,,Incidente importado desde SAC,,Oficina Mendoza,Usuario Importador,Telemarketing,,,Solucionado,,,,,AUT1 - AUTOMOTORES,861010,,1324220,Daños materiales Mendoza,,,,'2021-04-28 13:20:00','2016-11-11 08:39:53','2016-11-11 08:39:53',Resuelto,,
161111-355956,,Incidente importado desde SAC,,Cac,Usuario Importador,Telemarketing,,,Solucionado,,,,,AUS1 - AUTOMOTORES,861021,,7681126,Ampliación de Cobertura con inspección,,,,'2021-04-28 13:20:00','2016-11-11 08:39:54','2016-11-11 08:39:54',No Procedente,,
161111-355958,,Incidente importado desde SAC,,Fleet Services,Usuario Importador,Telemarketing,,,Solucionado,,,,,AUS1 - AUTOMOTORES,861023,,5441965,Contacto del tercero,,,,'2021-04-28 13:20:00','2016-11-11 08:39:54','2016-11-11 08:39:54',Resuelto,,
161111-355959,,Incidente importado desde SAC,,Drive in Ciudadela,Usuario Importador,Telemarketing,,,Solucionado,,,,,AUS1 - AUTOMOTORES,861024,,6159088,Daños materiales drive in Ciudadela,,,,'2021-04-28 13:20:00','2016-11-11 08:39:54','2016-11-11 08:39:54',Resuelto,,
161111-355961,,Incidente importado desde SAC,,Emisión Masivos,Usuario Importador,Carta Documento,,,Solucionado,,,,,AUI1 - AUTOMOTORES INSTITUCIONES,861026,,6185898,Baja de póliza,,,,'2021-04-28 13:20:00','2016-11-11 08:39:54','2016-11-11 08:39:54',Resuelto,,
161111-355962,,Incidente importado desde SAC,,Drive in San Isidro,Usuario Importador,Telemarketing,,,Solucionado,,,,,AUS1 - AUTOMOTORES,861027,,1061844,Daños materiales drive in San Isidro,,,,'2021-04-28 13:20:00','2016-11-11 08:39:55','2016-11-11 08:39:55',Resuelto,,
161111-355963,,Incidente importado desde SAC,,Inspecciones Autos,Usuario Importador,Telemarketing,,,Solucionado,,,,,AUS1 - AUTOMOTORES,861028,,2756937,Inspección por previa DDJJ,,,,'2021-04-28 13:20:00','2016-11-11 08:39:55','2016-11-11 08:39:55',Resuelto,,
161111-355965,,Incidente importado desde SAC,,Inspecciones Autos,Usuario Importador,Telemarketing,,,Solucionado,,,,,AUS1 - AUTOMOTORES,861030,,3286014,Inspección por previa DDJJ,,,,'2021-04-28 13:20:00','2016-11-11 08:39:55','2016-11-11 08:39:55',Resuelto,,
161111-355974,,Incidente importado desde SAC,,Emisión Masivos,Usuario Importador,Telemarketing,,,Solucionado,,,,,HOM1 - SEGURO DEL HOGAR,861039,,1816547,Corrección de propuesta,,,,'2021-04-28 13:20:00','2016-11-11 08:39:56','2016-11-11 08:39:56',Resuelto,,
161111-355978,,Incidente importado desde SAC,,Mailing,Usuario Importador,Carta Documento,,,Solucionado,,,,,AUI1 - AUTOMOTORES INSTITUCIONES,861043,,2705879,Certificado de cobertura,,,,'2021-04-28 13:20:00','2016-11-11 08:39:56','2016-11-11 08:39:56',Resuelto,,
161111-355979,,Incidente importado desde SAC,,Emisión Masivos,Usuario Importador,Telemarketing,,,Solucionado,,,,,AUS1 - AUTOMOTORES,861044,,6773967,Modificación medio de pago,,,,'2021-04-28 13:20:00','2016-11-11 08:39:56','2016-11-11 08:39:56',Resuelto,,
161111-355980,,Incidente importado desde SAC,,Daños Materiales Autos,Usuario Importador,Telemarketing,,,Solucionado,,,,,AUS1 - AUTOMOTORES,861045,,1085979,Daños materiales Casa Central,,,,'2021-04-28 13:20:00','2016-11-11 08:39:56','2016-11-11 08:39:56',Resuelto,,
161111-355982,,Incidente importado desde SAC,,Emisión Masivos,Usuario Importador,Telemarketing,,,Solucionado,,,,,AUS1 - AUTOMOTORES,861047,,441859,No califica,,,,'2021-04-28 13:20:00','2016-11-11 08:39:56','2016-11-11 08:39:56',Resuelto,,
161111-355983,,Incidente importado desde SAC,,Gerencia Clientes,Usuario Importador,Telemarketing,,,Solucionado,,,,,APR1 - AUTOMOTORES,861048,,4598004,Copia de denuncia de siniestro,,,,'2021-04-28 13:20:00','2016-11-11 08:39:56','2016-11-11 08:39:56',Resuelto,,
161111-355988,,Incidente importado desde SAC,,Telecobranzas,Usuario Importador,Telemarketing,,,Solucionado,,,,,AUI1 - AUTOMOTORES INSTITUCIONES,861053,,3508812,Mensaje,,,,'2021-04-28 13:20:00','2016-11-11 08:39:57','2016-11-11 08:39:57',Atendido,,
161111-355989,,Incidente importado desde SAC,,Emisión Masivos,Usuario Importador,Telemarketing,,,Solucionado,,,,,AUS1 - AUTOMOTORES,861054,,4767931,No califica,,,,'2021-04-28 13:20:00','2016-11-11 08:39:57','2016-11-11 08:39:57',Resuelto,,
161111-355990,,Incidente importado desde SAC,,Emisión Masivos,Usuario Importador,Telemarketing,,,Solucionado,,,,,AUS1 - AUTOMOTORES,861055,,7254257,No califica,,,,'2021-04-28 13:20:00','2016-11-11 08:39:57','2016-11-11 08:39:57',Resuelto,,
161111-355992,,Incidente importado desde SAC,,Inspecciones Autos,Usuario Importador,Telemarketing,,,Solucionado,,,,,AUS1 - AUTOMOTORES,861057,,3740745,Inspección por previa DDJJ,,,,'2021-04-28 13:20:00','2016-11-11 08:39:57','2016-11-11 08:39:57',Resuelto,,
161111-355993,,Incidente importado desde SAC,,Emisión Masivos,Usuario Importador,Telemarketing,,,Solucionado,,,,,AUS1 - AUTOMOTORES,861058,,274365,Propuesta incompleta,,,,'2021-04-28 13:20:00','2016-11-11 08:39:57','2016-11-11 08:39:57',Resuelto,,
161111-355996,,Incidente importado desde SAC,,Fleet Services,Usuario Importador,Telemarketing,,,Solucionado,,,,,AUI1 - AUTOMOTORES INSTITUCIONES,861061,,1385794,Contacto del tercero,,,,'2021-04-28 13:20:00','2016-11-11 08:39:57','2016-11-11 08:39:57',Resuelto,,
161111-356000,,Incidente importado desde SAC,,Daños Materiales Interior Sur,Usuario Importador,Telemarketing,,,Solucionado,,,,,AUS1 - AUTOMOTORES,861065,,5068382,Daños materiales Interior Sur,,,,'2021-04-28 13:20:00','2016-11-11 08:39:57','2016-11-11 08:39:57',Resuelto,,
161111-356003,,Incidente importado desde SAC,,Emisión Masivos,Usuario Importador,Telemarketing,,,Solucionado,,,,,HOM1 - SEGURO DEL HOGAR,861068,,3100517,No califica,,,,'2021-04-28 13:20:00','2016-11-11 08:39:58','2016-11-11 08:39:58',Resuelto,,
161111-356005,,Incidente importado desde SAC,,Especialistas,Usuario Importador,Especialistas,,,Solucionado,,,,,AUS1 - AUTOMOTORES,861070,,7786601,Excepción comercial altas,,,,'2021-04-28 13:20:00','2016-11-11 08:39:58','2016-11-11 08:39:58',No Procedente,,
161111-356006,,Incidente importado desde SAC,,Emisión Masivos,Usuario Importador,Telemarketing,,,Solucionado,,,,,AUS1 - AUTOMOTORES,861071,,6195598,Rechazos/ Reducción de cobertura,,,,'2021-04-28 13:20:00','2016-11-11 08:39:58','2016-11-11 08:39:58',Resuelto,,
161111-356013,,Incidente importado desde SAC,,Oficina Cordoba,Usuario Importador,Canal productor,,,Solucionado,,,,,AUS1 - AUTOMOTORES,861078,,7382042,Excepción comercial altas,,,,'2021-04-28 13:20:00','2016-11-11 08:39:59','2016-11-11 08:39:59',Resuelto,,
161111-356015,,Incidente importado desde SAC,,Emisión Masivos,Usuario Importador,Telemarketing,,,Solucionado,,,,,AUS1 - AUTOMOTORES,861080,,4416661,Modificaciones datos del producto,,,,'2021-04-28 13:20:00','2016-11-11 08:39:59','2016-11-11 08:39:59',Resuelto,,
161111-356017,,Incidente importado desde SAC,,Telecobranzas,Usuario Importador,Telemarketing,,,Solucionado,,,,,AUS1 - AUTOMOTORES,861082,,5368720,Mensaje,,,,'2021-04-28 13:20:00','2016-11-11 08:39:59','2016-11-11 08:39:59',Atendido,,
161111-356018,,Incidente importado desde SAC,,Emisión Masivos,Usuario Importador,Telemarketing,,,Solucionado,,,,,AUS1 - AUTOMOTORES,861083,,4548378,Corrección de propuesta,,,,'2021-04-28 13:20:00','2016-11-11 08:39:59','2016-11-11 08:39:59',Resuelto,,
161111-356022,,Incidente importado desde SAC,,Pago Telefonico,Usuario Importador,Telemarketing,,,Solucionado,,,,,HOM1 - SEGURO DEL HOGAR,861087,,3132515,Pago telefónico,,,,'2021-04-28 13:20:00','2016-11-11 08:39:59','2016-11-11 08:39:59',Resuelto,,
161111-356024,,Incidente importado desde SAC,,Emisión Masivos,Usuario Importador,Telemarketing,,,Solucionado,,,,,APR1 - AUTOMOTORES,861089,,1218649,Ampliación de Cobertura con inspección,,,,'2021-04-28 13:20:00','2016-11-11 08:39:59','2016-11-11 08:39:59',Resuelto,,
161111-356028,,Incidente importado desde SAC,,Emisión Masivos,Usuario Importador,Telemarketing,,,Solucionado,,,,,AUS1 - AUTOMOTORES,861093,,5570588,Baja de póliza,,,,'2021-04-28 13:20:00','2016-11-11 08:39:59','2016-11-11 08:39:59',Resuelto,,
161111-356030,,Incidente importado desde SAC,,Emisión Masivos,Usuario Importador,Telemarketing,,,Solucionado,,,,,AUS1 - AUTOMOTORES,861095,,3962020,No califica,,,,'2021-04-28 13:20:00','2016-11-11 08:39:59','2016-11-11 08:39:59',Resuelto,,
161111-356032,,Incidente importado desde SAC,,Emisión Masivos,Usuario Importador,Telemarketing,,,Solucionado,,,,,HOM1 - SEGURO DEL HOGAR,861097,,7223284,Propuesta incompleta,,,,'2021-04-28 13:20:00','2016-11-11 08:39:59','2016-11-11 08:39:59',Resuelto,,
161111-356033,,Incidente importado desde SAC,,Fleet Services,Usuario Importador,Telemarketing,,,Solucionado,,,,,AUT1 - AUTOMOTORES,861098,,4443509,Contacto del tercero,,,,'2021-04-28 13:20:00','2016-11-11 08:40:00','2016-11-11 08:40:00',Resuelto,,
161111-356038,,Incidente importado desde SAC,,Mailing,Usuario Importador,Especialistas,,,Solucionado,,,,,AUS1 - AUTOMOTORES,861103,,3013607,Certificado de cobertura,,,,'2021-04-28 13:20:00','2016-11-11 08:40:00','2016-11-11 08:40:00',Resuelto,,
161111-356039,,Incidente importado desde SAC,,,Usuario Importador,Telemarketing,,,Solucionado,,,,,AUS1 - AUTOMOTORES,861104,,215472,Cliente para retención,,,,'2021-04-28 13:20:00','2016-11-11 08:40:00','2016-11-11 08:40:00',Atendido,,
161111-356040,,Incidente importado desde SAC,,Emisión Masivos,Usuario Importador,Telemarketing,,,Solucionado,,,,,HOM1 - SEGURO DEL HOGAR,861105,,2296639,Propuesta incompleta,,,,'2021-04-28 13:20:00','2016-11-11 08:40:00','2016-11-11 08:40:00',Resuelto,,
161111-356041,,Incidente importado desde SAC,,Oficina Mendoza,Usuario Importador,Telemarketing,,,Solucionado,,,,,HOM1 - SEGURO DEL HOGAR,861106,,1884771,Riesgos Varios Mendoza,,,,'2021-04-28 13:20:00','2016-11-11 08:40:00','2016-11-11 08:40:00',Resuelto,,
161111-356043,,Incidente importado desde SAC,,Mailing,Usuario Importador,Carta Documento,,,Solucionado,,,,,AUS1 - AUTOMOTORES,861108,,4273630,Certificado de cobertura,,,,'2021-04-28 13:20:00','2016-11-11 08:40:00','2016-11-11 08:40:00',Resuelto,,
161111-356044,,Incidente importado desde SAC,,Emisión Cartera Gral.,Usuario Importador,Telemarketing,,,Solucionado,,,,,AUA1 - AUTOMOTORES CARTERA GENERAL,861109,,7611311,Modificación medio de pago,,,,'2021-04-28 13:20:00','2016-11-11 08:40:00','2016-11-11 08:40:00',Resuelto,,
161111-356045,,Incidente importado desde SAC,,Emisión Masivos,Usuario Importador,Telemarketing,,,Solucionado,,,,,HOM1 - SEGURO DEL HOGAR,861110,,1360220,Baja de póliza,,,,'2021-04-28 13:20:00','2016-11-11 08:40:00','2016-11-11 08:40:00',Resuelto,,
161111-356049,,Incidente importado desde SAC,,Gerencia Clientes,Usuario Importador,Telemarketing,,,Solucionado,,,,,AUT1 - AUTOMOTORES,861114,,4549471,Certificado de cobertura,,,,'2021-04-28 13:20:00','2016-11-11 08:40:02','2016-11-11 08:40:02',Atendido,,
161111-356051,,Incidente importado desde SAC,,Emisión Masivos,Usuario Importador,Canal productor,,,Solucionado,,,,,AUS1 - AUTOMOTORES,861116,,3325002,No califica,,,,'2021-04-28 13:20:00','2016-11-11 08:40:02','2016-11-11 08:40:02',Resuelto,,
161111-356052,,Incidente importado desde SAC,,Lesiones,Usuario Importador,Telemarketing,,,Solucionado,,,,,AUA1 - AUTOMOTORES CARTERA GENERAL,861117,,7519441,Tercero lesionado,,,,'2021-04-28 13:20:00','2016-11-11 08:40:02','2016-11-11 08:40:02',Resuelto,,
161111-356053,,Incidente importado desde SAC,,Telecobranzas,Usuario Importador,Telemarketing,,,Solucionado,,,,,HOM1 - SEGURO DEL HOGAR,861118,,2131491,Mensaje,,,,'2021-04-28 13:20:00','2016-11-11 08:40:02','2016-11-11 08:40:02',Atendido,,
161111-356054,,Incidente importado desde SAC,,Oficina Rosario,Usuario Importador,Telemarketing,,,Solucionado,,,,,APR1 - AUTOMOTORES,861119,,5623410,Destrucción Total,,,,'2021-04-28 13:20:00','2016-11-11 08:40:02','2016-11-11 08:40:02',Resuelto,,
161111-356059,,Incidente importado desde SAC,,Emisión Masivos,Usuario Importador,Canal productor,,,Solucionado,,,,,AUP1 - AUTOMOTORES PRODUCTORES,861124,,278801,Inspección por previa,,,,'2021-04-28 13:20:00','2016-11-11 08:40:03','2016-11-11 08:40:03',Resuelto,,
161111-356062,,Incidente importado desde SAC,,Inspecciones Autos,Usuario Importador,Telemarketing,,,Solucionado,,,,,AUS1 - AUTOMOTORES,861127,,3600171,Inspección por previa DDJJ,,,,'2021-04-28 13:20:00','2016-11-11 08:40:04','2016-11-11 08:40:04',Resuelto,,
161111-356071,,Incidente importado desde SAC,,Mailing,Usuario Importador,Canal productor,,,Solucionado,,,,,ICO1 - INTEGR.COMERCIO,861136,,5351875,Certificado de cobertura,,,,'2021-04-28 13:20:00','2016-11-11 08:40:05','2016-11-11 08:40:05',Resuelto,,
161111-356075,,Incidente importado desde SAC,,,Usuario Importador,Telemarketing,,,Solucionado,,,,,AUS1 - AUTOMOTORES,861140,,3279003,Cliente para retención,,,,'2021-04-28 13:20:00','2016-11-11 08:40:05','2016-11-11 08:40:05',Atendido,,
161111-356079,,Incidente importado desde SAC,,Cac,Usuario Importador,Telemarketing,,,Solucionado,,,,,AUS1 - AUTOMOTORES,861144,,5568907,Facturación,,,,'2021-04-28 13:20:00','2016-11-11 08:40:06','2016-11-11 08:40:06',Anulado,,
161111-356080,,Incidente importado desde SAC,,Mailing,Usuario Importador,Telemarketing,,,Solucionado,,,,,APR1 - AUTOMOTORES,861145,,7268106,Certificado de cobertura,,,,'2021-04-28 13:20:00','2016-11-11 08:40:06','2016-11-11 08:40:06',Resuelto,,
161111-356081,,Incidente importado desde SAC,,Emisión Masivos,Usuario Importador,Carta,,,Solucionado,,,,,AUS1 - AUTOMOTORES,861146,,1779612,No califica,,,,'2021-04-28 13:20:00','2016-11-11 08:40:06','2016-11-11 08:40:06',Resuelto,,
161111-356082,,Incidente importado desde SAC,,Oficina Mendoza,Usuario Importador,Telemarketing,,,Solucionado,,,,,APR1 - AUTOMOTORES,861147,,1135583,Daños materiales Casa Central,,,,'2021-04-28 13:20:00','2016-11-11 08:40:06','2016-11-11 08:40:06',Resuelto,,
161111-356084,,Incidente importado desde SAC,,Emisión Masivos,Usuario Importador,Telemarketing,,,Solucionado,,,,,AUS1 - AUTOMOTORES,861149,,3934055,Baja de póliza,,,,'2021-04-28 13:20:00','2016-11-11 08:40:06','2016-11-11 08:40:06',Resuelto,,
161111-356085,,Incidente importado desde SAC,,Inspecciones Autos,Usuario Importador,Telemarketing,,,Solucionado,,,,,AUS1 - AUTOMOTORES,861150,,2930795,Inspección por previa DDJJ,,,,'2021-04-28 13:20:00','2016-11-11 08:40:06','2016-11-11 08:40:06',Resuelto,,
161111-356086,,Incidente importado desde SAC,,Cac,Usuario Importador,Telemarketing,,,Solucionado,,,,,AUS1 - AUTOMOTORES,861151,,3846002,Reintegro - Automático,,,,'2021-04-28 13:20:00','2016-11-11 08:40:06','2016-11-11 08:40:06',Resuelto,,
161111-356091,,Incidente importado desde SAC,,Cac,Usuario Importador,Telemarketing,,,Solucionado,,,,,APL1 - AUTOMOTORES PLANES,861156,,3632541,Daños materiales Casa Central,,,,'2021-04-28 13:20:00','2016-11-11 08:40:07','2016-11-11 08:40:07',Anulado,,
161111-356094,,Incidente importado desde SAC,,Inspecciones Autos,Usuario Importador,Telemarketing,,,Solucionado,,,,,AUS1 - AUTOMOTORES,861159,,1282038,Inspección por previa DDJJ,,,,'2021-04-28 13:20:00','2016-11-11 08:40:07','2016-11-11 08:40:07',No Procedente,,
161111-356096,,Incidente importado desde SAC,,Cac,Usuario Importador,Telemarketing,,,Solucionado,,,,,AUT1 - AUTOMOTORES,861161,,6227330,Imputación de cobranzas - Automático,,,,'2021-04-28 13:20:00','2016-11-11 08:40:07','2016-11-11 08:40:07',Anulado,,
161111-356104,,Incidente importado desde SAC,,Drive in Centro,Usuario Importador,Telemarketing,,,Solucionado,,,,,AUS1 - AUTOMOTORES,861169,,4703680,Robo aparecido,,,,'2021-04-28 13:20:00','2016-11-11 08:40:07','2016-11-11 08:40:07',Resuelto,,
161111-356110,,Incidente importado desde SAC,,Emisión Masivos,Usuario Importador,Telemarketing,,,Solucionado,,,,,AUS1 - AUTOMOTORES,861175,,2386977,Referidos,,,,'2021-04-28 13:20:00','2016-11-11 08:40:08','2016-11-11 08:40:08',Resuelto,,
161111-356116,,Incidente importado desde SAC,,Inspecciones Autos,Usuario Importador,Telemarketing,,,Solucionado,,,,,AUS1 - AUTOMOTORES,861181,,1427646,Rechazos/ Reducción de cobertura,,,,'2021-04-28 13:20:00','2016-11-11 08:40:08','2016-11-11 08:40:08',No Procedente,,
161111-356123,,Incidente importado desde SAC,,Inspecciones Autos,Usuario Importador,Telemarketing,,,Solucionado,,,,,AUS1 - AUTOMOTORES,861188,,3610350,Inspección por previa DDJJ,,,,'2021-04-28 13:20:00','2016-11-11 08:40:09','2016-11-11 08:40:09',Resuelto,,
161111-356124,,Incidente importado desde SAC,,Emisión Masivos,Usuario Importador,Telemarketing,,,Solucionado,,,,,AUS1 - AUTOMOTORES,861189,,7841246,Baja de póliza,,,,'2021-04-28 13:20:00','2016-11-11 08:40:09','2016-11-11 08:40:09',Resuelto,,
161111-356132,,Incidente importado desde SAC,,Cac,Usuario Importador,Telemarketing,,,Solucionado,,,,,HOM1 - SEGURO DEL HOGAR,861197,,1177347,Riesgos Varios Casa Central,,,,'2021-04-28 13:20:00','2016-11-11 08:40:09','2016-11-11 08:40:09',Anulado,,
161111-356137,,Incidente importado desde SAC,,Emisión Masivos,Usuario Importador,Telemarketing,,,Solucionado,,,,,AUS1 - AUTOMOTORES,861202,,3398510,Baja de póliza,,,,'2021-04-28 13:20:00','2016-11-11 08:40:09','2016-11-11 08:40:09',Resuelto,,
161111-356140,,Incidente importado desde SAC,,Emisión Masivos,Usuario Importador,Telemarketing,,,Solucionado,,,,,AUS1 - AUTOMOTORES,861205,,6500424,Baja de póliza,,,,'2021-04-28 13:20:00','2016-11-11 08:40:09','2016-11-11 08:40:09',Resuelto,,
161111-356143,,Incidente importado desde SAC,,Drive in San Isidro,Usuario Importador,Telemarketing,,,Solucionado,,,,,APR1 - AUTOMOTORES,861208,,6163190,Daños materiales drive in San Isidro,,,,'2021-04-28 13:20:00','2016-11-11 08:40:10','2016-11-11 08:40:10',Resuelto,,
161111-356144,,Incidente importado desde SAC,,Emisión Masivos,Usuario Importador,Telemarketing,,,Solucionado,,,,,AUS1 - AUTOMOTORES,861209,,3373433,Baja de póliza,,,,'2021-04-28 13:20:00','2016-11-11 08:40:10','2016-11-11 08:40:10',Resuelto,,
161111-356150,,Incidente importado desde SAC,,Emisión Masivos,Usuario Importador,Telemarketing,,,Solucionado,,,,,AUS1 - AUTOMOTORES,861215,,7225780,No califica,,,,'2021-04-28 13:20:00','2016-11-11 08:40:10','2016-11-11 08:40:10',Resuelto,,
161111-356155,,Incidente importado desde SAC,,Oficina Rosario,Usuario Importador,Telemarketing,,,Solucionado,,,,,APR1 - AUTOMOTORES,861220,,3337124,Daños materiales Rosario,,,,'2021-04-28 13:20:00','2016-11-11 08:40:11','2016-11-11 08:40:11',Resuelto,,
161111-356158,,Incidente importado desde SAC,,Emisión Masivos,Usuario Importador,Telemarketing,,,Solucionado,,,,,AUS1 - AUTOMOTORES,861223,,6078979,Propuesta incompleta,,,,'2021-04-28 13:20:00','2016-11-11 08:40:11','2016-11-11 08:40:11',No Procedente,,
161111-356165,,Incidente importado desde SAC,,Gerencia Venta Directa,Usuario Importador,Comercial,,,Solucionado,,,,,HOM1 - SEGURO DEL HOGAR,861230,,7365910,,,,,'2021-04-28 13:20:00','2016-11-11 08:40:11','2016-11-11 08:40:11',Resuelto,,
161111-356166,,Incidente importado desde SAC,,Fleet Services,Usuario Importador,Telemarketing,,,Solucionado,,,,,APR1 - AUTOMOTORES,861231,,3432972,Contacto del tercero,,,,'2021-04-28 13:20:00','2016-11-11 08:40:11','2016-11-11 08:40:11',Resuelto,,
161111-356167,,Incidente importado desde SAC,,Emisión Masivos,Usuario Importador,Especialistas,,,Solucionado,,,,,HOM1 - SEGURO DEL HOGAR,861232,,2119878,Modificación medio de pago,,,,'2021-04-28 13:20:00','2016-11-11 08:40:11','2016-11-11 08:40:11',Resuelto,,
161111-356170,,Incidente importado desde SAC,,Oficina Rosario,Usuario Importador,Telemarketing,,,Solucionado,,,,,HOM1 - SEGURO DEL HOGAR,861235,,4646395,Riesgos Varios Rosario,,,,'2021-04-28 13:20:00','2016-11-11 08:40:11','2016-11-11 08:40:11',Resuelto,,
161111-356171,,Incidente importado desde SAC,,Prestadores,Usuario Importador,Telemarketing,,,Solucionado,,,,,AUS1 - AUTOMOTORES,861236,,1369801,Reintegro SOS,,,,'2021-04-28 13:20:00','2016-11-11 08:40:12','2016-11-11 08:40:12',Resuelto,,
161111-356174,,Incidente importado desde SAC,,Fleet Services,Usuario Importador,Telemarketing,,,Solucionado,,,,,AUS1 - AUTOMOTORES,861238,,6695912,Contacto del tercero,,,,'2021-04-28 13:20:00','2016-11-11 08:40:12','2016-11-11 08:40:12',Resuelto,,
161111-356175,,Incidente importado desde SAC,,Drive in San Isidro,Usuario Importador,Telemarketing,,,Solucionado,,,,,AUI1 - AUTOMOTORES INSTITUCIONES,861239,,3410064,Daños materiales drive in San Isidro,,,,'2021-04-28 13:20:00','2016-11-11 08:40:12','2016-11-11 08:40:12',Resuelto,,
161111-352371,,,,Emisión Masivos,Fiorella Beltrami,Llamada entrante,,,Solucionado,,,45813,,AUS1 - AUTOMOTORES,861240,,6880423,Modificaciones datos del producto,,,,'2021-04-28 13:20:00','2016-11-11 08:40:12','2016-11-16 10:20:51',Resuelto,,
161111-356178,,Incidente importado desde SAC,,Telecobranzas,Usuario Importador,Telemarketing,,,Solucionado,,,,,AUS1 - AUTOMOTORES,861243,,3426208,Mensaje,,,,'2021-04-28 13:20:00','2016-11-11 08:40:12','2016-11-11 08:40:12',Atendido,,
161111-356182,,Incidente importado desde SAC,,Emisión Cartera Gral.,Usuario Importador,Telemarketing,,,Solucionado,,,,,AUA1 - AUTOMOTORES CARTERA GENERAL,861247,,3171665,Cartera general,,,,'2021-04-28 13:20:00','2016-11-11 08:40:12','2016-11-11 08:40:12',Resuelto,,
161111-356184,,Incidente importado desde SAC,,Emisión Masivos,Usuario Importador,Telemarketing,,,Solucionado,,,,,HOM1 - SEGURO DEL HOGAR,861249,,7318794,Modificación datos de hogar sin inspección,,,,'2021-04-28 13:20:00','2016-11-11 08:40:13','2016-11-11 08:40:13',Resuelto,,
161111-356185,,Incidente importado desde SAC,,Emisión Masivos,Usuario Importador,Comercial,,,Solucionado,,,,,HOM1 - SEGURO DEL HOGAR,861250,,4265847,,,,,'2021-04-28 13:20:00','2016-11-11 08:40:13','2016-11-11 08:40:13',Resuelto,,
161111-356187,,Incidente importado desde SAC,,,Usuario Importador,Telemarketing,,,Solucionado,,,,,AUS1 - AUTOMOTORES,861252,,6840881,Cliente para retención,,,,'2021-04-28 13:20:00','2016-11-11 08:40:13','2016-11-11 08:40:13',Atendido,,
161111-356189,,Incidente importado desde SAC,,Fleet Services,Usuario Importador,Telemarketing,,,Solucionado,,,,,AUA1 - AUTOMOTORES CARTERA GENERAL,861254,,1115387,Contacto del tercero,,,,'2021-04-28 13:20:00','2016-11-11 08:40:13','2016-11-11 08:40:13',Resuelto,,
161111-356191,,Incidente importado desde SAC,,,Usuario Importador,Telemarketing,,,Solucionado,,,,,AUS1 - AUTOMOTORES,861256,,2362054,Cliente para retención,,,,'2021-04-28 13:20:00','2016-11-11 08:40:13','2016-11-11 08:40:13',Atendido,,
161111-356193,,Incidente importado desde SAC,,Emisión Masivos,Usuario Importador,Telemarketing,,,Solucionado,,,,,AUS1 - AUTOMOTORES,861258,,2659940,Rechazos/ Reducción de cobertura,,,,'2021-04-28 13:20:00','2016-11-11 08:40:13','2016-11-11 08:40:13',Resuelto,,
161111-356196,,Incidente importado desde SAC,,Emisión Masivos,Usuario Importador,Telemarketing,,,Solucionado,,,,,AUS1 - AUTOMOTORES,861261,,1955051,No califica,,,,'2021-04-28 13:20:00','2016-11-11 08:40:13','2016-11-11 08:40:13',Resuelto,,
161111-356198,,Incidente importado desde SAC,,Cac,Usuario Importador,Telemarketing,,,Solucionado,,,,,AUS1 - AUTOMOTORES,861263,,2608516,Daños materiales Casa Central,,,,'2021-04-28 13:20:00','2016-11-11 08:40:13','2016-11-11 08:40:13',Anulado,,
161111-356201,,Incidente importado desde SAC,,Oficina Cordoba,Usuario Importador,Telemarketing,,,Solucionado,,,,,AUT1 - AUTOMOTORES,861266,,3464614,Daños materiales Casa Central,,,,'2021-04-28 13:20:00','2016-11-11 08:40:13','2016-11-11 08:40:13',Resuelto,,
161111-356203,,Incidente importado desde SAC,,Drive in Ciudadela,Usuario Importador,Telemarketing,,,Solucionado,,,,,AUI1 - AUTOMOTORES INSTITUCIONES,861268,,134319,Inspección por siniestros,,,,'2021-04-28 13:20:00','2016-11-11 08:40:13','2016-11-11 08:40:13',Resuelto,,
161111-356206,,Incidente importado desde SAC,,Mailing,Usuario Importador,Telemarketing,,,Solucionado,,,,,AUS1 - AUTOMOTORES,861271,,3599482,Rechazos/ Reducción de cobertura,,,,'2021-04-28 13:20:00','2016-11-11 08:40:15','2016-11-11 08:40:15',Resuelto,,
161111-356207,,Incidente importado desde SAC,,Emisión Masivos,Usuario Importador,Especialistas,,,Solucionado,,,,,AUS1 - AUTOMOTORES,861272,,1764281,Inspección por previa,,,,'2021-04-28 13:20:00','2016-11-11 08:40:15','2016-11-11 08:40:15',Resuelto,,
161111-356212,,Incidente importado desde SAC,,Oficina Cordoba,Usuario Importador,Telemarketing,,,Solucionado,,,,,HOM1 - SEGURO DEL HOGAR,861277,,5344800,Riesgos Varios Cordoba,,,,'2021-04-28 13:20:00','2016-11-11 08:40:16','2016-11-11 08:40:16',Resuelto,,
161111-356217,,Incidente importado desde SAC,,Oficina Mar del Plata,Usuario Importador,Telemarketing,,,Solucionado,,,,,HOM1 - SEGURO DEL HOGAR,861282,,495695,Riesgos Varios Casa Central,,,,'2021-04-28 13:20:00','2016-11-11 08:40:17','2016-11-11 08:40:17',Resuelto,,
161111-356218,,Incidente importado desde SAC,,Emisión Masivos,Usuario Importador,Especialistas,,,Solucionado,,,,,AUS1 - AUTOMOTORES,861283,,3409505,No califica,,,,'2021-04-28 13:20:00','2016-11-11 08:40:17','2016-11-11 08:40:17',Resuelto,,
161111-356222,,Incidente importado desde SAC,,Gerencia Productores,Usuario Importador,Carta Documento,,,Solucionado,,,,,HOM1 - SEGURO DEL HOGAR,861287,,3696334,No califica,,,,'2021-04-28 13:20:00','2016-11-11 08:40:17','2016-11-11 08:40:17',Resuelto,,
161111-356229,,Incidente importado desde SAC,,,Usuario Importador,Telemarketing,,,Solucionado,,,,,AUS1 - AUTOMOTORES,861293,,1428183,Cliente para retención,,,,'2021-04-28 13:20:00','2016-11-11 08:40:18','2016-11-11 08:40:18',Atendido,,
161111-356230,,Incidente importado desde SAC,,Inspecciones Autos,Usuario Importador,Telemarketing,,,Solucionado,,,,,AUS1 - AUTOMOTORES,861294,,2452145,Inspección por previa DDJJ,,,,'2021-04-28 13:20:00','2016-11-11 08:40:18','2016-11-11 08:40:18',Resuelto,,
161111-356231,,Incidente importado desde SAC,,Emisión Masivos,Usuario Importador,Telemarketing,,,Solucionado,,,,,AUS1 - AUTOMOTORES,861295,,2936585,4 cuotas con un descuento del 15 %,,,,'2021-04-28 13:20:00','2016-11-11 08:40:18','2016-11-11 08:40:18',Resuelto,,
161111-356233,,Incidente importado desde SAC,,Oficina Cordoba,Usuario Importador,Carta Documento,,,Solucionado,,,,,AUS1 - AUTOMOTORES,861297,,1294237,Ampliación de Cobertura con inspección,,,,'2021-04-28 13:20:00','2016-11-11 08:40:18','2016-11-11 08:40:18',No Procedente,,
161111-356235,,Incidente importado desde SAC,,Oficina Rosario,Usuario Importador,Telemarketing,,,Solucionado,,,,,HOM1 - SEGURO DEL HOGAR,861299,,7356410,Riesgos Varios Casa Central,,,,'2021-04-28 13:20:00','2016-11-11 08:40:18','2016-11-11 08:40:18',Resuelto,,
161111-356236,,Incidente importado desde SAC,,Inspecciones Autos,Usuario Importador,Telemarketing,,,Solucionado,,,,,AUS1 - AUTOMOTORES,861300,,496975,Inspección por previa DDJJ,,,,'2021-04-28 13:20:00','2016-11-11 08:40:18','2016-11-11 08:40:18',Resuelto,,
161111-356237,,Incidente importado desde SAC,,Cerrito- CIS,Usuario Importador,Canal productor,,,Solucionado,,,,,AUT1 - AUTOMOTORES,861301,,7643518,Cerrito - CIS,,,,'2021-04-28 13:20:00','2016-11-11 08:40:18','2016-11-11 08:40:18',Resuelto,,
161111-356238,,Incidente importado desde SAC,,Mailing,Usuario Importador,Telemarketing,,,Solucionado,,,,,APR1 - AUTOMOTORES,861302,,4804682,Certificado de cobertura,,,,'2021-04-28 13:20:00','2016-11-11 08:40:18','2016-11-11 08:40:18',Atendido,,
161111-356242,,Incidente importado desde SAC,,,Usuario Importador,Telemarketing,,,Solucionado,,,,,AUS1 - AUTOMOTORES,861306,,746383,Cliente para retención,,,,'2021-04-28 13:20:00','2016-11-11 08:40:19','2016-11-11 08:40:19',Atendido,,
161111-356243,,Incidente importado desde SAC,,Emisión Masivos,Usuario Importador,Telemarketing,,,Solucionado,,,,,AUS1 - AUTOMOTORES,861307,,1368143,4 cuotas con un descuento del 25 %,,,,'2021-04-28 13:20:00','2016-11-11 08:40:19','2016-11-11 08:40:19',Resuelto,,
161111-356244,,Incidente importado desde SAC,,Mailing,Usuario Importador,Telemarketing,,,Solucionado,,,,,APR1 - AUTOMOTORES,861308,,4432239,Certificado de cobertura,,,,'2021-04-28 13:20:00','2016-11-11 08:40:19','2016-11-11 08:40:19',Resuelto,,
161111-356245,,Incidente importado desde SAC,,Emisión Masivos,Usuario Importador,Telemarketing,,,Solucionado,,,,,AUS1 - AUTOMOTORES,861309,,851765,Rechazos/ Reducción de cobertura,,,,'2021-04-28 13:20:00','2016-11-11 08:40:19','2016-11-11 08:40:19',Resuelto,,
161111-356248,,Incidente importado desde SAC,,Emisión Masivos,Usuario Importador,Telemarketing,,,Solucionado,,,,,AUS1 - AUTOMOTORES,861312,,5692565,No califica,,,,'2021-04-28 13:20:00','2016-11-11 08:40:19','2016-11-11 08:40:19',Resuelto,,
161111-356253,,Incidente importado desde SAC,,Emisión Masivos,Usuario Importador,Telemarketing,,,Solucionado,,,,,HOM1 - SEGURO DEL HOGAR,861317,,3645526,Propuesta incompleta,,,,'2021-04-28 13:20:00','2016-11-11 08:40:20','2016-11-11 08:40:20',Resuelto,,
161111-356256,,Incidente importado desde SAC,,Mailing,Usuario Importador,Telemarketing,,,Solucionado,,,,,AUI1 - AUTOMOTORES INSTITUCIONES,861320,,3516550,Certificado de cobertura,,,,'2021-04-28 13:20:00','2016-11-11 08:40:20','2016-11-11 08:40:20',Resuelto,,
161111-356257,,Incidente importado desde SAC,,Emisión Masivos,Usuario Importador,Telemarketing,,,Solucionado,,,,,AUS1 - AUTOMOTORES,861321,,3577566,Rechazos/ Reducción de cobertura,,,,'2021-04-28 13:20:00','2016-11-11 08:40:20','2016-11-11 08:40:20',Resuelto,,
161111-356258,,Incidente importado desde SAC,,Emisión Masivos,Usuario Importador,Telemarketing,,,Solucionado,,,,,AUS1 - AUTOMOTORES,861322,,3622913,Rechazos/ Reducción de cobertura,,,,'2021-04-28 13:20:00','2016-11-11 08:40:20','2016-11-11 08:40:20',Resuelto,,
161111-356259,,Incidente importado desde SAC,,Gerencia Venta Directa,Usuario Importador,Especialistas,,,Solucionado,,,,,AUS1 - AUTOMOTORES,861323,,387777,,,,,'2021-04-28 13:20:00','2016-11-11 08:40:20','2016-11-11 08:40:20',Resuelto,,
161111-356260,,Incidente importado desde SAC,,Cleas,Usuario Importador,Telemarketing,,,Solucionado,,,,,AUS1 - AUTOMOTORES,861324,,688184,Daños materiales Cleas,,,,'2021-04-28 13:20:00','2016-11-11 08:40:20','2016-11-11 08:40:20',Resuelto,,
161111-356261,,Incidente importado desde SAC,,Inspecciones Autos,Usuario Importador,Telemarketing,,,Solucionado,,,,,AUS1 - AUTOMOTORES,861325,,5205298,Inspección por previa DDJJ,,,,'2021-04-28 13:20:00','2016-11-11 08:40:20','2016-11-11 08:40:20',Resuelto,,
161111-356263,,Incidente importado desde SAC,,Emisión Masivos,Usuario Importador,Carta Documento,,,Solucionado,,,,,APR1 - AUTOMOTORES,861327,,2530825,Inclusión de GNC,,,,'2021-04-28 13:20:00','2016-11-11 08:40:20','2016-11-11 08:40:20',Resuelto,,
161111-356264,,Incidente importado desde SAC,,Telecobranzas,Usuario Importador,Telemarketing,,,Solucionado,,,,,AUS1 - AUTOMOTORES,861328,,6124837,Mensaje,,,,'2021-04-28 13:20:00','2016-11-11 08:40:20','2016-11-11 08:40:20',Atendido,,
161111-356266,,Incidente importado desde SAC,,Inspecciones Autos,Usuario Importador,Canal productor,,,Solucionado,,,,,AUS1 - AUTOMOTORES,861330,,2677249,Inspección por previa DDJJ,,,,'2021-04-28 13:20:00','2016-11-11 08:40:20','2016-11-11 08:40:20',Resuelto,,
161111-356267,,Incidente importado desde SAC,,Mailing,Usuario Importador,Canal productor,,,Solucionado,,,,,AUT1 - AUTOMOTORES,861331,,7706454,Certificado de cobertura,,,,'2021-04-28 13:20:00','2016-11-11 08:40:20','2016-11-11 08:40:20',Resuelto,,
161111-356271,,Incidente importado desde SAC,,Cac,Usuario Importador,Telemarketing,,,Solucionado,,,,,AUS1 - AUTOMOTORES,861335,,7759610,Reintegro - Automático,,,,'2021-04-28 13:20:00','2016-11-11 08:40:21','2016-11-11 08:40:21',Resuelto,,
161111-356276,,Incidente importado desde SAC,,Drive in San Isidro,Usuario Importador,Telemarketing,,,Solucionado,,,,,AUS1 - AUTOMOTORES,861340,,6611427,Daños materiales drive in San Isidro,,,,'2021-04-28 13:20:00','2016-11-11 08:40:21','2016-11-11 08:40:21',Resuelto,,
161111-356278,,Incidente importado desde SAC,,Riesgos Varios Casa Central,Usuario Importador,Telemarketing,,,Solucionado,,,,,HOM1 - SEGURO DEL HOGAR,861342,,1111491,Riesgos Varios Casa Central,,,,'2021-04-28 13:20:00','2016-11-11 08:40:21','2016-11-11 08:40:21',Resuelto,,
161111-356282,,Incidente importado desde SAC,,,Usuario Importador,Telemarketing,,,Solucionado,,,,,AUS1 - AUTOMOTORES,861346,,1734532,Cliente para retención,,,,'2021-04-28 13:20:00','2016-11-11 08:40:21','2016-11-11 08:40:21',Atendido,,
161111-356284,,Incidente importado desde SAC,,Emisión Masivos,Usuario Importador,Telemarketing,,,Solucionado,,,,,AUS1 - AUTOMOTORES,861348,,2008210,4 cuotas con un descuento del 25 %,,,,'2021-04-28 13:20:00','2016-11-11 08:40:22','2016-11-11 08:40:22',Resuelto,,
161111-356286,,Incidente importado desde SAC,,Emisión Masivos,Usuario Importador,Telemarketing,,,Solucionado,,,,,HOM1 - SEGURO DEL HOGAR,861350,,7609723,Baja de póliza,,,,'2021-04-28 13:20:00','2016-11-11 08:40:22','2016-11-11 08:40:22',Resuelto,,
161111-356287,,Incidente importado desde SAC,,,Usuario Importador,Telemarketing,,,Solucionado,,,,,AUS1 - AUTOMOTORES,861351,,7513627,Cliente para retención,,,,'2021-04-28 13:20:00','2016-11-11 08:40:22','2016-11-11 08:40:22',Atendido,,
161111-356290,,Incidente importado desde SAC,,,Usuario Importador,Telemarketing,,,Solucionado,,,,,AUS1 - AUTOMOTORES,861354,,3512308,Cliente para retención,,,,'2021-04-28 13:20:00','2016-11-11 08:40:22','2016-11-11 08:40:22',Atendido,,
161111-356291,,Incidente importado desde SAC,,Emisión Masivos,Usuario Importador,Comercial,,,Solucionado,,,,,AUI1 - AUTOMOTORES INSTITUCIONES,861355,,6906835,No califica,,,,'2021-04-28 13:20:00','2016-11-11 08:40:22','2016-11-11 08:40:22',Resuelto,,
161111-356293,,Incidente importado desde SAC,,Inspecciones Autos,Usuario Importador,Telemarketing,,,Solucionado,,,,,AUS1 - AUTOMOTORES,861357,,7244910,Inspección por previa DDJJ,,,,'2021-04-28 13:20:00','2016-11-11 08:40:22','2016-11-11 08:40:22',Resuelto,,
161111-356295,,Incidente importado desde SAC,,Mailing,Usuario Importador,Telemarketing,,,Solucionado,,,,,HOM1 - SEGURO DEL HOGAR,861359,,5157355,Modificación de canal de cobro por única vez,,,,'2021-04-28 13:20:00','2016-11-11 08:40:22','2016-11-11 08:40:22',Resuelto,,
161111-356296,,Incidente importado desde SAC,,Inspecciones Autos,Usuario Importador,Telemarketing,,,Solucionado,,,,,AUS1 - AUTOMOTORES,861360,,3756189,Inspección por previa DDJJ,,,,'2021-04-28 13:20:00','2016-11-11 08:40:22','2016-11-11 08:40:22',Resuelto,,
161111-356300,,Incidente importado desde SAC,,Oficina Cordoba,Usuario Importador,Telemarketing,,,Solucionado,,,,,APR1 - AUTOMOTORES,861364,,3378425,Tercero lesionado,,,,'2021-04-28 13:20:00','2016-11-11 08:40:23','2016-11-11 08:40:23',Resuelto,,
161111-356302,,Incidente importado desde SAC,,,Usuario Importador,Telemarketing,,,Solucionado,,,,,AUS1 - AUTOMOTORES,861366,,7419982,Cliente para retención,,,,'2021-04-28 13:20:00','2016-11-11 08:40:23','2016-11-11 08:40:23',Atendido,,
161111-356304,,Incidente importado desde SAC,,Oficina Mar del Plata,Usuario Importador,Telemarketing,,,Solucionado,,,,,HOM1 - SEGURO DEL HOGAR,861368,,2821270,Riesgos Varios Mar del Plata,,,,'2021-04-28 13:20:00','2016-11-11 08:40:23','2016-11-11 08:40:23',Resuelto,,
161111-356305,,Incidente importado desde SAC,,Daños Materiales Autos,Usuario Importador,Telemarketing,,,Solucionado,,,,,AUS1 - AUTOMOTORES,861369,,4676037,Daños materiales Casa Central,,,,'2021-04-28 13:20:00','2016-11-11 08:40:23','2016-11-11 08:40:23',Resuelto,,
161111-356308,,Incidente importado desde SAC,,Emisión Masivos,Usuario Importador,Telemarketing,,,Solucionado,,,,,HOM1 - SEGURO DEL HOGAR,861372,,5264016,Propuesta incompleta,,,,'2021-04-28 13:20:00','2016-11-11 08:40:23','2016-11-11 08:40:23',Resuelto,,
161111-356311,,Incidente importado desde SAC,,Pago Telefonico,Usuario Importador,Telemarketing,,,Solucionado,,,,,AUS1 - AUTOMOTORES,861375,,1898996,Pago telefónico,,,,'2021-04-28 13:20:00','2016-11-11 08:40:24','2016-11-11 08:40:24',Resuelto,,
161111-356315,,Incidente importado desde SAC,,Cac,Usuario Importador,Telemarketing,,,Solucionado,,,,,HOM1 - SEGURO DEL HOGAR,861379,,1112713,Cambio de titularidad,,,,'2021-04-28 13:20:00','2016-11-11 08:40:24','2016-11-11 08:40:24',No Procedente,,
161111-356317,,Incidente importado desde SAC,,Emisión Masivos,Usuario Importador,Especialistas,,,Solucionado,,,,,AUS1 - AUTOMOTORES,861381,,4413113,No califica,,,,'2021-04-28 13:20:00','2016-11-11 08:40:25','2016-11-11 08:40:25',Resuelto,,
161111-356318,,Incidente importado desde SAC,,Inspecciones Autos,Usuario Importador,Telemarketing,,,Solucionado,,,,,AUS1 - AUTOMOTORES,861382,,3526489,Inspección por previa DDJJ,,,,'2021-04-28 13:20:00','2016-11-11 08:40:25','2016-11-11 08:40:25',Resuelto,,
161111-356320,,Incidente importado desde SAC,,Emisión Masivos,Usuario Importador,Telemarketing,,,Solucionado,,,,,AUS1 - AUTOMOTORES,861384,,6861125,No califica,,,,'2021-04-28 13:20:00','2016-11-11 08:40:25','2016-11-11 08:40:25',Resuelto,,
161111-356324,,Incidente importado desde SAC,,Drive in Libertador,Usuario Importador,Telemarketing,,,Solucionado,,,,,AUS1 - AUTOMOTORES,861388,,5478750,Inspección por siniestros,,,,'2021-04-28 13:20:00','2016-11-11 08:40:25','2016-11-11 08:40:25',Resuelto,,
161111-356326,,Incidente importado desde SAC,,Mailing,Usuario Importador,Telemarketing,,,Solucionado,,,,,APR1 - AUTOMOTORES,861390,,1387553,Certificado de cobertura,,,,'2021-04-28 13:20:00','2016-11-11 08:40:25','2016-11-11 08:40:25',Resuelto,,
161111-356327,,Incidente importado desde SAC,,Inspecciones Autos,Usuario Importador,Telemarketing,,,Solucionado,,,,,AUS1 - AUTOMOTORES,861391,,3417341,Rechazos/ Reducción de cobertura,,,,'2021-04-28 13:20:00','2016-11-11 08:40:25','2016-11-11 08:40:25',No Procedente,,
161111-356328,,Incidente importado desde SAC,,Emisión Masivos,Usuario Importador,Canal productor,,,Solucionado,,,,,AUS1 - AUTOMOTORES,861392,,2074052,Venta,,,,'2021-04-28 13:20:00','2016-11-11 08:40:25','2016-11-11 08:40:25',Resuelto,,
161111-356329,,Incidente importado desde SAC,,Emisión Masivos,Usuario Importador,Telemarketing,,,Solucionado,,,,,AUS1 - AUTOMOTORES,861393,,434528,4 cuotas con un descuento del 25 %,,,,'2021-04-28 13:20:00','2016-11-11 08:40:25','2016-11-11 08:40:25',Resuelto,,
161111-356330,,Incidente importado desde SAC,,Emisión Masivos,Usuario Importador,Telemarketing,,,Solucionado,,,,,HOM1 - SEGURO DEL HOGAR,861394,,1266989,Baja de póliza,,,,'2021-04-28 13:20:00','2016-11-11 08:40:25','2016-11-11 08:40:25',Resuelto,,
161111-356331,,Incidente importado desde SAC,,Emisión Masivos,Usuario Importador,Telemarketing,,,Solucionado,,,,,AUS1 - AUTOMOTORES,861395,,3433950,Rechazos/ Reducción de cobertura,,,,'2021-04-28 13:20:00','2016-11-11 08:40:25','2016-11-11 08:40:25',Resuelto,,
161111-356332,,Incidente importado desde SAC,,Cerrito- CIS,Usuario Importador,Carta Documento,,,Solucionado,,,,,TIE2 - TRANSPORTES IMP-EXPO,861396,,7047171,Certificado de cobertura,,,,'2021-04-28 13:20:00','2016-11-11 08:40:25','2016-11-11 08:40:25',Resuelto,,
161111-356335,,Incidente importado desde SAC,,Oficina Mendoza,Usuario Importador,Telemarketing,,,Solucionado,,,,,AUS1 - AUTOMOTORES,861399,,4441265,Daños materiales Mendoza,,,,'2021-04-28 13:20:00','2016-11-11 08:40:26','2016-11-11 08:40:26',Resuelto,,
161111-356337,,Incidente importado desde SAC,,Inspecciones Autos,Usuario Importador,Telemarketing,,,Solucionado,,,,,AUS1 - AUTOMOTORES,861401,,3462495,Inspección por previa DDJJ,,,,'2021-04-28 13:20:00','2016-11-11 08:40:26','2016-11-11 08:40:26',Resuelto,,
161111-356340,,Incidente importado desde SAC,,Mailing,Usuario Importador,Telemarketing,,,Solucionado,,,,,AUI1 - AUTOMOTORES INSTITUCIONES,861404,,7206455,Certificado de cobertura,,,,'2021-04-28 13:20:00','2016-11-11 08:40:26','2016-11-11 08:40:26',Atendido,,
161111-356341,,Incidente importado desde SAC,,Daños Materiales Autos,Usuario Importador,Telemarketing,,,Solucionado,,,,,APR1 - AUTOMOTORES,861405,,6608316,Daños materiales Casa Central,,,,'2021-04-28 13:20:00','2016-11-11 08:40:26','2016-11-11 08:40:26',Resuelto,,
161111-356348,,Incidente importado desde SAC,,Emisión Masivos,Usuario Importador,Telemarketing,,,Solucionado,,,,,HOM1 - SEGURO DEL HOGAR,861412,,7041390,Baja de póliza,,,,'2021-04-28 13:20:00','2016-11-11 08:40:26','2016-11-11 08:40:26',Resuelto,,
161111-356349,,Incidente importado desde SAC,,Oficina Mendoza,Usuario Importador,Telemarketing,,,Solucionado,,,,,AUS1 - AUTOMOTORES,861413,,939141,Daños materiales Mendoza,,,,'2021-04-28 13:20:00','2016-11-11 08:40:27','2016-11-11 08:40:27',Resuelto,,
161111-356355,,Incidente importado desde SAC,,Emisión Cartera Gral.,Usuario Importador,Carta Documento,,,Solucionado,,,,,HOC1 - SEGURO DEL HOGAR,861419,,1815514,Alta de póliza con inspección,,,,'2021-04-28 13:20:00','2016-11-11 08:40:27','2016-11-11 08:40:27',Resuelto,,
161111-356357,,Incidente importado desde SAC,,Mailing,Usuario Importador,Telemarketing,,,Solucionado,,,,,AUI1 - AUTOMOTORES INSTITUCIONES,861421,,1378453,Certificado de cobertura,,,,'2021-04-28 13:20:00','2016-11-11 08:40:27','2016-11-11 08:40:27',Resuelto,,
161111-356359,,Incidente importado desde SAC,,Emisión Masivos,Usuario Importador,Telemarketing,,,Solucionado,,,,,HOM1 - SEGURO DEL HOGAR,861423,,543060,Baja de póliza,,,,'2021-04-28 13:20:00','2016-11-11 08:40:27','2016-11-11 08:40:27',Resuelto,,
161111-356360,,Incidente importado desde SAC,,Emisión Masivos,Usuario Importador,Telemarketing,,,Solucionado,,,,,HOM1 - SEGURO DEL HOGAR,861424,,7129608,Baja de póliza,,,,'2021-04-28 13:20:00','2016-11-11 08:40:27','2016-11-11 08:40:27',Resuelto,,
161111-356368,,Incidente importado desde SAC,,Emisión Cartera Gral.,Usuario Importador,Telemarketing,,,Solucionado,,,,,AUA1 - AUTOMOTORES CARTERA GENERAL,861432,,1305108,Venta trailer,,,,'2021-04-28 13:20:00','2016-11-11 08:40:28','2016-11-11 08:40:28',Resuelto,,
161111-356375,,Incidente importado desde SAC,,Emisión Masivos,Usuario Importador,Telemarketing,,,Solucionado,,,,,AUS1 - AUTOMOTORES,861439,,3611586,Propuesta incompleta,,,,'2021-04-28 13:20:00','2016-11-11 08:40:31','2016-11-11 08:40:31',Resuelto,,
161111-356376,,Incidente importado desde SAC,,,Usuario Importador,Telemarketing,,,Solucionado,,,,,AUS1 - AUTOMOTORES,861440,,4758839,Cliente para retención,,,,'2021-04-28 13:20:00','2016-11-11 08:40:31','2016-11-11 08:40:31',Atendido,,
161111-356383,,Incidente importado desde SAC,,,Usuario Importador,Telemarketing,,,Solucionado,,,,,AUS1 - AUTOMOTORES,861447,,1785858,Cliente para retención,,,,'2021-04-28 13:20:00','2016-11-11 08:40:31','2016-11-11 08:40:31',Atendido,,
161111-356384,,Incidente importado desde SAC,,Mailing,Usuario Importador,Telemarketing,,,Solucionado,,,,,HOM1 - SEGURO DEL HOGAR,861448,,2213955,Certificado de cobertura,,,,'2021-04-28 13:20:00','2016-11-11 08:40:32','2016-11-11 08:40:32',Resuelto,,
161111-356387,,Incidente importado desde SAC,,Emisión Masivos,Usuario Importador,Canal productor,,,Solucionado,,,,,AUS1 - AUTOMOTORES,861451,,7371037,Cambio de productor,,,,'2021-04-28 13:20:00','2016-11-11 08:40:32','2016-11-11 08:40:32',Resuelto,,
161111-356390,,Incidente importado desde SAC,,Emisión Masivos,Usuario Importador,Telemarketing,,,Solucionado,,,,,AUS1 - AUTOMOTORES,861454,,5617281,Propuesta incompleta,,,,'2021-04-28 13:20:00','2016-11-11 08:40:32','2016-11-11 08:40:32',Resuelto,,
161111-356391,,Incidente importado desde SAC,,Cac,Usuario Importador,Telemarketing,,,Solucionado,,,,,AUS1 - AUTOMOTORES,861455,,1374445,Cupón de pago,,,,'2021-04-28 13:20:00','2016-11-11 08:40:33','2016-11-11 08:40:33',Anulado,,
161111-356392,,Incidente importado desde SAC,,Cac,Usuario Importador,Telemarketing,,,Solucionado,,,,,AUA1 - AUTOMOTORES CARTERA GENERAL,861456,,1333357,Cartera general,,,,'2021-04-28 13:20:00','2016-11-11 08:40:33','2016-11-11 08:40:33',No Procedente,,
161111-356393,,Incidente importado desde SAC,,Emisión Masivos,Usuario Importador,Telemarketing,,,Solucionado,,,,,AUS1 - AUTOMOTORES,861457,,3359479,Modificación medio de pago,,,,'2021-04-28 13:20:00','2016-11-11 08:40:33','2016-11-11 08:40:33',Resuelto,,
161111-356395,,Incidente importado desde SAC,,Daños Materiales Autos,Usuario Importador,Telemarketing,,,Solucionado,,,,,AUS1 - AUTOMOTORES,861459,,3271887,Daños materiales Casa Central,,,,'2021-04-28 13:20:00','2016-11-11 08:40:33','2016-11-11 08:40:33',Resuelto,,
161111-356396,,Incidente importado desde SAC,,Gerencia Venta Directa,Usuario Importador,Comercial,,,Solucionado,,,,,AUS1 - AUTOMOTORES,861460,,2755875,,,,,'2021-04-28 13:20:00','2016-11-11 08:40:33','2016-11-11 08:40:33',Resuelto,,
161111-356399,,Incidente importado desde SAC,,Fleet Services,Usuario Importador,Telemarketing,,,Solucionado,,,,,AUA1 - AUTOMOTORES CARTERA GENERAL,861463,,1876537,Contacto del tercero,,,,'2021-04-28 13:20:00','2016-11-11 08:40:33','2016-11-11 08:40:33',Resuelto,,
161111-356401,,Incidente importado desde SAC,,Emisión Masivos,Usuario Importador,Telemarketing,,,Solucionado,,,,,AUS1 - AUTOMOTORES,861465,,7054680,Propuesta incompleta,,,,'2021-04-28 13:20:00','2016-11-11 08:40:34','2016-11-11 08:40:34',Resuelto,,
161111-356407,,Incidente importado desde SAC,,Emisión Masivos,Usuario Importador,Telemarketing,,,Solucionado,,,,,AUS1 - AUTOMOTORES,861471,,2951466,Rechazos/ Reducción de cobertura,,,,'2021-04-28 13:20:00','2016-11-11 08:40:34','2016-11-11 08:40:34',Resuelto,,
161111-356408,,Incidente importado desde SAC,,Emisión Masivos,Usuario Importador,Telemarketing,,,Solucionado,,,,,APR1 - AUTOMOTORES,861472,,4209081,Ampliación de Cobertura con inspección,,,,'2021-04-28 13:20:00','2016-11-11 08:40:34','2016-11-11 08:40:34',Resuelto,,
161111-356409,,Incidente importado desde SAC,,Emisión Masivos,Usuario Importador,Telemarketing,,,Solucionado,,,,,AUS1 - AUTOMOTORES,861473,,7771697,Modificaciones datos del producto,,,,'2021-04-28 13:20:00','2016-11-11 08:40:34','2016-11-11 08:40:34',Resuelto,,
161111-356410,,Incidente importado desde SAC,,Cac,Usuario Importador,Telemarketing,,,Solucionado,,,,,AUS1 - AUTOMOTORES,861474,,5691139,Daños materiales Casa Central,,,,'2021-04-28 13:20:00','2016-11-11 08:40:34','2016-11-11 08:40:34',Anulado,,
161111-356411,,Incidente importado desde SAC,,Mailing,Usuario Importador,Telemarketing,,,Solucionado,,,,,HOM1 - SEGURO DEL HOGAR,861475,,3403318,Certificado de cobertura,,,,'2021-04-28 13:20:00','2016-11-11 08:40:34','2016-11-11 08:40:34',Resuelto,,
161111-356413,,Incidente importado desde SAC,,Emisión Masivos,Usuario Importador,Telemarketing,,,Solucionado,,,,,AUS1 - AUTOMOTORES,861477,,2706855,Rechazos/ Reducción de cobertura,,,,'2021-04-28 13:20:00','2016-11-11 08:40:35','2016-11-11 08:40:35',Resuelto,,
161111-356414,,Incidente importado desde SAC,,Emisión Masivos,Usuario Importador,Telemarketing,,,Solucionado,,,,,AUS1 - AUTOMOTORES,861478,,276934,Baja de póliza,,,,'2021-04-28 13:20:00','2016-11-11 08:40:35','2016-11-11 08:40:35',Resuelto,,
161111-356416,,Incidente importado desde SAC,,Emisión Masivos,Usuario Importador,Telemarketing,,,Solucionado,,,,,HOM1 - SEGURO DEL HOGAR,861480,,2747917,Baja de póliza,,,,'2021-04-28 13:20:00','2016-11-11 08:40:35','2016-11-11 08:40:35',Resuelto,,
161111-356417,,Incidente importado desde SAC,,Emisión Masivos,Usuario Importador,Especialistas,,,Solucionado,,,,,AUS1 - AUTOMOTORES,861481,,5569138,No califica,,,,'2021-04-28 13:20:00','2016-11-11 08:40:35','2016-11-11 08:40:35',Resuelto,,
161111-356418,,Incidente importado desde SAC,,Cac,Usuario Importador,Telemarketing,,,Solucionado,,,,,HOM1 - SEGURO DEL HOGAR,861482,,1836280,Cambio de campaña,,,,'2021-04-28 13:20:00','2016-11-11 08:40:35','2016-11-11 08:40:35',No Procedente,,
161111-356422,,Incidente importado desde SAC,,Emisión Masivos,Usuario Importador,Telemarketing,,,Solucionado,,,,,AUS1 - AUTOMOTORES,861486,,1413814,Rechazos/ Reducción de cobertura,,,,'2021-04-28 13:20:00','2016-11-11 08:40:35','2016-11-11 08:40:35',Resuelto,,
161111-356423,,Incidente importado desde SAC,,Emisión Cartera Gral.,Usuario Importador,Telemarketing,,,Solucionado,,,,,AUA1 - AUTOMOTORES CARTERA GENERAL,861487,,3007371,Cartera general,,,,'2021-04-28 13:20:00','2016-11-11 08:40:35','2016-11-11 08:40:35',Resuelto,,
161111-356426,,Incidente importado desde SAC,,Inspecciones Autos,Usuario Importador,Telemarketing,,,Solucionado,,,,,AUS1 - AUTOMOTORES,861490,,3592503,Inspección por previa DDJJ,,,,'2021-04-28 13:20:00','2016-11-11 08:40:36','2016-11-11 08:40:36',Resuelto,,
161111-356428,,Incidente importado desde SAC,,Oficina Mendoza,Usuario Importador,Telemarketing,,,Solucionado,,,,,AUS1 - AUTOMOTORES,861492,,3636788,Daños materiales Mendoza,,,,'2021-04-28 13:20:00','2016-11-11 08:40:36','2016-11-11 08:40:36',Resuelto,,
161111-356433,,Incidente importado desde SAC,,Emisión Masivos,Usuario Importador,Telemarketing,,,Solucionado,,,,,HOM1 - SEGURO DEL HOGAR,861497,,6023153,Modificación datos de hogar sin inspección,,,,'2021-04-28 13:20:00','2016-11-11 08:40:36','2016-11-11 08:40:36',Resuelto,,
161111-356440,,Incidente importado desde SAC,,Cac,Usuario Importador,Telemarketing,,,Solucionado,,,,,HOM1 - SEGURO DEL HOGAR,861504,,2291129,Ampliación de Cobertura con inspección,,,,'2021-04-28 13:20:00','2016-11-11 08:40:37','2016-11-11 08:40:37',Anulado,,
161111-356441,,Incidente importado desde SAC,,Emisión Masivos,Usuario Importador,Telemarketing,,,Solucionado,,,,,AUS1 - AUTOMOTORES,861505,,6089376,Baja de póliza,,,,'2021-04-28 13:20:00','2016-11-11 08:40:37','2016-11-11 08:40:37',Resuelto,,
161111-356455,,Incidente importado desde SAC,,Fleet Services,Usuario Importador,Telemarketing,,,Solucionado,,,,,APL1 - AUTOMOTORES PLANES,861519,,887813,Contacto del tercero,,,,'2021-04-28 13:20:00','2016-11-11 08:40:37','2016-11-11 08:40:37',Resuelto,,
161111-356456,,Incidente importado desde SAC,,Emisión Masivos,Usuario Importador,Canal productor,,,Solucionado,,,,,AUS1 - AUTOMOTORES,861520,,3800780,Baja de póliza,,,,'2021-04-28 13:20:00','2016-11-11 08:40:38','2016-11-11 08:40:38',Resuelto,,
161111-356457,,Incidente importado desde SAC,,Emisión Masivos,Usuario Importador,Telemarketing,,,Solucionado,,,,,AUS1 - AUTOMOTORES,861521,,6311465,Reducción de cobertura,,,,'2021-04-28 13:20:00','2016-11-11 08:40:38','2016-11-11 08:40:38',Resuelto,,
161111-356460,,Incidente importado desde SAC,,Emisión Cartera Gral.,Usuario Importador,Telemarketing,,,Solucionado,,,,,AUA1 - AUTOMOTORES CARTERA GENERAL,861524,,5158764,Cartera general,,,,'2021-04-28 13:20:00','2016-11-11 08:40:38','2016-11-11 08:40:38',Resuelto,,
161111-356461,,Incidente importado desde SAC,,Cac,Usuario Importador,Telemarketing,,,Solucionado,,,,,AUA1 - AUTOMOTORES CARTERA GENERAL,861525,,1329763,Daños materiales Cleas,,,,'2021-04-28 13:20:00','2016-11-11 08:40:38','2016-11-11 08:40:38',Resuelto,,
161111-356462,,Incidente importado desde SAC,,Emisión Masivos,Usuario Importador,Telemarketing,,,Solucionado,,,,,HOM1 - SEGURO DEL HOGAR,861526,,3086726,Baja de póliza,,,,'2021-04-28 13:20:00','2016-11-11 08:40:38','2016-11-11 08:40:38',Resuelto,,
161111-356463,,Incidente importado desde SAC,,,Usuario Importador,Telemarketing,,,Solucionado,,,,,AUS1 - AUTOMOTORES,861527,,4198709,Daños materiales Cordoba,,,,'2021-04-28 13:20:00','2016-11-11 08:40:38','2016-11-11 08:40:38',Resuelto,,
161111-356466,,Incidente importado desde SAC,,Emisión Masivos,Usuario Importador,Telemarketing,,,Solucionado,,,,,APR1 - AUTOMOTORES,861530,,2397523,Rechazos/ Reducción de cobertura,,,,'2021-04-28 13:20:00','2016-11-11 08:40:38','2016-11-11 08:40:38',Resuelto,,
161111-356467,,Incidente importado desde SAC,,Emisión Masivos,Usuario Importador,Telemarketing,,,Solucionado,,,,,AUS1 - AUTOMOTORES,861531,,6240332,Modificación medio de pago,,,,'2021-04-28 13:20:00','2016-11-11 08:40:38','2016-11-11 08:40:38',Resuelto,,
161111-356471,,Incidente importado desde SAC,,Emisión Masivos,Usuario Importador,Canal productor,,,Solucionado,,,,,AUP1 - AUTOMOTORES PRODUCTORES,861535,,3637961,Inspección por previa,,,,'2021-04-28 13:20:00','2016-11-11 08:40:39','2016-11-11 08:40:39',Resuelto,,
161111-356473,,Incidente importado desde SAC,,Inspecciones Autos,Usuario Importador,Telemarketing,,,Solucionado,,,,,AUS1 - AUTOMOTORES,861537,,682755,Inspección por previa DDJJ,,,,'2021-04-28 13:20:00','2016-11-11 08:40:39','2016-11-11 08:40:39',Resuelto,,
161111-356476,,Incidente importado desde SAC,,Oficina Rosario,Usuario Importador,Telemarketing,,,Solucionado,,,,,APR1 - AUTOMOTORES,861540,,7524987,Daños materiales Rosario,,,,'2021-04-28 13:20:00','2016-11-11 08:40:39','2016-11-11 08:40:39',Resuelto,,
161111-356478,,Incidente importado desde SAC,,Emisión Masivos,Usuario Importador,Telemarketing,,,Solucionado,,,,,AUS1 - AUTOMOTORES,861542,,7507665,No califica,,,,'2021-04-28 13:20:00','2016-11-11 08:40:39','2016-11-11 08:40:39',No Procedente,,
161111-356482,,Incidente importado desde SAC,,Daños Materiales Autos,Usuario Importador,Telemarketing,,,Solucionado,,,,,APL1 - AUTOMOTORES PLANES,861546,,1208656,Inspección por siniestros,,,,'2021-04-28 13:20:00','2016-11-11 08:40:39','2016-11-11 08:40:39',Resuelto,,
161111-356488,,Incidente importado desde SAC,,Emisión Masivos,Usuario Importador,Canal productor,,,Solucionado,,,,,HOM1 - SEGURO DEL HOGAR,861552,,6695696,No califica,,,,'2021-04-28 13:20:00','2016-11-11 08:40:40','2016-11-11 08:40:40',Resuelto,,
161111-356501,,Incidente importado desde SAC,,Emisión Masivos,Usuario Importador,Telemarketing,,,Solucionado,,,,,AUS1 - AUTOMOTORES,861565,,176725,Baja de póliza,,,,'2021-04-28 13:20:00','2016-11-11 08:40:41','2016-11-11 08:40:41',Resuelto,,
161111-356503,,Incidente importado desde SAC,,Emisión Masivos,Usuario Importador,Telemarketing,,,Solucionado,,,,,HOM1 - SEGURO DEL HOGAR,861567,,5727553,Baja de póliza,,,,'2021-04-28 13:20:00','2016-11-11 08:40:41','2016-11-11 08:40:41',Resuelto,,
161111-356505,,Incidente importado desde SAC,,Emisión Masivos,Usuario Importador,Telemarketing,,,Solucionado,,,,,AUS1 - AUTOMOTORES,861569,,6639656,8 cuotas con un descuento del 15 %,,,,'2021-04-28 13:20:00','2016-11-11 08:40:41','2016-11-11 08:40:41',Resuelto,,
161111-356506,,Incidente importado desde SAC,,Emisión Masivos,Usuario Importador,Carta,,,Solucionado,,,,,AUS1 - AUTOMOTORES,861570,,4347419,Baja de póliza,,,,'2021-04-28 13:20:00','2016-11-11 08:40:42','2016-11-11 08:40:42',Resuelto,,
161111-356509,,Incidente importado desde SAC,,Riesgos Varios Casa Central,Usuario Importador,Telemarketing,,,Solucionado,,,,,HOM1 - SEGURO DEL HOGAR,861573,,5042464,Riesgos Varios Casa Central,,,,'2021-04-28 13:20:00','2016-11-11 08:40:43','2016-11-11 08:40:43',Resuelto,,
161111-356510,,Incidente importado desde SAC,,,Usuario Importador,Telemarketing,,,Solucionado,,,,,AUS1 - AUTOMOTORES,861574,,3416452,Cliente para retención,,,,'2021-04-28 13:20:00','2016-11-11 08:40:43','2016-11-11 08:40:43',Atendido,,
161111-356512,,Incidente importado desde SAC,,Emisión Masivos,Usuario Importador,Canal productor,,,Solucionado,,,,,AUS1 - AUTOMOTORES,861576,,6673417,4 cuotas con un descuento del 25 %,,,,'2021-04-28 13:20:00','2016-11-11 08:40:43','2016-11-11 08:40:43',Resuelto,,
161111-356514,,Incidente importado desde SAC,,Emisión Masivos,Usuario Importador,Telemarketing,,,Solucionado,,,,,HOM1 - SEGURO DEL HOGAR,861578,,3974851,No califica,,,,'2021-04-28 13:20:00','2016-11-11 08:40:43','2016-11-11 08:40:43',Resuelto,,
161111-356515,,Incidente importado desde SAC,,Emisión Masivos,Usuario Importador,Telemarketing,,,Solucionado,,,,,AUS1 - AUTOMOTORES,861579,,639607,Modificaciones datos del producto,,,,'2021-04-28 13:20:00','2016-11-11 08:40:43','2016-11-11 08:40:43',Resuelto,,
161111-356521,,Incidente importado desde SAC,,Emisión Masivos,Usuario Importador,Canal productor,,,Solucionado,,,,,AUS1 - AUTOMOTORES,861585,,7468668,Modificación datos personales,,,,'2021-04-28 13:20:00','2016-11-11 08:40:45','2016-11-11 08:40:45',Resuelto,,
161111-356530,,Incidente importado desde SAC,,Cac,Usuario Importador,Telemarketing,,,Solucionado,,,,,HOM1 - SEGURO DEL HOGAR,861594,,3750724,Reintegro - Automático,,,,'2021-04-28 13:20:00','2016-11-11 08:40:46','2016-11-11 08:40:46',No Procedente,,
161111-356531,,Incidente importado desde SAC,,Gerencia Venta Directa,Usuario Importador,Comercial,,,Solucionado,,,,,AUS1 - AUTOMOTORES,861595,,3188042,Excepción comercial altas,,,,'2021-04-28 13:20:00','2016-11-11 08:40:46','2016-11-11 08:40:46',Resuelto,,
161111-356532,,Incidente importado desde SAC,,Inspecciones Autos,Usuario Importador,Telemarketing,,,Solucionado,,,,,AUS1 - AUTOMOTORES,861596,,3528055,Inspección por previa DDJJ,,,,'2021-04-28 13:20:00','2016-11-11 08:40:46','2016-11-11 08:40:46',Resuelto,,
161111-356533,,Incidente importado desde SAC,,Cobranzas Efectivo,Usuario Importador,Telemarketing,,,Solucionado,,,,,AUS1 - AUTOMOTORES,861597,,3204213,Imputación de cobranzas - Automático,,,,'2021-04-28 13:20:00','2016-11-11 08:40:46','2016-11-11 08:40:46',Resuelto,,
161111-356534,,Incidente importado desde SAC,,Oficina Mendoza,Usuario Importador,Telemarketing,,,Solucionado,,,,,AUS1 - AUTOMOTORES,861598,,7003004,Daños materiales Mendoza,,,,'2021-04-28 13:20:00','2016-11-11 08:40:46','2016-11-11 08:40:46',Resuelto,,
161111-356536,,Incidente importado desde SAC,,Emisión Cartera Gral.,Usuario Importador,Telemarketing,,,Solucionado,,,,,AUS1 - AUTOMOTORES,861600,,5878386,Venta trailer,,,,'2021-04-28 13:20:00','2016-11-11 08:40:46','2016-11-11 08:40:46',Resuelto,,
161111-356538,,Incidente importado desde SAC,,Cac,Usuario Importador,Telemarketing,,,Solucionado,,,,,APL1 - AUTOMOTORES PLANES,861602,,3540531,Destrucción Total,,,,'2021-04-28 13:20:00','2016-11-11 08:40:46','2016-11-11 08:40:46',Resuelto,,
161111-356543,,Incidente importado desde SAC,,Emisión Masivos,Usuario Importador,Carta Documento,,,Solucionado,,,,,AUS1 - AUTOMOTORES,861607,,3389225,Ampliación de Cobertura con inspección,,,,'2021-04-28 13:20:00','2016-11-11 08:40:46','2016-11-11 08:40:46',Resuelto,,
161111-356545,,Incidente importado desde SAC,,Emisión Masivos,Usuario Importador,Telemarketing,,,Solucionado,,,,,AUS1 - AUTOMOTORES,861609,,1949192,Baja de póliza,,,,'2021-04-28 13:20:00','2016-11-11 08:40:46','2016-11-11 08:40:46',Resuelto,,
161111-356546,,Incidente importado desde SAC,,Emisión Masivos,Usuario Importador,Telemarketing,,,Solucionado,,,,,AUS1 - AUTOMOTORES,861610,,1005390,Bonificación,,,,'2021-04-28 13:20:00','2016-11-11 08:40:46','2016-11-11 08:40:46',Resuelto,,
161111-356548,,Incidente importado desde SAC,,Telemarketing,Usuario Importador,Canal productor,,,Solucionado,,,,,AUS1 - AUTOMOTORES,861612,,4602745,10 cuotas con un descuento del 15 %,,,,'2021-04-28 13:20:00','2016-11-11 08:40:47','2016-11-11 08:40:47',Resuelto,,
161111-356549,,Incidente importado desde SAC,,Emisión Masivos,Usuario Importador,Telemarketing,,,Solucionado,,,,,AUS1 - AUTOMOTORES,861613,,3583420,Rechazos/ Reducción de cobertura,,,,'2021-04-28 13:20:00','2016-11-11 08:40:47','2016-11-11 08:40:47',Resuelto,,
161111-356550,,Incidente importado desde SAC,,Emisión Masivos,Usuario Importador,Carta,,,Solucionado,,,,,APR1 - AUTOMOTORES,861614,,6521009,Baja de póliza,,,,'2021-04-28 13:20:00','2016-11-11 08:40:47','2016-11-11 08:40:47',Resuelto,,
161111-356552,,Incidente importado desde SAC,,Emisión Masivos,Usuario Importador,Canal productor,,,Solucionado,,,,,AUS1 - AUTOMOTORES,861616,,3961068,No califica,,,,'2021-04-28 13:20:00','2016-11-11 08:40:47','2016-11-11 08:40:47',Resuelto,,
161111-356554,,Incidente importado desde SAC,,Pago Telefonico,Usuario Importador,Telemarketing,,,Solucionado,,,,,AUS1 - AUTOMOTORES,861618,,2945268,Pago telefónico,,,,'2021-04-28 13:20:00','2016-11-11 08:40:47','2016-11-11 08:40:47',Resuelto,,
161111-356556,,Incidente importado desde SAC,,Emisión Masivos,Usuario Importador,Telemarketing,,,Solucionado,,,,,AUS1 - AUTOMOTORES,861620,,4536975,4 cuotas con un descuento del 25 %,,,,'2021-04-28 13:20:00','2016-11-11 08:40:47','2016-11-11 08:40:47',Resuelto,,
161111-356557,,Incidente importado desde SAC,,Emisión Masivos,Usuario Importador,Telemarketing,,,Solucionado,,,,,HOM1 - SEGURO DEL HOGAR,861621,,3428847,Propuesta incompleta,,,,'2021-04-28 13:20:00','2016-11-11 08:40:47','2016-11-11 08:40:47',Resuelto,,
161111-356561,,Incidente importado desde SAC,,Pago Telefonico,Usuario Importador,Telemarketing,,,Solucionado,,,,,HOM1 - SEGURO DEL HOGAR,861625,,3956979,Pago telefónico,,,,'2021-04-28 13:20:00','2016-11-11 08:40:47','2016-11-11 08:40:47',Resuelto,,
161111-356563,,Incidente importado desde SAC,,Emisión Masivos,Usuario Importador,Especialistas,,,Solucionado,,,,,AUS1 - AUTOMOTORES,861627,,2206466,Bonificación,,,,'2021-04-28 13:20:00','2016-11-11 08:40:48','2016-11-11 08:40:48',Resuelto,,
161111-356566,,Incidente importado desde SAC,,Emisión Masivos,Usuario Importador,Telemarketing,,,Solucionado,,,,,AUS1 - AUTOMOTORES,861630,,5202530,Rechazos/ Reducción de cobertura,,,,'2021-04-28 13:20:00','2016-11-11 08:40:48','2016-11-11 08:40:48',Resuelto,,
161111-356567,,Incidente importado desde SAC,,Inspecciones Autos,Usuario Importador,Telemarketing,,,Solucionado,,,,,AUS1 - AUTOMOTORES,861631,,5275623,Inspección por previa DDJJ,,,,'2021-04-28 13:20:00','2016-11-11 08:40:48','2016-11-11 08:40:48',Resuelto,,
161111-356568,,Incidente importado desde SAC,,Inspecciones Autos,Usuario Importador,Telemarketing,,,Solucionado,,,,,AUS1 - AUTOMOTORES,861632,,3707200,Rechazos/ Reducción de cobertura,,,,'2021-04-28 13:20:00','2016-11-11 08:40:48','2016-11-11 08:40:48',No Procedente,,
161111-356570,,Incidente importado desde SAC,,Pago Telefonico,Usuario Importador,Telemarketing,,,Solucionado,,,,,AUS1 - AUTOMOTORES,861634,,6252216,Pago telefónico,,,,'2021-04-28 13:20:00','2016-11-11 08:40:48','2016-11-11 08:40:48',Resuelto,,
161111-356571,,Incidente importado desde SAC,,Emisión Masivos,Usuario Importador,Especialistas,,,Solucionado,,,,,AUS1 - AUTOMOTORES,861635,,4109465,Excepción comercial altas,,,,'2021-04-28 13:20:00','2016-11-11 08:40:48','2016-11-11 08:40:48',Resuelto,,
161111-356576,,Incidente importado desde SAC,,Emisión Masivos,Usuario Importador,Telemarketing,,,Solucionado,,,,,APR1 - AUTOMOTORES,861640,,747280,Ampliación de Cobertura con inspección,,,,'2021-04-28 13:20:00','2016-11-11 08:40:49','2016-11-11 08:40:49',Resuelto,,
161111-356577,,Incidente importado desde SAC,,Emisión Masivos,Usuario Importador,Telemarketing,,,Solucionado,,,,,AUS1 - AUTOMOTORES,861641,,4435032,Propuesta incompleta,,,,'2021-04-28 13:20:00','2016-11-11 08:40:49','2016-11-11 08:40:49',Resuelto,,
161111-356583,,Incidente importado desde SAC,,Emisión Masivos,Usuario Importador,Telemarketing,,,Solucionado,,,,,AUS1 - AUTOMOTORES,861647,,190341,4 cuotas con un descuento del 25 %,,,,'2021-04-28 13:20:00','2016-11-11 08:40:49','2016-11-11 08:40:49',Resuelto,,
161111-356586,,Incidente importado desde SAC,,Inspecciones Autos,Usuario Importador,Telemarketing,,,Solucionado,,,,,AUS1 - AUTOMOTORES,861650,,2550269,Inspección por previa DDJJ,,,,'2021-04-28 13:20:00','2016-11-11 08:40:49','2016-11-11 08:40:49',Resuelto,,
161111-356589,,Incidente importado desde SAC,,,Usuario Importador,Canal productor,,,Solucionado,,,,,AUS1 - AUTOMOTORES,861653,,1376607,Cliente para retención,,,,'2021-04-28 13:20:00','2016-11-11 08:40:49','2016-11-11 08:40:49',Resuelto,,
161111-356590,,Incidente importado desde SAC,,Emisión Masivos,Usuario Importador,Telemarketing,,,Solucionado,,,,,AUS1 - AUTOMOTORES,861654,,465348,No califica,,,,'2021-04-28 13:20:00','2016-11-11 08:40:49','2016-11-11 08:40:49',Resuelto,,
161111-356592,,Incidente importado desde SAC,,Emisión Masivos,Usuario Importador,Telemarketing,,,Solucionado,,,,,HOM1 - SEGURO DEL HOGAR,861656,,4348480,Propuesta incompleta,,,,'2021-04-28 13:20:00','2016-11-11 08:40:49','2016-11-11 08:40:49',Resuelto,,
161111-356595,,Incidente importado desde SAC,,Inspecciones Autos,Usuario Importador,Telemarketing,,,Solucionado,,,,,AUS1 - AUTOMOTORES,861659,,3141234,Rechazos/ Reducción de cobertura,,,,'2021-04-28 13:20:00','2016-11-11 08:40:50','2016-11-11 08:40:50',No Procedente,,
161111-356605,,Incidente importado desde SAC,,Emisión Masivos,Usuario Importador,Telemarketing,,,Solucionado,,,,,AUS1 - AUTOMOTORES,861669,,1800327,Baja de póliza,,,,'2021-04-28 13:20:00','2016-11-11 08:40:51','2016-11-11 08:40:51',Resuelto,,
161111-356606,,Incidente importado desde SAC,,Oficina Rosario,Usuario Importador,Telemarketing,,,Solucionado,,,,,HOM1 - SEGURO DEL HOGAR,861670,,5569127,Riesgos Varios Rosario,,,,'2021-04-28 13:20:00','2016-11-11 08:40:51','2016-11-11 08:40:51',Resuelto,,
161111-356609,,Incidente importado desde SAC,,Emisión Masivos,Usuario Importador,Telemarketing,,,Solucionado,,,,,HOM1 - SEGURO DEL HOGAR,861673,,856179,Ampliación de Cobertura con inspección,,,,'2021-04-28 13:20:00','2016-11-11 08:40:51','2016-11-11 08:40:51',Resuelto,,
161111-356612,,Incidente importado desde SAC,,Emisión Masivos,Usuario Importador,Comercial,,,Solucionado,,,,,AUS1 - AUTOMOTORES,861676,,3862980,Corrección de propuesta,,,,'2021-04-28 13:20:00','2016-11-11 08:40:51','2016-11-11 08:40:51',Resuelto,,
161111-356615,,Incidente importado desde SAC,,Emisión Masivos,Usuario Importador,Telemarketing,,,Solucionado,,,,,AUS1 - AUTOMOTORES,861679,,3229816,Modificación datos personales,,,,'2021-04-28 13:20:00','2016-11-11 08:40:52','2016-11-11 08:40:52',Resuelto,,
161111-356625,,Incidente importado desde SAC,,Emisión Masivos,Usuario Importador,Telemarketing,,,Solucionado,,,,,APR1 - AUTOMOTORES,861689,,5173365,Ampliación de Cobertura con inspección,,,,'2021-04-28 13:20:00','2016-11-11 08:40:52','2016-11-11 08:40:52',Resuelto,,
161111-356629,,Incidente importado desde SAC,,Emisión Masivos,Usuario Importador,Telemarketing,,,Solucionado,,,,,AUS1 - AUTOMOTORES,861693,,272952,Baja de póliza,,,,'2021-04-28 13:20:00','2016-11-11 08:40:53','2016-11-11 08:40:53',Resuelto,,
161111-356632,,Incidente importado desde SAC,,Emisión Masivos,Usuario Importador,Telemarketing,,,Solucionado,,,,,AUS1 - AUTOMOTORES,861696,,1424807,Rechazos/ Reducción de cobertura,,,,'2021-04-28 13:20:00','2016-11-11 08:40:53','2016-11-11 08:40:53',Resuelto,,
161111-356634,,Incidente importado desde SAC,,Emisión Masivos,Usuario Importador,Telemarketing,,,Solucionado,,,,,HOM1 - SEGURO DEL HOGAR,861698,,7313019,Propuesta incompleta,,,,'2021-04-28 13:20:00','2016-11-11 08:40:53','2016-11-11 08:40:53',Resuelto,,
161111-356635,,Incidente importado desde SAC,,Emisión Masivos,Usuario Importador,Especialistas,,,Solucionado,,,,,AUS1 - AUTOMOTORES,861699,,3413472,,,,,'2021-04-28 13:20:00','2016-11-11 08:40:53','2016-11-11 08:40:53',Resuelto,,
161111-356637,,Incidente importado desde SAC,,Emisión Masivos,Usuario Importador,Telemarketing,,,Solucionado,,,,,APR1 - AUTOMOTORES,861701,,3847935,Rechazos/ Reducción de cobertura,,,,'2021-04-28 13:20:00','2016-11-11 08:40:53','2016-11-11 08:40:53',Resuelto,,
161111-356638,,Incidente importado desde SAC,,Emisión Masivos,Usuario Importador,Telemarketing,,,Solucionado,,,,,AUS1 - AUTOMOTORES,861702,,7427048,Inspección por previa,,,,'2021-04-28 13:20:00','2016-11-11 08:40:53','2016-11-11 08:40:53',Resuelto,,
161111-356639,,Incidente importado desde SAC,,Emisión Masivos,Usuario Importador,Telemarketing,,,Solucionado,,,,,AUS1 - AUTOMOTORES,861703,,1061556,Baja de póliza,,,,'2021-04-28 13:20:00','2016-11-11 08:40:53','2016-11-11 08:40:53',Resuelto,,
161111-356640,,Incidente importado desde SAC,,Emisión Masivos,Usuario Importador,Telemarketing,,,Solucionado,,,,,HOM1 - SEGURO DEL HOGAR,861704,,350771,Propuesta incompleta,,,,'2021-04-28 13:20:00','2016-11-11 08:40:53','2016-11-11 08:40:53',Resuelto,,
161111-356642,,Incidente importado desde SAC,,Telemarketing,Usuario Importador,Carta Documento,,,Solucionado,,,,,AUS1 - AUTOMOTORES,861706,,4448206,10 cuotas con un descuento del 15 %,,,,'2021-04-28 13:20:00','2016-11-11 08:40:53','2016-11-11 08:40:53',Resuelto,,
161111-356644,,Incidente importado desde SAC,,Emisión Masivos,Usuario Importador,Telemarketing,,,Solucionado,,,,,AUS1 - AUTOMOTORES,861708,,207890,4 cuotas con un descuento del 25 %,,,,'2021-04-28 13:20:00','2016-11-11 08:40:53','2016-11-11 08:40:53',Resuelto,,
161111-356648,,Incidente importado desde SAC,,Gerencia Clientes,Usuario Importador,Carta Documento,,,Solucionado,,,,,AUS1 - AUTOMOTORES,861712,,5170621,Excepción comercial vigente,,,,'2021-04-28 13:20:00','2016-11-11 08:40:54','2016-11-11 08:40:54',Resuelto,,
161111-356650,,Incidente importado desde SAC,,Emisión Masivos,Usuario Importador,Telemarketing,,,Solucionado,,,,,AUS1 - AUTOMOTORES,861714,,6057320,Baja de póliza,,,,'2021-04-28 13:20:00','2016-11-11 08:40:54','2016-11-11 08:40:54',Resuelto,,
161111-356651,,Incidente importado desde SAC,,Oficina Rosario,Usuario Importador,Telemarketing,,,Solucionado,,,,,APR1 - AUTOMOTORES,861715,,3521483,Daños materiales Rosario,,,,'2021-04-28 13:20:00','2016-11-11 08:40:54','2016-11-11 08:40:54',Resuelto,,
161111-356657,,Incidente importado desde SAC,,Emisión Masivos,Usuario Importador,Telemarketing,,,Solucionado,,,,,AUS1 - AUTOMOTORES,861722,,3648139,4 cuotas con un descuento del 25 %,,,,'2021-04-28 13:20:00','2016-11-11 08:40:54','2016-11-11 08:40:54',Resuelto,,
161111-356658,,Incidente importado desde SAC,,Emisión Masivos,Usuario Importador,Comercial,,,Solucionado,,,,,AUI1 - AUTOMOTORES INSTITUCIONES,861723,,4554376,No califica,,,,'2021-04-28 13:20:00','2016-11-11 08:40:54','2016-11-11 08:40:54',Resuelto,,
161111-356662,,Incidente importado desde SAC,,Fleet Services,Usuario Importador,Telemarketing,,,Solucionado,,,,,AUT1 - AUTOMOTORES,861727,,1426164,Contacto del tercero,,,,'2021-04-28 13:20:00','2016-11-11 08:40:56','2016-11-11 08:40:56',Resuelto,,
161111-356663,,Incidente importado desde SAC,,,Usuario Importador,Telemarketing,,,Solucionado,,,,,AUS1 - AUTOMOTORES,861728,,7135570,Cliente para retención,,,,'2021-04-28 13:20:00','2016-11-11 08:40:56','2016-11-11 08:40:56',Atendido,,
161111-356670,,Incidente importado desde SAC,,Emisión Cartera Gral.,Usuario Importador,Telemarketing,,,Solucionado,,,,,ICO1 - INTEGR.COMERCIO,861735,,357246,Cartera general,,,,'2021-04-28 13:20:00','2016-11-11 08:40:56','2016-11-11 08:40:56',Resuelto,,
161111-356671,,Incidente importado desde SAC,,,Usuario Importador,Telemarketing,,,Solucionado,,,,,AUS1 - AUTOMOTORES,861736,,3869505,Cliente para retención,,,,'2021-04-28 13:20:00','2016-11-11 08:40:56','2016-11-11 08:40:56',Atendido,,
161111-356676,,Incidente importado desde SAC,,Cleas,Usuario Importador,Telemarketing,,,Solucionado,,,,,APR1 - AUTOMOTORES,861741,,5147494,Daños materiales drive in Ciudadela,,,,'2021-04-28 13:20:00','2016-11-11 08:40:58','2016-11-11 08:40:58',Resuelto,,
161111-356680,,Incidente importado desde SAC,,,Usuario Importador,Telemarketing,,,Solucionado,,,,,AUS1 - AUTOMOTORES,861745,,7388202,Cliente para retención,,,,'2021-04-28 13:20:00','2016-11-11 08:40:58','2016-11-11 08:40:58',Atendido,,
161111-356681,,Incidente importado desde SAC,,Emisión Masivos,Usuario Importador,Telemarketing,,,Solucionado,,,,,AUS1 - AUTOMOTORES,861746,,4423410,4 cuotas con un descuento del 25 %,,,,'2021-04-28 13:20:00','2016-11-11 08:40:58','2016-11-11 08:40:58',Resuelto,,
161111-356683,,Incidente importado desde SAC,,Emisión Masivos,Usuario Importador,Telemarketing,,,Solucionado,,,,,AUS1 - AUTOMOTORES,861748,,5911908,Baja de póliza,,,,'2021-04-28 13:20:00','2016-11-11 08:40:58','2016-11-11 08:40:58',Resuelto,,
161111-356685,,Incidente importado desde SAC,,Emisión Masivos,Usuario Importador,Telemarketing,,,Solucionado,,,,,AUS1 - AUTOMOTORES,861750,,2552147,Rechazos/ Reducción de cobertura,,,,'2021-04-28 13:20:00','2016-11-11 08:40:58','2016-11-11 08:40:58',Resuelto,,
161111-356686,,Incidente importado desde SAC,,Emisión Masivos,Usuario Importador,Telemarketing,,,Solucionado,,,,,AUS1 - AUTOMOTORES,861751,,537092,Propuesta incompleta,,,,'2021-04-28 13:20:00','2016-11-11 08:40:59','2016-11-11 08:40:59',Resuelto,,
161111-356687,,Incidente importado desde SAC,,Emisión Masivos,Usuario Importador,Carta Documento,,,Solucionado,,,,,HOM1 - SEGURO DEL HOGAR,861752,,620550,Modificación datos de hogar con inspección,,,,'2021-04-28 13:20:00','2016-11-11 08:40:59','2016-11-11 08:40:59',Resuelto,,
161111-356688,,Incidente importado desde SAC,,Emisión Masivos,Usuario Importador,Telemarketing,,,Solucionado,,,,,AUS1 - AUTOMOTORES,861753,,1363106,Baja de póliza,,,,'2021-04-28 13:20:00','2016-11-11 08:40:59','2016-11-11 08:40:59',Resuelto,,
161111-356692,,Incidente importado desde SAC,,Riesgos Varios Casa Central,Usuario Importador,Carta Documento,,,Solucionado,,,,,HOM1 - SEGURO DEL HOGAR,861757,,5504035,Riesgos Varios Casa Central,,,,'2021-04-28 13:20:00','2016-11-11 08:40:59','2016-11-11 08:40:59',Resuelto,,
161111-356694,,Incidente importado desde SAC,,Cobranzas Automático,Usuario Importador,Comercial,,,Solucionado,,,,,AUI1 - AUTOMOTORES INSTITUCIONES,861759,,1131752,No califica,,,,'2021-04-28 13:20:00','2016-11-11 08:40:59','2016-11-11 08:40:59',Resuelto,,
161111-356697,,Incidente importado desde SAC,,Inspecciones Autos,Usuario Importador,Telemarketing,,,Solucionado,,,,,AUS1 - AUTOMOTORES,861762,,3623090,Inspección por previa DDJJ,,,,'2021-04-28 13:20:00','2016-11-11 08:40:59','2016-11-11 08:40:59',Resuelto,,
161111-356700,,Incidente importado desde SAC,,Emisión Masivos,Usuario Importador,Telemarketing,,,Solucionado,,,,,AUS1 - AUTOMOTORES,861766,,5739051,No califica,,,,'2021-04-28 13:20:00','2016-11-11 08:41:00','2016-11-11 08:41:00',Resuelto,,
161111-356701,,Incidente importado desde SAC,,Emisión Masivos,Usuario Importador,Telemarketing,,,Solucionado,,,,,AUS1 - AUTOMOTORES,861767,,2217628,Baja de póliza,,,,'2021-04-28 13:20:00','2016-11-11 08:41:00','2016-11-11 08:41:00',Resuelto,,
161111-356705,,Incidente importado desde SAC,,Cac,Usuario Importador,Telemarketing,,,Solucionado,,,,,EEQ1 - SEGURO INGENIERIA,861771,,1287932,Cartera general,,,,'2021-04-28 13:20:00','2016-11-11 08:41:00','2016-11-11 08:41:00',No Procedente,,
161111-356706,,Incidente importado desde SAC,,Emisión Masivos,Usuario Importador,Canal productor,,,Solucionado,,,,,AUS1 - AUTOMOTORES,861772,,7004198,Corrección de propuesta,,,,'2021-04-28 13:20:00','2016-11-11 08:41:00','2016-11-11 08:41:00',Resuelto,,
161111-356708,,Incidente importado desde SAC,,Mailing,Usuario Importador,Telemarketing,,,Solucionado,,,,,APL1 - AUTOMOTORES PLANES,861774,,2248017,Certificado de cobertura,,,,'2021-04-28 13:20:00','2016-11-11 08:41:00','2016-11-11 08:41:00',Resuelto,,
161111-356709,,Incidente importado desde SAC,,Emisión Masivos,Usuario Importador,Telemarketing,,,Solucionado,,,,,AUS1 - AUTOMOTORES,861775,,5319501,No califica,,,,'2021-04-28 13:20:00','2016-11-11 08:41:00','2016-11-11 08:41:00',Resuelto,,
161111-356715,,Incidente importado desde SAC,,Oficina Cordoba,Usuario Importador,Llamada entrante,,,Solucionado,,,,,APR1 - AUTOMOTORES,861781,,3525598,Destrucción Total,,,,'2021-04-28 13:20:00','2016-11-11 08:41:01','2016-11-11 08:41:01',Resuelto,,
161111-356722,,Incidente importado desde SAC,,Cobranzas Automático,Usuario Importador,Comercial,,,Solucionado,,,,,AUI1 - AUTOMOTORES INSTITUCIONES,861788,,3112194,No califica,,,,'2021-04-28 13:20:00','2016-11-11 08:41:02','2016-11-11 08:41:02',Resuelto,,
161111-356723,,Incidente importado desde SAC,,Juicios / mediaciones daños,Usuario Importador,Telemarketing,,,Solucionado,,,,,AUS1 - AUTOMOTORES,861789,,2549354,Lesiones,,,,'2021-04-28 13:20:00','2016-11-11 08:41:02','2016-11-11 08:41:02',Resuelto,,
161111-356725,,Incidente importado desde SAC,,Cerrito- CIS,Usuario Importador,Carta Documento,,,Solucionado,,,,,AUS1 - AUTOMOTORES,861791,,1395307,Cerrito - CIS,,,,'2021-04-28 13:20:00','2016-11-11 08:41:02','2016-11-11 08:41:02',Resuelto,,
161111-356726,,Incidente importado desde SAC,,Mailing,Usuario Importador,Telemarketing,,,Solucionado,,,,,AUS1 - AUTOMOTORES,861792,,7510510,Modificación de canal de cobro por única vez,,,,'2021-04-28 13:20:00','2016-11-11 08:41:02','2016-11-11 08:41:02',Resuelto,,
161111-356727,,Incidente importado desde SAC,,Especialistas,Usuario Importador,Telemarketing,,,Solucionado,,,,,AUS1 - AUTOMOTORES,861793,,3394314,Rechazos/ Reducción de cobertura,,,,'2021-04-28 13:20:00','2016-11-11 08:41:02','2016-11-11 08:41:02',Resuelto,,
161111-356731,,Incidente importado desde SAC,,Emisión Masivos,Usuario Importador,Telemarketing,,,Solucionado,,,,,AUS1 - AUTOMOTORES,861797,,3467960,Rechazos/ Reducción de cobertura,,,,'2021-04-28 13:20:00','2016-11-11 08:41:02','2016-11-11 08:41:02',Resuelto,,
161111-356732,,Incidente importado desde SAC,,Riesgos Varios Casa Central,Usuario Importador,Telemarketing,,,Solucionado,,,,,ICO1 - INTEGR.COMERCIO,861798,,3453855,Riesgos Varios Casa Central,,,,'2021-04-28 13:20:00','2016-11-11 08:41:02','2016-11-11 08:41:02',Resuelto,,
161111-356734,,Incidente importado desde SAC,,,Usuario Importador,Telemarketing,,,Solucionado,,,,,AUS1 - AUTOMOTORES,861800,,4587530,Cliente para retención,,,,'2021-04-28 13:20:00','2016-11-11 08:41:02','2016-11-11 08:41:02',Atendido,,
161111-356736,,Incidente importado desde SAC,,Daños Materiales Autos,Usuario Importador,Telemarketing,,,Solucionado,,,,,AUT1 - AUTOMOTORES,861802,,2955588,Daños materiales Casa Central,,,,'2021-04-28 13:20:00','2016-11-11 08:41:02','2016-11-11 08:41:02',Resuelto,,
161111-356739,,Incidente importado desde SAC,,,Usuario Importador,Telemarketing,,,Solucionado,,,,,AUS1 - AUTOMOTORES,861805,,513643,Cliente para retención,,,,'2021-04-28 13:20:00','2016-11-11 08:41:03','2016-11-11 08:41:03',Atendido,,
161111-356742,,Incidente importado desde SAC,,Cac,Usuario Importador,Telemarketing,,,Solucionado,,,,,AUS1 - AUTOMOTORES,861808,,4976485,Modificación datos personales,,,,'2021-04-28 13:20:00','2016-11-11 08:41:03','2016-11-11 08:41:03',Anulado,,
161111-356744,,Incidente importado desde SAC,,Mailing,Usuario Importador,Carta Documento,,,Solucionado,,,,,AUI1 - AUTOMOTORES INSTITUCIONES,861810,,3481836,Certificado de cobertura,,,,'2021-04-28 13:20:00','2016-11-11 08:41:03','2016-11-11 08:41:03',Resuelto,,
161111-356748,,Incidente importado desde SAC,,Emisión Masivos,Usuario Importador,Comercial,,,Solucionado,,,,,HOM1 - SEGURO DEL HOGAR,861814,,4509956,Modificación datos personales,,,,'2021-04-28 13:20:00','2016-11-11 08:41:03','2016-11-11 08:41:03',Resuelto,,
161111-356749,,Incidente importado desde SAC,,Fleet Services,Usuario Importador,Telemarketing,,,Solucionado,,,,,AUA1 - AUTOMOTORES CARTERA GENERAL,861815,,1288672,Contacto del tercero,,,,'2021-04-28 13:20:00','2016-11-11 08:41:03','2016-11-11 08:41:03',Resuelto,,
161111-356754,,Incidente importado desde SAC,,Emisión Masivos,Usuario Importador,Telemarketing,,,Solucionado,,,,,AUS1 - AUTOMOTORES,861820,,136266,4 cuotas con un descuento del 25 %,,,,'2021-04-28 13:20:00','2016-11-11 08:41:04','2016-11-11 08:41:04',Resuelto,,
161111-356757,,Incidente importado desde SAC,,,Usuario Importador,Telemarketing,,,Solucionado,,,,,AUS1 - AUTOMOTORES,861823,,5730584,Cliente para retención,,,,'2021-04-28 13:20:00','2016-11-11 08:41:04','2016-11-11 08:41:04',Atendido,,
161111-356760,,Incidente importado desde SAC,,Inspecciones Autos,Usuario Importador,Telemarketing,,,Solucionado,,,,,AUS1 - AUTOMOTORES,861826,,7144522,Inspección por previa DDJJ,,,,'2021-04-28 13:20:00','2016-11-11 08:41:04','2016-11-11 08:41:04',Resuelto,,
161111-356764,,Incidente importado desde SAC,,Gerencia Venta Directa,Usuario Importador,Comercial,,,Solucionado,,,,,AUS1 - AUTOMOTORES,861830,,4398268,,,,,'2021-04-28 13:20:00','2016-11-11 08:41:04','2016-11-11 08:41:04',Resuelto,,
161111-356766,,Incidente importado desde SAC,,Emisión Cartera Gral.,Usuario Importador,Telemarketing,,,Solucionado,,,,,APL1 - AUTOMOTORES PLANES,861832,,6021544,Venta trailer,,,,'2021-04-28 13:20:00','2016-11-11 08:41:04','2016-11-11 08:41:04',Resuelto,,
161111-356769,,Incidente importado desde SAC,,,Usuario Importador,Telemarketing,,,Solucionado,,,,,AUS1 - AUTOMOTORES,861835,,3331710,Cliente para retención,,,,'2021-04-28 13:20:00','2016-11-11 08:41:04','2016-11-11 08:41:04',Atendido,,
161111-356770,,Incidente importado desde SAC,,Fleet Services,Usuario Importador,Telemarketing,,,Solucionado,,,,,AUS1 - AUTOMOTORES,861836,,5053389,Contacto del tercero,,,,'2021-04-28 13:20:00','2016-11-11 08:41:04','2016-11-11 08:41:04',Resuelto,,
161111-356772,,Incidente importado desde SAC,,Emisión Masivos,Usuario Importador,Especialistas,,,Solucionado,,,,,AUS1 - AUTOMOTORES,861838,,5256547,Venta,,,,'2021-04-28 13:20:00','2016-11-11 08:41:05','2016-11-11 08:41:05',Resuelto,,
161111-356775,,Incidente importado desde SAC,,,Usuario Importador,Telemarketing,,,Solucionado,,,,,AUS1 - AUTOMOTORES,861841,,3394129,Cliente para retención,,,,'2021-04-28 13:20:00','2016-11-11 08:41:05','2016-11-11 08:41:05',Atendido,,
161111-356776,,Incidente importado desde SAC,,Oficina Cordoba,Usuario Importador,Telemarketing,,,Solucionado,,,,,APR1 - AUTOMOTORES,861842,,5356180,Daños materiales Cordoba,,,,'2021-04-28 13:20:00','2016-11-11 08:41:05','2016-11-11 08:41:05',Resuelto,,
161111-356778,,Incidente importado desde SAC,,Drive in Libertador,Usuario Importador,Telemarketing,,,Solucionado,,,,,AUS1 - AUTOMOTORES,861844,,260509,Daños materiales drive in Libertador,,,,'2021-04-28 13:20:00','2016-11-11 08:41:05','2016-11-11 08:41:05',Resuelto,,
161111-356781,,Incidente importado desde SAC,,Emisión Masivos,Usuario Importador,Telemarketing,,,Solucionado,,,,,AUS1 - AUTOMOTORES,861847,,3428773,Rechazos/ Reducción de cobertura,,,,'2021-04-28 13:20:00','2016-11-11 08:41:06','2016-11-11 08:41:06',Resuelto,,
161111-356787,,Incidente importado desde SAC,,Emisión Masivos,Usuario Importador,Telemarketing,,,Solucionado,,,,,AUS1 - AUTOMOTORES,861853,,7001790,Baja de póliza,,,,'2021-04-28 13:20:00','2016-11-11 08:41:06','2016-11-11 08:41:06',Resuelto,,
161111-356788,,Incidente importado desde SAC,,Emisión Masivos,Usuario Importador,Telemarketing,,,Solucionado,,,,,AUS1 - AUTOMOTORES,861854,,381785,Baja de póliza,,,,'2021-04-28 13:20:00','2016-11-11 08:41:06','2016-11-11 08:41:06',Resuelto,,
161111-356789,,Incidente importado desde SAC,,Emisión Masivos,Usuario Importador,Telemarketing,,,Solucionado,,,,,AUS1 - AUTOMOTORES,861855,,1267501,Baja de póliza,,,,'2021-04-28 13:20:00','2016-11-11 08:41:06','2016-11-11 08:41:06',Resuelto,,
161111-356793,,Incidente importado desde SAC,,Emisión Masivos,Usuario Importador,Telemarketing,,,Solucionado,,,,,AUS1 - AUTOMOTORES,861859,,3614459,4 cuotas con un descuento del 25 %,,,,'2021-04-28 13:20:00','2016-11-11 08:41:06','2016-11-11 08:41:06',Resuelto,,
161111-356796,,Incidente importado desde SAC,,Emisión Masivos,Usuario Importador,Comercial,,,Solucionado,,,,,HOM1 - SEGURO DEL HOGAR,861862,,3762005,Modificación datos personales,,,,'2021-04-28 13:20:00','2016-11-11 08:41:06','2016-11-11 08:41:06',Resuelto,,
161111-356797,,Incidente importado desde SAC,,Emisión Masivos,Usuario Importador,Carta,,,Solucionado,,,,,AUS1 - AUTOMOTORES,861863,,4854941,No califica,,,,'2021-04-28 13:20:00','2016-11-11 08:41:06','2016-11-11 08:41:06',Resuelto,,
161111-356800,,Incidente importado desde SAC,,Mailing,Usuario Importador,Telemarketing,,,Solucionado,,,,,AUS1 - AUTOMOTORES,861866,,491781,Certificado de cobertura,,,,'2021-04-28 13:20:00','2016-11-11 08:41:06','2016-11-11 08:41:06',Resuelto,,
161111-356808,,Incidente importado desde SAC,,Emisión Masivos,Usuario Importador,Telemarketing,,,Solucionado,,,,,APR1 - AUTOMOTORES,861874,,4573960,Ampliación de Cobertura con inspección,,,,'2021-04-28 13:20:00','2016-11-11 08:41:07','2016-11-11 08:41:07',Resuelto,,
161111-356810,,Incidente importado desde SAC,,Inspecciones Autos,Usuario Importador,Telemarketing,,,Solucionado,,,,,AUS1 - AUTOMOTORES,861876,,2978396,Rechazos/ Reducción de cobertura,,,,'2021-04-28 13:20:00','2016-11-11 08:41:07','2016-11-11 08:41:07',No Procedente,,
161111-356811,,Incidente importado desde SAC,,Riesgos Varios Casa Central,Usuario Importador,Telemarketing,,,Solucionado,,,,,HOM1 - SEGURO DEL HOGAR,861877,,3712440,Riesgos Varios Casa Central,,,,'2021-04-28 13:20:00','2016-11-11 08:41:07','2016-11-11 08:41:07',Resuelto,,
161111-356812,,Incidente importado desde SAC,,Emisión Masivos,Usuario Importador,Telemarketing,,,Solucionado,,,,,AUS1 - AUTOMOTORES,861878,,1010066,Baja de póliza,,,,'2021-04-28 13:20:00','2016-11-11 08:41:07','2016-11-11 08:41:07',Resuelto,,
161111-356814,,Incidente importado desde SAC,,Emisión Masivos,Usuario Importador,Telemarketing,,,Solucionado,,,,,AUS1 - AUTOMOTORES,861880,,5211066,Rechazos/ Reducción de cobertura,,,,'2021-04-28 13:20:00','2016-11-11 08:41:07','2016-11-11 08:41:07',Resuelto,,
161111-356824,,Incidente importado desde SAC,,Drive in Libertador,Usuario Importador,Telemarketing,,,Solucionado,,,,,AUT1 - AUTOMOTORES,861890,,3413281,Daños materiales drive in Libertador,,,,'2021-04-28 13:20:00','2016-11-11 08:41:08','2016-11-11 08:41:08',Resuelto,,
161111-356825,,Incidente importado desde SAC,,,Usuario Importador,Telemarketing,,,Solucionado,,,,,AUS1 - AUTOMOTORES,861891,,7717225,Cliente para retención,,,,'2021-04-28 13:20:00','2016-11-11 08:41:09','2016-11-11 08:41:09',Atendido,,
161111-356827,,Incidente importado desde SAC,,Telecobranzas,Usuario Importador,Telemarketing,,,Solucionado,,,,,HOM1 - SEGURO DEL HOGAR,861893,,1765457,Reenvío al cobro,,,,'2021-04-28 13:20:00','2016-11-11 08:41:09','2016-11-11 08:41:09',Resuelto,,
161111-356828,,Incidente importado desde SAC,,Emisión Masivos,Usuario Importador,Telemarketing,,,Solucionado,,,,,HOM1 - SEGURO DEL HOGAR,861894,,714093,Baja de póliza,,,,'2021-04-28 13:20:00','2016-11-11 08:41:09','2016-11-11 08:41:09',Resuelto,,
161111-356833,,Incidente importado desde SAC,,Fleet Services,Usuario Importador,Telemarketing,,,Solucionado,,,,,AUT1 - AUTOMOTORES,861899,,4745989,Contacto del tercero,,,,'2021-04-28 13:20:00','2016-11-11 08:41:10','2016-11-11 08:41:10',Resuelto,,
161111-356835,,Incidente importado desde SAC,,Emisión Masivos,Usuario Importador,Telemarketing,,,Solucionado,,,,,AUS1 - AUTOMOTORES,861901,,5353648,Baja de póliza,,,,'2021-04-28 13:20:00','2016-11-11 08:41:10','2016-11-11 08:41:10',Resuelto,,
161111-356837,,Incidente importado desde SAC,,Emisión Masivos,Usuario Importador,Especialistas,,,Solucionado,,,,,AUS1 - AUTOMOTORES,861903,,5324291,Excepción comercial altas,,,,'2021-04-28 13:20:00','2016-11-11 08:41:12','2016-11-11 08:41:12',Resuelto,,
161111-356839,,Incidente importado desde SAC,,Emisión Masivos,Usuario Importador,Telemarketing,,,Solucionado,,,,,AUS1 - AUTOMOTORES,861905,,6918805,Baja de póliza,,,,'2021-04-28 13:20:00','2016-11-11 08:41:12','2016-11-11 08:41:12',Resuelto,,
161111-356840,,Incidente importado desde SAC,,Inspecciones Autos,Usuario Importador,Telemarketing,,,Solucionado,,,,,AUS1 - AUTOMOTORES,861906,,3821921,Inspección por previa DDJJ,,,,'2021-04-28 13:20:00','2016-11-11 08:41:12','2016-11-11 08:41:12',Resuelto,,
161111-356841,,Incidente importado desde SAC,,Drive in Ciudadela,Usuario Importador,Telemarketing,,,Solucionado,,,,,AUS1 - AUTOMOTORES,861907,,2862977,Daños materiales drive in Ciudadela,,,,'2021-04-28 13:20:00','2016-11-11 08:41:12','2016-11-11 08:41:12',Resuelto,,
161111-356845,,Incidente importado desde SAC,,Oficina Rosario,Usuario Importador,Telemarketing,,,Solucionado,,,,,APL1 - AUTOMOTORES PLANES,861911,,3387021,Daños materiales Rosario,,,,'2021-04-28 13:20:00','2016-11-11 08:41:12','2016-11-11 08:41:12',Resuelto,,
161111-356850,,Incidente importado desde SAC,,Cerrito- CIS,Usuario Importador,Canal productor,,,Solucionado,,,,,AUT1 - AUTOMOTORES,861916,,2175104,Cerrito - CIS,,,,'2021-04-28 13:20:00','2016-11-11 08:41:13','2016-11-11 08:41:13',Resuelto,,
161111-356856,,Incidente importado desde SAC,,Oficina Cordoba,Usuario Importador,Canal productor,,,Solucionado,,,,,AUS1 - AUTOMOTORES,861922,,7371966,Ampliación de Cobertura con inspección,,,,'2021-04-28 13:20:00','2016-11-11 08:41:13','2016-11-11 08:41:13',No Procedente,,
161111-356858,,Incidente importado desde SAC,,Emisión Masivos,Usuario Importador,Telemarketing,,,Solucionado,,,,,AUS1 - AUTOMOTORES,861924,,4409636,Modificaciones datos del producto,,,,'2021-04-28 13:20:00','2016-11-11 08:41:13','2016-11-11 08:41:13',Resuelto,,
161111-356861,,Incidente importado desde SAC,,Emisión Cartera Gral.,Usuario Importador,Carta Documento,,,Solucionado,,,,,HOC1 - SEGURO DEL HOGAR,861927,,4390336,Alta de póliza con inspección,,,,'2021-04-28 13:20:00','2016-11-11 08:41:13','2016-11-11 08:41:13',Resuelto,,
161111-356863,,Incidente importado desde SAC,,Emisión Masivos,Usuario Importador,Telemarketing,,,Solucionado,,,,,AUS1 - AUTOMOTORES,861929,,437317,4 cuotas con un descuento del 25 %,,,,'2021-04-28 13:20:00','2016-11-11 08:41:14','2016-11-11 08:41:14',Resuelto,,
161111-356871,,Incidente importado desde SAC,,,Usuario Importador,Telemarketing,,,Solucionado,,,,,AUS1 - AUTOMOTORES,861937,,3801234,Cliente para retención,,,,'2021-04-28 13:20:00','2016-11-11 08:41:14','2016-11-11 08:41:14',Atendido,,
161111-356877,,Incidente importado desde SAC,,,Usuario Importador,Telemarketing,,,Solucionado,,,,,AUS1 - AUTOMOTORES,861943,,2397245,Cliente para retención,,,,'2021-04-28 13:20:00','2016-11-11 08:41:14','2016-11-11 08:41:14',Atendido,,
161111-356881,,Incidente importado desde SAC,,Mailing,Usuario Importador,Telemarketing,,,Solucionado,,,,,AUS1 - AUTOMOTORES,861947,,3673280,Certificado de cobertura,,,,'2021-04-28 13:20:00','2016-11-11 08:41:14','2016-11-11 08:41:14',Resuelto,,
161111-356882,,Incidente importado desde SAC,,Emisión Masivos,Usuario Importador,Telemarketing,,,Solucionado,,,,,AUS1 - AUTOMOTORES,861948,,5653791,4 cuotas con un descuento del 25 %,,,,'2021-04-28 13:20:00','2016-11-11 08:41:14','2016-11-11 08:41:14',Resuelto,,
161111-356883,,Incidente importado desde SAC,,Inspecciones Autos,Usuario Importador,Telemarketing,,,Solucionado,,,,,AUS1 - AUTOMOTORES,861949,,1204663,Rechazos/ Reducción de cobertura,,,,'2021-04-28 13:20:00','2016-11-11 08:41:15','2016-11-11 08:41:15',No Procedente,,
161111-356884,,Incidente importado desde SAC,,Inspecciones Autos,Usuario Importador,Telemarketing,,,Solucionado,,,,,AUS1 - AUTOMOTORES,861950,,3692486,Inspección por previa DDJJ,,,,'2021-04-28 13:20:00','2016-11-11 08:41:15','2016-11-11 08:41:15',Resuelto,,
161111-356886,,Incidente importado desde SAC,,Emisión Masivos,Usuario Importador,Comercial,,,Solucionado,,,,,AUS1 - AUTOMOTORES,861952,,7061665,Facturación,,,,'2021-04-28 13:20:00','2016-11-11 08:41:15','2016-11-11 08:41:15',Resuelto,,
161111-356887,,Incidente importado desde SAC,,Fleet Services,Usuario Importador,Telemarketing,,,Solucionado,,,,,AUA1 - AUTOMOTORES CARTERA GENERAL,861953,,2048066,Contacto del tercero,,,,'2021-04-28 13:20:00','2016-11-11 08:41:15','2016-11-11 08:41:15',Resuelto,,
161111-356889,,Incidente importado desde SAC,,,Usuario Importador,Canal productor,,,Solucionado,,,,,AUS1 - AUTOMOTORES,861955,,5013448,Cliente para retención,,,,'2021-04-28 13:20:00','2016-11-11 08:41:15','2016-11-11 08:41:15',Atendido,,
161111-356893,,Incidente importado desde SAC,,,Usuario Importador,Telemarketing,,,Solucionado,,,,,AUS1 - AUTOMOTORES,861959,,4277337,Cliente para retención,,,,'2021-04-28 13:20:00','2016-11-11 08:41:15','2016-11-11 08:41:15',Atendido,,
161111-356899,,Incidente importado desde SAC,,Oficina Mendoza,Usuario Importador,Telemarketing,,,Solucionado,,,,,AUS1 - AUTOMOTORES,861965,,7706340,Daños materiales Casa Central,,,,'2021-04-28 13:20:00','2016-11-11 08:41:16','2016-11-11 08:41:16',Resuelto,,
161111-356902,,Incidente importado desde SAC,,,Usuario Importador,Telemarketing,,,Solucionado,,,,,AUS1 - AUTOMOTORES,861968,,1778102,Cliente para retención,,,,'2021-04-28 13:20:00','2016-11-11 08:41:16','2016-11-11 08:41:16',Atendido,,
161111-356904,,Incidente importado desde SAC,,Inspecciones Autos,Usuario Importador,Telemarketing,,,Solucionado,,,,,AUS1 - AUTOMOTORES,861970,,4337262,Instalación de dispositivo de rastreo,,,,'2021-04-28 13:20:00','2016-11-11 08:41:16','2016-11-11 08:41:16',Resuelto,,
161111-356907,,Incidente importado desde SAC,,Fleet Services,Usuario Importador,Telemarketing,,,Solucionado,,,,,AUA1 - AUTOMOTORES CARTERA GENERAL,861973,,1054769,Contacto del tercero,,,,'2021-04-28 13:20:00','2016-11-11 08:41:16','2016-11-11 08:41:16',Resuelto,,
161111-356911,,Incidente importado desde SAC,,Drive in La Plata,Usuario Importador,Telemarketing,,,Solucionado,,,,,AUS1 - AUTOMOTORES,861977,,7077272,Inspección por siniestros,,,,'2021-04-28 13:20:00','2016-11-11 08:41:16','2016-11-11 08:41:16',Resuelto,,
161111-356912,,Incidente importado desde SAC,,Especialistas,Usuario Importador,Especialistas,,,Solucionado,,,,,AUS1 - AUTOMOTORES,861978,,4512108,Baja de póliza,,,,'2021-04-28 13:20:00','2016-11-11 08:41:16','2016-11-11 08:41:16',Resuelto,,
161111-356918,,Incidente importado desde SAC,,Telecobranzas,Usuario Importador,Telemarketing,,,Solucionado,,,,,AUS1 - AUTOMOTORES,861984,,1815178,Mensaje,,,,'2021-04-28 13:20:00','2016-11-11 08:41:17','2016-11-11 08:41:17',Atendido,,
161111-356927,,Incidente importado desde SAC,,Emisión Masivos,Usuario Importador,Telemarketing,,,Solucionado,,,,,AUS1 - AUTOMOTORES,861993,,6661098,No califica,,,,'2021-04-28 13:20:00','2016-11-11 08:41:17','2016-11-11 08:41:17',Resuelto,,
161111-356929,,Incidente importado desde SAC,,Emisión Masivos,Usuario Importador,Carta Documento,,,Solucionado,,,,,AUS1 - AUTOMOTORES,861995,,2146398,Baja de póliza,,,,'2021-04-28 13:20:00','2016-11-11 08:41:17','2016-11-11 08:41:17',Resuelto,,
161111-356930,,Incidente importado desde SAC,,Emisión Masivos,Usuario Importador,Telemarketing,,,Solucionado,,,,,HOM1 - SEGURO DEL HOGAR,861996,,4532763,Propuesta incompleta,,,,'2021-04-28 13:20:00','2016-11-11 08:41:17','2016-11-11 08:41:17',Resuelto,,
161111-356931,,Incidente importado desde SAC,,Emisión Masivos,Usuario Importador,Telemarketing,,,Solucionado,,,,,AUS1 - AUTOMOTORES,861997,,3397389,Rechazos/ Reducción de cobertura,,,,'2021-04-28 13:20:00','2016-11-11 08:41:17','2016-11-11 08:41:17',Resuelto,,
161111-356936,,Incidente importado desde SAC,,,Usuario Importador,Telemarketing,,,Solucionado,,,,,AUS1 - AUTOMOTORES,862002,,6881919,Cliente para retención,,,,'2021-04-28 13:20:00','2016-11-11 08:41:18','2016-11-11 08:41:18',Atendido,,
161111-356939,,Incidente importado desde SAC,,Cac,Usuario Importador,Telemarketing,,,Solucionado,,,,,APR1 - AUTOMOTORES,862005,,3277194,Endosos CAC,,,,'2021-04-28 13:20:00','2016-11-11 08:41:18','2016-11-11 08:41:18',Atendido,,
161111-356940,,Incidente importado desde SAC,,,Usuario Importador,Telemarketing,,,Solucionado,,,,,AUS1 - AUTOMOTORES,862006,,490411,Cliente para retención,,,,'2021-04-28 13:20:00','2016-11-11 08:41:18','2016-11-11 08:41:18',Atendido,,
161111-356945,,Incidente importado desde SAC,,Emisión Masivos,Usuario Importador,Telemarketing,,,Solucionado,,,,,HOM1 - SEGURO DEL HOGAR,862011,,3873737,Baja de póliza,,,,'2021-04-28 13:20:00','2016-11-11 08:41:18','2016-11-11 08:41:18',Resuelto,,
161111-356946,,Incidente importado desde SAC,,Emisión Masivos,Usuario Importador,Telemarketing,,,Solucionado,,,,,APR1 - AUTOMOTORES,862012,,3410121,Inclusión de GNC,,,,'2021-04-28 13:20:00','2016-11-11 08:41:18','2016-11-11 08:41:18',Resuelto,,
161111-356948,,Incidente importado desde SAC,,,Usuario Importador,Telemarketing,,,Solucionado,,,,,AUS1 - AUTOMOTORES,862014,,309911,Cliente para retención,,,,'2021-04-28 13:20:00','2016-11-11 08:41:19','2016-11-11 08:41:19',Atendido,,
161111-356949,,Incidente importado desde SAC,,Emisión Masivos,Usuario Importador,Telemarketing,,,Solucionado,,,,,AUS1 - AUTOMOTORES,862015,,3508487,Baja de póliza,,,,'2021-04-28 13:20:00','2016-11-11 08:41:19','2016-11-11 08:41:19',Resuelto,,
161111-356951,,Incidente importado desde SAC,,Fleet Services,Usuario Importador,Telemarketing,,,Solucionado,,,,,AUA1 - AUTOMOTORES CARTERA GENERAL,862017,,3426770,Contacto del tercero,,,,'2021-04-28 13:20:00','2016-11-11 08:41:19','2016-11-11 08:41:19',Resuelto,,
161111-356952,,Incidente importado desde SAC,,Emisión Masivos,Usuario Importador,Telemarketing,,,Solucionado,,,,,HOM1 - SEGURO DEL HOGAR,862018,,5194437,Baja de póliza,,,,'2021-04-28 13:20:00','2016-11-11 08:41:19','2016-11-11 08:41:19',Resuelto,,
161111-356954,,Incidente importado desde SAC,,Inspecciones Autos,Usuario Importador,Telemarketing,,,Solucionado,,,,,AUS1 - AUTOMOTORES,862020,,2967727,Inspección por previa,,,,'2021-04-28 13:20:00','2016-11-11 08:41:19','2016-11-11 08:41:19',Resuelto,,
161111-356956,,Incidente importado desde SAC,,,Usuario Importador,Telemarketing,,,Solucionado,,,,,AUS1 - AUTOMOTORES,862022,,1411896,Cliente para retención,,,,'2021-04-28 13:20:00','2016-11-11 08:41:19','2016-11-11 08:41:19',Atendido,,
161111-356957,,Incidente importado desde SAC,,Emisión Masivos,Usuario Importador,Canal productor,,,Solucionado,,,,,HOM1 - SEGURO DEL HOGAR,862023,,1342595,Ampliación de Cobertura con ddjj,,,,'2021-04-28 13:20:00','2016-11-11 08:41:19','2016-11-11 08:41:19',Resuelto,,
161111-356958,,Incidente importado desde SAC,,Emisión Masivos,Usuario Importador,Telemarketing,,,Solucionado,,,,,HOM1 - SEGURO DEL HOGAR,862024,,3839270,Baja de póliza,,,,'2021-04-28 13:20:00','2016-11-11 08:41:19','2016-11-11 08:41:19',Resuelto,,
161111-356961,,Incidente importado desde SAC,,Mailing,Usuario Importador,Telemarketing,,,Solucionado,,,,,AUS1 - AUTOMOTORES,862027,,7683458,Certificado de cobertura,,,,'2021-04-28 13:20:00','2016-11-11 08:41:20','2016-11-11 08:41:20',Resuelto,,
161111-356963,,Incidente importado desde SAC,,Inspecciones Autos,Usuario Importador,Carta Documento,,,Solucionado,,,,,AUS1 - AUTOMOTORES,862029,,3390135,Inspección por previa,,,,'2021-04-28 13:20:00','2016-11-11 08:41:20','2016-11-11 08:41:20',Resuelto,,
161111-356966,,Incidente importado desde SAC,,Emisión Masivos,Usuario Importador,Telemarketing,,,Solucionado,,,,,AUS1 - AUTOMOTORES,862032,,2396481,Baja de póliza,,,,'2021-04-28 13:20:00','2016-11-11 08:41:20','2016-11-11 08:41:20',Resuelto,,
161111-356972,,Incidente importado desde SAC,,Inspecciones Autos,Usuario Importador,Telemarketing,,,Solucionado,,,,,AUS1 - AUTOMOTORES,862038,,3394359,Inspección por previa DDJJ,,,,'2021-04-28 13:20:00','2016-11-11 08:41:20','2016-11-11 08:41:20',Resuelto,,
161111-356973,,Incidente importado desde SAC,,Riesgos Varios Casa Central,Usuario Importador,Telemarketing,,,Solucionado,,,,,HOM1 - SEGURO DEL HOGAR,862039,,5382191,Riesgos Varios Casa Central,,,,'2021-04-28 13:20:00','2016-11-11 08:41:20','2016-11-11 08:41:20',Resuelto,,
161111-356975,,Incidente importado desde SAC,,Emisión Masivos,Usuario Importador,Telemarketing,,,Solucionado,,,,,AUS1 - AUTOMOTORES,862041,,7712761,Reducción de cobertura,,,,'2021-04-28 13:20:00','2016-11-11 08:41:20','2016-11-11 08:41:20',Resuelto,,
161111-356976,,Incidente importado desde SAC,,Emisión Masivos,Usuario Importador,Telemarketing,,,Solucionado,,,,,APR1 - AUTOMOTORES,862042,,3610864,Rechazos/ Reducción de cobertura,,,,'2021-04-28 13:20:00','2016-11-11 08:41:20','2016-11-11 08:41:20',Resuelto,,
161111-356979,,Incidente importado desde SAC,,Emisión Masivos,Usuario Importador,Telemarketing,,,Solucionado,,,,,AUS1 - AUTOMOTORES,862045,,136368,Ampliación de Cobertura con inspección,,,,'2021-04-28 13:20:00','2016-11-11 08:41:21','2016-11-11 08:41:21',Resuelto,,
161111-356980,,Incidente importado desde SAC,,Emisión Masivos,Usuario Importador,Especialistas,,,Solucionado,,,,,AUS1 - AUTOMOTORES,862046,,7380279,Anulación de propuesta,,,,'2021-04-28 13:20:00','2016-11-11 08:41:21','2016-11-11 08:41:21',Resuelto,,
161111-356984,,Incidente importado desde SAC,,Mailing,Usuario Importador,Telemarketing,,,Solucionado,,,,,APL1 - AUTOMOTORES PLANES,862050,,4941288,Certificado de cobertura,,,,'2021-04-28 13:20:00','2016-11-11 08:41:21','2016-11-11 08:41:21',Atendido,,
161111-356985,,Incidente importado desde SAC,,Telemarketing,Usuario Importador,Telemarketing,,,Solucionado,,,,,AUS1 - AUTOMOTORES,862051,,3034750,,,,,'2021-04-28 13:20:00','2016-11-11 08:41:21','2016-11-11 08:41:21',Atendido,,
161111-356990,,Incidente importado desde SAC,,Especialistas,Usuario Importador,Especialistas,,,Solucionado,,,,,AUS1 - AUTOMOTORES,862056,,4854458,Venta,,,,'2021-04-28 13:20:00','2016-11-11 08:41:22','2016-11-11 08:41:22',Resuelto,,
161111-356991,,Incidente importado desde SAC,,Telecobranzas,Usuario Importador,Telemarketing,,,Solucionado,,,,,AUS1 - AUTOMOTORES,862057,,6890826,Mensaje,,,,'2021-04-28 13:20:00','2016-11-11 08:41:23','2016-11-11 08:41:23',Atendido,,
161111-356995,,Incidente importado desde SAC,,Emisión Masivos,Usuario Importador,Telemarketing,,,Solucionado,,,,,HOM1 - SEGURO DEL HOGAR,862061,,1274868,Baja de póliza,,,,'2021-04-28 13:20:00','2016-11-11 08:41:23','2016-11-11 08:41:23',Resuelto,,
161111-356996,,Incidente importado desde SAC,,Emisión Masivos,Usuario Importador,Telemarketing,,,Solucionado,,,,,AUS1 - AUTOMOTORES,862062,,2800890,Rechazos/ Reducción de cobertura,,,,'2021-04-28 13:20:00','2016-11-11 08:41:23','2016-11-11 08:41:23',Resuelto,,
161111-357002,,Incidente importado desde SAC,,Emisión Masivos,Usuario Importador,Canal productor,,,Solucionado,,,,,APR1 - AUTOMOTORES,862068,,3144020,Modificaciones datos del producto,,,,'2021-04-28 13:20:00','2016-11-11 08:41:24','2016-11-11 08:41:24',Resuelto,,
161111-357004,,Incidente importado desde SAC,,Cac,Usuario Importador,Telemarketing,,,Solucionado,,,,,APR1 - AUTOMOTORES,862070,,7267750,Endosos CAC,,,,'2021-04-28 13:20:00','2016-11-11 08:41:25','2016-11-11 08:41:25',Resuelto,,
161111-357010,,Incidente importado desde SAC,,Robo / Destruccion Total,Usuario Importador,Telemarketing,,,Solucionado,,,,,AUS1 - AUTOMOTORES,862076,,2234229,Daños materiales Casa Central,,,,'2021-04-28 13:20:00','2016-11-11 08:41:25','2016-11-11 08:41:25',Resuelto,,
161111-357011,,Incidente importado desde SAC,,Oficina Rosario,Usuario Importador,Telemarketing,,,Solucionado,,,,,AUT1 - AUTOMOTORES,862077,,3529512,Daños materiales Rosario,,,,'2021-04-28 13:20:00','2016-11-11 08:41:25','2016-11-11 08:41:25',Resuelto,,
161111-357012,,Incidente importado desde SAC,,Robo / Destruccion Total,Usuario Importador,Telemarketing,,,Solucionado,,,,,APL1 - AUTOMOTORES PLANES,862078,,3473412,Robo Total,,,,'2021-04-28 13:20:00','2016-11-11 08:41:26','2016-11-11 08:41:26',Resuelto,,
161111-357013,,Incidente importado desde SAC,,Inspecciones Autos,Usuario Importador,Telemarketing,,,Solucionado,,,,,AUS1 - AUTOMOTORES,862079,,3806577,Inspección por previa DDJJ,,,,'2021-04-28 13:20:00','2016-11-11 08:41:26','2016-11-11 08:41:26',Resuelto,,
161111-357014,,Incidente importado desde SAC,,Emisión Masivos,Usuario Importador,Telemarketing,,,Solucionado,,,,,AUS1 - AUTOMOTORES,862080,,6878372,Baja de póliza,,,,'2021-04-28 13:20:00','2016-11-11 08:41:26','2016-11-11 08:41:26',Resuelto,,
161111-357015,,Incidente importado desde SAC,,Cerrito- CIS,Usuario Importador,Canal productor,,,Solucionado,,,,,ICO1 - INTEGR.COMERCIO,862081,,3526834,Cerrito - CIS,,,,'2021-04-28 13:20:00','2016-11-11 08:41:26','2016-11-11 08:41:26',Resuelto,,
161111-357018,,Incidente importado desde SAC,,Emisión Masivos,Usuario Importador,Telemarketing,,,Solucionado,,,,,AUS1 - AUTOMOTORES,862084,,1955317,4 cuotas con un descuento del 25 %,,,,'2021-04-28 13:20:00','2016-11-11 08:41:26','2016-11-11 08:41:26',Resuelto,,
161111-357020,,Incidente importado desde SAC,,Emisión Masivos,Usuario Importador,Telemarketing,,,Solucionado,,,,,AUS1 - AUTOMOTORES,862086,,3193662,4 cuotas con un descuento del 25 %,,,,'2021-04-28 13:20:00','2016-11-11 08:41:26','2016-11-11 08:41:26',Resuelto,,
161111-357026,,Incidente importado desde SAC,,Daños Materiales Autos,Usuario Importador,Especialistas,,,Solucionado,,,,,AUS1 - AUTOMOTORES,862092,,6748577,Denuncia daños materiales,,,,'2021-04-28 13:20:00','2016-11-11 08:41:26','2016-11-11 08:41:26',Resuelto,,
161111-357028,,Incidente importado desde SAC,,Daños Materiales Autos,Usuario Importador,Telemarketing,,,Solucionado,,,,,AUT1 - AUTOMOTORES,862094,,4698092,Inspección por siniestros,,,,'2021-04-28 13:20:00','2016-11-11 08:41:26','2016-11-11 08:41:26',Resuelto,,
161111-357031,,Incidente importado desde SAC,,Cac,Usuario Importador,Telemarketing,,,Solucionado,,,,,AUS1 - AUTOMOTORES,862097,,7382707,Desinstalación de dispositivo de rastreo,,,,'2021-04-28 13:20:00','2016-11-11 08:41:27','2016-11-11 08:41:27',No Procedente,,
161111-357032,,Incidente importado desde SAC,,Emisión Masivos,Usuario Importador,Telemarketing,,,Solucionado,,,,,AUS1 - AUTOMOTORES,862098,,2182124,4 cuotas con un descuento del 25 %,,,,'2021-04-28 13:20:00','2016-11-11 08:41:27','2016-11-11 08:41:27',Resuelto,,
161111-357033,,Incidente importado desde SAC,,Emisión Masivos,Usuario Importador,Telemarketing,,,Solucionado,,,,,AUS1 - AUTOMOTORES,862099,,7788765,Retención sin beneficio,,,,'2021-04-28 13:20:00','2016-11-11 08:41:27','2016-11-11 08:41:27',Atendido,,
161111-357039,,Incidente importado desde SAC,,,Usuario Importador,Telemarketing,,,Solucionado,,,,,AUS1 - AUTOMOTORES,862106,,1800327,Cliente para retención,,,,'2021-04-28 13:20:00','2016-11-11 08:41:27','2016-11-11 08:41:27',Atendido,,
161111-357046,,Incidente importado desde SAC,,Telemarketing,Usuario Importador,Telemarketing,,,Solucionado,,,,,AUS1 - AUTOMOTORES,862113,,5148571,Inspección por previa,,,,'2021-04-28 13:20:00','2016-11-11 08:41:28','2016-11-11 08:41:28',Resuelto,,
161111-357047,,Incidente importado desde SAC,,Gerencia Clientes,Usuario Importador,Carta Documento,,,Solucionado,,,,,EGE1 - EXT.GARANTIA ELECTRO,862114,,2503541,Certificado de cobertura,,,,'2021-04-28 13:20:00','2016-11-11 08:41:28','2016-11-11 08:41:28',Resuelto,,
161111-357060,,Incidente importado desde SAC,,Cac,Usuario Importador,Telemarketing,,,Solucionado,,,,,EGE1 - EXT.GARANTIA ELECTRO,862127,,702115,Documentación para enviar por fax/email,,,,'2021-04-28 13:20:00','2016-11-11 08:41:29','2016-11-11 08:41:29',Resuelto,,
161111-357061,,Incidente importado desde SAC,,Emisión Masivos,Usuario Importador,Telemarketing,,,Solucionado,,,,,AUS1 - AUTOMOTORES,862128,,3395231,Propuesta incompleta,,,,'2021-04-28 13:20:00','2016-11-11 08:41:29','2016-11-11 08:41:29',Resuelto,,
161111-357067,,Incidente importado desde SAC,,,Usuario Importador,Telemarketing,,,Solucionado,,,,,APL1 - AUTOMOTORES PLANES,862134,,626845,Daños materiales drive In Centro,,,,'2021-04-28 13:20:00','2016-11-11 08:41:29','2016-11-11 08:41:29',Resuelto,,
161111-357070,,Incidente importado desde SAC,,Emisión Masivos,Usuario Importador,Telemarketing,,,Solucionado,,,,,HOM1 - SEGURO DEL HOGAR,862137,,3495751,Propuesta incompleta,,,,'2021-04-28 13:20:00','2016-11-11 08:41:29','2016-11-11 08:41:29',Resuelto,,
161111-357071,,Incidente importado desde SAC,,Emisión Masivos,Usuario Importador,Telemarketing,,,Solucionado,,,,,AUS1 - AUTOMOTORES,862138,,285371,Ampliación de Cobertura con inspección,,,,'2021-04-28 13:20:00','2016-11-11 08:41:29','2016-11-11 08:41:29',Resuelto,,
161111-357072,,Incidente importado desde SAC,,Daños Materiales Autos,Usuario Importador,Telemarketing,,,Solucionado,,,,,APR1 - AUTOMOTORES,862139,,3283552,Inspección por siniestros,,,,'2021-04-28 13:20:00','2016-11-11 08:41:29','2016-11-11 08:41:29',Resuelto,,
161111-357078,,Incidente importado desde SAC,,Telecobranzas,Usuario Importador,Telemarketing,,,Solucionado,,,,,AUS1 - AUTOMOTORES,862145,,3516880,Sin teléfono/Equivocado,,,,'2021-04-28 13:20:00','2016-11-11 08:41:29','2016-11-11 08:41:29',Atendido,,
161111-357080,,Incidente importado desde SAC,,Cobranzas Automático,Usuario Importador,Telemarketing,,,Solucionado,,,,,ATD1 - ROBO/USUAR.T.DEB-CRE,862147,,6180865,No califica,,,,'2021-04-28 13:20:00','2016-11-11 08:41:30','2016-11-11 08:41:30',Resuelto,,
161111-357087,,Incidente importado desde SAC,,Inspecciones Autos,Usuario Importador,Telemarketing,,,Solucionado,,,,,AUS1 - AUTOMOTORES,862154,,7790796,Inspección por previa DDJJ,,,,'2021-04-28 13:20:00','2016-11-11 08:41:30','2016-11-11 08:41:30',Resuelto,,
161111-357091,,Incidente importado desde SAC,,Oficina Cordoba,Usuario Importador,Telemarketing,,,Solucionado,,,,,AUT1 - AUTOMOTORES,862158,,3485315,Daños materiales Cordoba,,,,'2021-04-28 13:20:00','2016-11-11 08:41:30','2016-11-11 08:41:30',Resuelto,,
161111-357092,,Incidente importado desde SAC,,Gerencia Venta Directa,Usuario Importador,Comercial,,,Solucionado,,,,,HOM1 - SEGURO DEL HOGAR,862159,,2941929,,,,,'2021-04-28 13:20:00','2016-11-11 08:41:31','2016-11-11 08:41:31',Resuelto,,
161111-357095,,Incidente importado desde SAC,,Robo / Destruccion Total,Usuario Importador,Telemarketing,,,Solucionado,,,,,AUA1 - AUTOMOTORES CARTERA GENERAL,862162,,2476780,Robo Total,,,,'2021-04-28 13:20:00','2016-11-11 08:41:31','2016-11-11 08:41:31',Resuelto,,
161111-357098,,Incidente importado desde SAC,,Lesiones,Usuario Importador,Telemarketing,,,Solucionado,,,,,AUS1 - AUTOMOTORES,862165,,7748750,Tercero lesionado,,,,'2021-04-28 13:20:00','2016-11-11 08:41:31','2016-11-11 08:41:31',Resuelto,,
161111-357101,,Incidente importado desde SAC,,Emisión Masivos,Usuario Importador,Telemarketing,,,Solucionado,,,,,AUS1 - AUTOMOTORES,862168,,5183388,Rechazos/ Reducción de cobertura,,,,'2021-04-28 13:20:00','2016-11-11 08:41:31','2016-11-11 08:41:31',Resuelto,,
161111-357104,,Incidente importado desde SAC,,Emisión Masivos,Usuario Importador,Telemarketing,,,Solucionado,,,,,HOM1 - SEGURO DEL HOGAR,862171,,1370107,No califica,,,,'2021-04-28 13:20:00','2016-11-11 08:41:31','2016-11-11 08:41:31',Resuelto,,
161111-357114,,Incidente importado desde SAC,,Emisión Cartera Gral.,Usuario Importador,Carta,,,Solucionado,,,,,AUT1 - AUTOMOTORES,862181,,7749285,Baja de póliza,,,,'2021-04-28 13:20:00','2016-11-11 08:41:32','2016-11-11 08:41:32',Resuelto,,
161111-357115,,Incidente importado desde SAC,,Mailing,Usuario Importador,Carta Documento,,,Solucionado,,,,,AUT1 - AUTOMOTORES,862182,,1288672,Certificado de cobertura,,,,'2021-04-28 13:20:00','2016-11-11 08:41:32','2016-11-11 08:41:32',Resuelto,,
161111-357118,,Incidente importado desde SAC,,Cobranzas Automático,Usuario Importador,Telemarketing,,,Solucionado,,,,,ATD1 - ROBO/USUAR.T.DEB-CRE,862185,,4552890,No califica,,,,'2021-04-28 13:20:00','2016-11-11 08:41:32','2016-11-11 08:41:32',Resuelto,,
161111-357123,,Incidente importado desde SAC,,Fleet Services,Usuario Importador,Telemarketing,,,Solucionado,,,,,AUT1 - AUTOMOTORES,862190,,2667964,Contacto del tercero,,,,'2021-04-28 13:20:00','2016-11-11 08:41:32','2016-11-11 08:41:32',Resuelto,,
161111-357124,,Incidente importado desde SAC,,Robo / Destruccion Total,Usuario Importador,Telemarketing,,,Solucionado,,,,,AUS1 - AUTOMOTORES,862191,,7121554,Denuncia de robo aparecido,,,,'2021-04-28 13:20:00','2016-11-11 08:41:33','2016-11-11 08:41:33',Resuelto,,
161111-357125,,Incidente importado desde SAC,,Inspecciones Autos,Usuario Importador,Telemarketing,,,Solucionado,,,,,AUS1 - AUTOMOTORES,862192,,6002502,Inspección por previa DDJJ,,,,'2021-04-28 13:20:00','2016-11-11 08:41:33','2016-11-11 08:41:33',Resuelto,,
161111-357126,,Incidente importado desde SAC,,Emisión Masivos,Usuario Importador,Telemarketing,,,Solucionado,,,,,AUS1 - AUTOMOTORES,862193,,3450580,Propuesta incompleta,,,,'2021-04-28 13:20:00','2016-11-11 08:41:33','2016-11-11 08:41:33',Resuelto,,
161111-357128,,Incidente importado desde SAC,,Riesgos Varios Casa Central,Usuario Importador,Telemarketing,,,Solucionado,,,,,HOM1 - SEGURO DEL HOGAR,862195,,3781564,Riesgos Varios Casa Central,,,,'2021-04-28 13:20:00','2016-11-11 08:41:33','2016-11-11 08:41:33',Resuelto,,
161111-357129,,Incidente importado desde SAC,,Emisión Masivos,Usuario Importador,Telemarketing,,,Solucionado,,,,,HOM1 - SEGURO DEL HOGAR,862196,,4919340,Alta de póliza con inspección,,,,'2021-04-28 13:20:00','2016-11-11 08:41:33','2016-11-11 08:41:33',Resuelto,,
161111-357132,,Incidente importado desde SAC,,,Usuario Importador,Telemarketing,,,Solucionado,,,,,AUS1 - AUTOMOTORES,862199,,3634438,Cliente para retención,,,,'2021-04-28 13:20:00','2016-11-11 08:41:33','2016-11-11 08:41:33',Atendido,,
161111-357136,,Incidente importado desde SAC,,Emisión Masivos,Usuario Importador,Telemarketing,,,Solucionado,,,,,AUS1 - AUTOMOTORES,862203,,6895540,Modificación medio de pago,,,,'2021-04-28 13:20:00','2016-11-11 08:41:34','2016-11-11 08:41:34',Resuelto,,
161111-357140,,Incidente importado desde SAC,,Cobranzas Automático,Usuario Importador,Telemarketing,,,Solucionado,,,,,AUI1 - AUTOMOTORES INSTITUCIONES,862207,,3463756,No califica,,,,'2021-04-28 13:20:00','2016-11-11 08:41:34','2016-11-11 08:41:34',Resuelto,,
161111-357141,,Incidente importado desde SAC,,Oficina Rosario,Usuario Importador,Carta Documento,,,Solucionado,,,,,AUS1 - AUTOMOTORES,862208,,4502978,Facturación,,,,'2021-04-28 13:20:00','2016-11-11 08:41:34','2016-11-11 08:41:34',Resuelto,,
161111-357145,,Incidente importado desde SAC,,Cerrito- CIS,Usuario Importador,Canal productor,,,Solucionado,,,,,RCG2 - RESPONSABILIDAD CIVIL,862212,,3643070,Cerrito - CIS,,,,'2021-04-28 13:20:00','2016-11-11 08:41:34','2016-11-11 08:41:34',Resuelto,,
161111-357146,,Incidente importado desde SAC,,Cac,Usuario Importador,Telemarketing,,,Solucionado,,,,,AUI1 - AUTOMOTORES INSTITUCIONES,862213,,3511502,Rehabilitación de póliza con Inspección,,,,'2021-04-28 13:20:00','2016-11-11 08:41:34','2016-11-11 08:41:34',No Procedente,,
161111-357149,,Incidente importado desde SAC,,Oficina Rosario,Usuario Importador,Telemarketing,,,Solucionado,,,,,HOM1 - SEGURO DEL HOGAR,862216,,3740060,Riesgos Varios Rosario,,,,'2021-04-28 13:20:00','2016-11-11 08:41:35','2016-11-11 08:41:35',Resuelto,,
161111-357155,,Incidente importado desde SAC,,Inspecciones Autos,Usuario Importador,Telemarketing,,,Solucionado,,,,,AUS1 - AUTOMOTORES,862222,,5201874,Inspección por previa DDJJ,,,,'2021-04-28 13:20:00','2016-11-11 08:41:35','2016-11-11 08:41:35',Resuelto,,
161111-357160,,Incidente importado desde SAC,,Emisión Masivos,Usuario Importador,Telemarketing,,,Solucionado,,,,,AUS1 - AUTOMOTORES,862227,,3642674,Propuesta incompleta,,,,'2021-04-28 13:20:00','2016-11-11 08:41:36','2016-11-11 08:41:36',No Procedente,,
161111-357164,,Incidente importado desde SAC,,Emisión Masivos,Usuario Importador,Telemarketing,,,Solucionado,,,,,AUS1 - AUTOMOTORES,862231,,1332089,Baja de póliza,,,,'2021-04-28 13:20:00','2016-11-11 08:41:36','2016-11-11 08:41:36',Resuelto,,
161111-357166,,Incidente importado desde SAC,,Cac,Usuario Importador,Telemarketing,,,Solucionado,,,,,AUS1 - AUTOMOTORES,862233,,5142413,Facturación,,,,'2021-04-28 13:20:00','2016-11-11 08:41:37','2016-11-11 08:41:37',Resuelto,,
161111-357167,,Incidente importado desde SAC,,Drive in Lanus,Usuario Importador,Telemarketing,,,Solucionado,,,,,APR1 - AUTOMOTORES,862234,,7732499,Daños materiales Casa Central,,,,'2021-04-28 13:20:00','2016-11-11 08:41:37','2016-11-11 08:41:37',Resuelto,,
161111-357168,,Incidente importado desde SAC,,Cac,Usuario Importador,Telemarketing,,,Solucionado,,,,,AUS1 - AUTOMOTORES,862235,,637585,Daños materiales Interior Sur,,,,'2021-04-28 13:20:00','2016-11-11 08:41:38','2016-11-11 08:41:38',No Procedente,,
161111-357170,,Incidente importado desde SAC,,Fleet Services,Usuario Importador,Telemarketing,,,Solucionado,,,,,AUT1 - AUTOMOTORES,862237,,1288672,Contacto del tercero,,,,'2021-04-28 13:20:00','2016-11-11 08:41:38','2016-11-11 08:41:38',Resuelto,,
161111-357171,,Incidente importado desde SAC,,,Usuario Importador,Telemarketing,,,Solucionado,,,,,AUS1 - AUTOMOTORES,862238,,2378221,Cliente para retención,,,,'2021-04-28 13:20:00','2016-11-11 08:41:38','2016-11-11 08:41:38',Atendido,,
161111-357173,,Incidente importado desde SAC,,Emisión Masivos,Usuario Importador,Telemarketing,,,Solucionado,,,,,AUS1 - AUTOMOTORES,862240,,4881215,Baja de póliza,,,,'2021-04-28 13:20:00','2016-11-11 08:41:38','2016-11-11 08:41:38',Resuelto,,
161111-357175,,Incidente importado desde SAC,,Emisión Masivos,Usuario Importador,Telemarketing,,,Solucionado,,,,,AUS1 - AUTOMOTORES,862242,,5119594,Modificaciones datos del producto,,,,'2021-04-28 13:20:00','2016-11-11 08:41:39','2016-11-11 08:41:39',Resuelto,,
161111-357178,,Incidente importado desde SAC,,Cac,Usuario Importador,Telemarketing,,,Solucionado,,,,,APL1 - AUTOMOTORES PLANES,862245,,1807023,Contacto del tercero,,,,'2021-04-28 13:20:00','2016-11-11 08:41:39','2016-11-11 08:41:39',Anulado,,
161111-357179,,Incidente importado desde SAC,,Emisión Masivos,Usuario Importador,Canal productor,,,Solucionado,,,,,AUS1 - AUTOMOTORES,862246,,3455047,Corrección de propuesta,,,,'2021-04-28 13:20:00','2016-11-11 08:41:39','2016-11-11 08:41:39',No Procedente,,
161111-357183,,Incidente importado desde SAC,,Daños Materiales Autos,Usuario Importador,Telemarketing,,,Solucionado,,,,,APL1 - AUTOMOTORES PLANES,862250,,4194421,Daños materiales Casa Central,,,,'2021-04-28 13:20:00','2016-11-11 08:41:39','2016-11-11 08:41:39',Resuelto,,
161111-357187,,Incidente importado desde SAC,,Oficina Mendoza,Usuario Importador,Carta Documento,,,Solucionado,,,,,HOM1 - SEGURO DEL HOGAR,862254,,7248220,Riesgos Varios Mendoza,,,,'2021-04-28 13:20:00','2016-11-11 08:41:39','2016-11-11 08:41:39',Resuelto,,
161111-357188,,Incidente importado desde SAC,,Emisión Masivos,Usuario Importador,Especialistas,,,Solucionado,,,,,APR1 - AUTOMOTORES,862255,,6135695,Ampliación de Cobertura con inspección,,,,'2021-04-28 13:20:00','2016-11-11 08:41:39','2016-11-11 08:41:39',Resuelto,,
161111-357191,,Incidente importado desde SAC,,Emisión Masivos,Usuario Importador,Telemarketing,,,Solucionado,,,,,AUS1 - AUTOMOTORES,862258,,5992821,Baja de póliza,,,,'2021-04-28 13:20:00','2016-11-11 08:41:40','2016-11-11 08:41:40',Resuelto,,
161111-357192,,Incidente importado desde SAC,,Drive in Ciudadela,Usuario Importador,Telemarketing,,,Solucionado,,,,,APL1 - AUTOMOTORES PLANES,862259,,4456161,Daños materiales drive in Ciudadela,,,,'2021-04-28 13:20:00','2016-11-11 08:41:40','2016-11-11 08:41:40',Resuelto,,
161111-357193,,Incidente importado desde SAC,,Emisión Masivos,Usuario Importador,Telemarketing,,,Solucionado,,,,,AUS1 - AUTOMOTORES,862260,,7717225,Baja de póliza,,,,'2021-04-28 13:20:00','2016-11-11 08:41:40','2016-11-11 08:41:40',Resuelto,,
161111-357201,,Incidente importado desde SAC,,Oficina Rosario,Usuario Importador,Telemarketing,,,Solucionado,,,,,APR1 - AUTOMOTORES,862268,,3079879,Daños materiales Rosario,,,,'2021-04-28 13:20:00','2016-11-11 08:41:40','2016-11-11 08:41:40',Resuelto,,
161111-357203,,Incidente importado desde SAC,,Emisión Masivos,Usuario Importador,Telemarketing,,,Solucionado,,,,,AUS1 - AUTOMOTORES,862270,,5118867,Baja de póliza,,,,'2021-04-28 13:20:00','2016-11-11 08:41:40','2016-11-11 08:41:40',Resuelto,,
161111-357205,,Incidente importado desde SAC,,,Usuario Importador,Telemarketing,,,Solucionado,,,,,AUS1 - AUTOMOTORES,862272,,4970911,Rechazos/ Reducción de cobertura,,,,'2021-04-28 13:20:00','2016-11-11 08:41:40','2016-11-11 08:41:40',Resuelto,,
161111-357209,,Incidente importado desde SAC,,Inspecciones Autos,Usuario Importador,Telemarketing,,,Solucionado,,,,,AUS1 - AUTOMOTORES,862276,,3194827,Inspección por previa DDJJ,,,,'2021-04-28 13:20:00','2016-11-11 08:41:41','2016-11-11 08:41:41',Resuelto,,
161111-357214,,Incidente importado desde SAC,,,Usuario Importador,Telemarketing,,,Solucionado,,,,,AUS1 - AUTOMOTORES,862281,,1955152,Cliente para retención,,,,'2021-04-28 13:20:00','2016-11-11 08:41:41','2016-11-11 08:41:41',Atendido,,
161111-357216,,Incidente importado desde SAC,,Fleet Services,Usuario Importador,Telemarketing,,,Solucionado,,,,,AUA1 - AUTOMOTORES CARTERA GENERAL,862283,,4558170,Contacto del tercero,,,,'2021-04-28 13:20:00','2016-11-11 08:41:42','2016-11-11 08:41:42',Resuelto,,
161111-357219,,Incidente importado desde SAC,,Emisión Masivos,Usuario Importador,Telemarketing,,,Solucionado,,,,,AUS1 - AUTOMOTORES,862286,,490904,4 cuotas con un descuento del 25 %,,,,'2021-04-28 13:20:00','2016-11-11 08:41:42','2016-11-11 08:41:42',Resuelto,,
161111-357221,,Incidente importado desde SAC,,Emisión Masivos,Usuario Importador,Telemarketing,,,Solucionado,,,,,HOM1 - SEGURO DEL HOGAR,862288,,7222937,Propuesta incompleta,,,,'2021-04-28 13:20:00','2016-11-11 08:41:42','2016-11-11 08:41:42',Resuelto,,
161111-357224,,Incidente importado desde SAC,,Gerencia Venta Directa,Usuario Importador,Comercial,,,Solucionado,,,,,AUS1 - AUTOMOTORES,862291,,1233920,Excepción comercial altas,,,,'2021-04-28 13:20:00','2016-11-11 08:41:43','2016-11-11 08:41:43',Resuelto,,
161111-357225,,Incidente importado desde SAC,,Emisión Cartera Gral.,Usuario Importador,Telemarketing,,,Solucionado,,,,,AUA1 - AUTOMOTORES CARTERA GENERAL,862292,,714475,Cartera general,,,,'2021-04-28 13:20:00','2016-11-11 08:41:43','2016-11-11 08:41:43',Resuelto,,
161111-357227,,Incidente importado desde SAC,,Inspecciones Autos,Usuario Importador,Telemarketing,,,Solucionado,,,,,AUS1 - AUTOMOTORES,862294,,3763240,Inspección por previa DDJJ,,,,'2021-04-28 13:20:00','2016-11-11 08:41:43','2016-11-11 08:41:43',Resuelto,,
161111-357228,,Incidente importado desde SAC,,Emisión Masivos,Usuario Importador,Telemarketing,,,Solucionado,,,,,HOM1 - SEGURO DEL HOGAR,862295,,5342886,Propuesta incompleta,,,,'2021-04-28 13:20:00','2016-11-11 08:41:43','2016-11-11 08:41:43',Resuelto,,
161111-357232,,Incidente importado desde SAC,,Inspecciones Autos,Usuario Importador,Telemarketing,,,Solucionado,,,,,AUS1 - AUTOMOTORES,862299,,3227757,Inspección por previa DDJJ,,,,'2021-04-28 13:20:00','2016-11-11 08:41:43','2016-11-11 08:41:43',Resuelto,,
161111-357237,,Incidente importado desde SAC,,Emisión Masivos,Usuario Importador,Especialistas,,,Solucionado,,,,,AUS1 - AUTOMOTORES,862304,,7628396,No califica,,,,'2021-04-28 13:20:00','2016-11-11 08:41:44','2016-11-11 08:41:44',Resuelto,,
161111-357239,,Incidente importado desde SAC,,Inspecciones Autos,Usuario Importador,Telemarketing,,,Solucionado,,,,,AUS1 - AUTOMOTORES,862306,,3400605,Inspección por previa DDJJ,,,,'2021-04-28 13:20:00','2016-11-11 08:41:44','2016-11-11 08:41:44',Resuelto,,
161111-357240,,Incidente importado desde SAC,,Emisión Masivos,Usuario Importador,Canal productor,,,Solucionado,,,,,AUS1 - AUTOMOTORES,862307,,1918704,Corrección de propuesta,,,,'2021-04-28 13:20:00','2016-11-11 08:41:44','2016-11-11 08:41:44',Resuelto,,
161111-357243,,Incidente importado desde SAC,,Emisión Masivos,Usuario Importador,Telemarketing,,,Solucionado,,,,,HOM1 - SEGURO DEL HOGAR,862310,,7441387,Ampliación de Cobertura con inspección,,,,'2021-04-28 13:20:00','2016-11-11 08:41:44','2016-11-11 08:41:44',Resuelto,,
161111-357245,,Incidente importado desde SAC,,Drive in San Isidro,Usuario Importador,Telemarketing,,,Solucionado,,,,,AUS1 - AUTOMOTORES,862312,,2244279,Daños materiales drive in San Isidro,,,,'2021-04-28 13:20:00','2016-11-11 08:41:44','2016-11-11 08:41:44',Resuelto,,
161111-357246,,Incidente importado desde SAC,,Cac,Usuario Importador,Telemarketing,,,Solucionado,,,,,HOM1 - SEGURO DEL HOGAR,862313,,519394,Endosos CAC,,,,'2021-04-28 13:20:00','2016-11-11 08:41:44','2016-11-11 08:41:44',Resuelto,,
161111-357250,,Incidente importado desde SAC,,Mailing,Usuario Importador,Telemarketing,,,Solucionado,,,,,AUS1 - AUTOMOTORES,862317,,6153806,Certificado de cobertura,,,,'2021-04-28 13:20:00','2016-11-11 08:41:45','2016-11-11 08:41:45',Atendido,,
161111-357251,,Incidente importado desde SAC,,Emisión Masivos,Usuario Importador,Telemarketing,,,Solucionado,,,,,AUS1 - AUTOMOTORES,862318,,7350280,No califica,,,,'2021-04-28 13:20:00','2016-11-11 08:41:45','2016-11-11 08:41:45',Resuelto,,
161111-357252,,Incidente importado desde SAC,,Mailing,Usuario Importador,Telemarketing,,,Solucionado,,,,,AUS1 - AUTOMOTORES,862319,,3112112,Certificado de cobertura,,,,'2021-04-28 13:20:00','2016-11-11 08:41:45','2016-11-11 08:41:45',Resuelto,,
161111-357253,,Incidente importado desde SAC,,Oficina Rosario,Usuario Importador,Telemarketing,,,Solucionado,,,,,APR1 - AUTOMOTORES,862320,,4115970,Daños materiales Rosario,,,,'2021-04-28 13:20:00','2016-11-11 08:41:45','2016-11-11 08:41:45',Resuelto,,
161111-357258,,Incidente importado desde SAC,,Emisión Masivos,Usuario Importador,Telemarketing,,,Solucionado,,,,,AUS1 - AUTOMOTORES,862325,,3835105,Rechazos/ Reducción de cobertura,,,,'2021-04-28 13:20:00','2016-11-11 08:41:45','2016-11-11 08:41:45',Resuelto,,
161111-357260,,Incidente importado desde SAC,,,Usuario Importador,Telemarketing,,,Solucionado,,,,,AUS1 - AUTOMOTORES,862327,,652938,Cliente para retención,,,,'2021-04-28 13:20:00','2016-11-11 08:41:45','2016-11-11 08:41:45',Atendido,,
161111-357261,,Incidente importado desde SAC,,Emisión Masivos,Usuario Importador,Telemarketing,,,Solucionado,,,,,AUS1 - AUTOMOTORES,862328,,1724890,Modificación datos personales,,,,'2021-04-28 13:20:00','2016-11-11 08:41:45','2016-11-11 08:41:45',Resuelto,,
161111-357266,,Incidente importado desde SAC,,Fleet Services,Usuario Importador,Telemarketing,,,Solucionado,,,,,AUT1 - AUTOMOTORES,862333,,3508038,Contacto del tercero,,,,'2021-04-28 13:20:00','2016-11-11 08:41:46','2016-11-11 08:41:46',Resuelto,,
161111-357267,,Incidente importado desde SAC,,Emisión Masivos,Usuario Importador,Telemarketing,,,Solucionado,,,,,AUS1 - AUTOMOTORES,862334,,2461225,Baja de póliza,,,,'2021-04-28 13:20:00','2016-11-11 08:41:46','2016-11-11 08:41:46',Resuelto,,
161111-357272,,Incidente importado desde SAC,,Inspecciones Autos,Usuario Importador,Telemarketing,,,Solucionado,,,,,APR1 - AUTOMOTORES,862339,,5187724,Inspección por previa DDJJ,,,,'2021-04-28 13:20:00','2016-11-11 08:41:46','2016-11-11 08:41:46',Resuelto,,
161111-357273,,Incidente importado desde SAC,,Drive in Centro,Usuario Importador,Telemarketing,,,Solucionado,,,,,AUT1 - AUTOMOTORES,862340,,1288672,Daños materiales Casa Central,,,,'2021-04-28 13:20:00','2016-11-11 08:41:46','2016-11-11 08:41:46',Resuelto,,
161111-357275,,Incidente importado desde SAC,,Emisión Masivos,Usuario Importador,Carta,,,Solucionado,,,,,HOM1 - SEGURO DEL HOGAR,862342,,298400,Rechazos/ Baja de póliza,,,,'2021-04-28 13:20:00','2016-11-11 08:41:46','2016-11-11 08:41:46',Resuelto,,
161111-357280,,Incidente importado desde SAC,,Telemarketing,Usuario Importador,Telemarketing,,,Solucionado,,,,,AUS1 - AUTOMOTORES,862347,,4990838,Facturación,,,,'2021-04-28 13:20:00','2016-11-11 08:41:46','2016-11-11 08:41:46',Resuelto,,
161111-357282,,Incidente importado desde SAC,,Cac,Usuario Importador,Telemarketing,,,Solucionado,,,,,AUT1 - AUTOMOTORES,862349,,3642207,Cartera general,,,,'2021-04-28 13:20:00','2016-11-11 08:41:47','2016-11-11 08:41:47',Resuelto,,
161111-357284,,Incidente importado desde SAC,,Emisión Masivos,Usuario Importador,Carta,,,Solucionado,,,,,AUS1 - AUTOMOTORES,862351,,4670535,No califica,,,,'2021-04-28 13:20:00','2016-11-11 08:41:47','2016-11-11 08:41:47',Resuelto,,
161111-357286,,Incidente importado desde SAC,,Emisión Masivos,Usuario Importador,Telemarketing,,,Solucionado,,,,,ATD1 - ROBO/USUAR.T.DEB-CRE,862353,,3459891,Anulación de propuesta,,,,'2021-04-28 13:20:00','2016-11-11 08:41:47','2016-11-11 08:41:47',Resuelto,,
161111-357288,,Incidente importado desde SAC,,Emisión Masivos,Usuario Importador,Comercial,,,Solucionado,,,,,AUI1 - AUTOMOTORES INSTITUCIONES,862355,,2705879,Certificado de cobertura,,,,'2021-04-28 13:20:00','2016-11-11 08:41:47','2016-11-11 08:41:47',Resuelto,,
161111-357289,,Incidente importado desde SAC,,Drive in San Isidro,Usuario Importador,Telemarketing,,,Solucionado,,,,,APR1 - AUTOMOTORES,862356,,3386958,Daños materiales drive in San Isidro,,,,'2021-04-28 13:20:00','2016-11-11 08:41:47','2016-11-11 08:41:47',Resuelto,,
161111-357293,,Incidente importado desde SAC,,Gerencia Clientes,Usuario Importador,Telemarketing,,,Solucionado,,,,,AUS1 - AUTOMOTORES,862360,,3437804,Recotización,,,,'2021-04-28 13:20:00','2016-11-11 08:41:47','2016-11-11 08:41:47',Resuelto,,
161111-357299,,Incidente importado desde SAC,,,Usuario Importador,Telemarketing,,,Solucionado,,,,,AUS1 - AUTOMOTORES,862366,,3035072,Cliente para retención,,,,'2021-04-28 13:20:00','2016-11-11 08:41:48','2016-11-11 08:41:48',Atendido,,
161111-357303,,Incidente importado desde SAC,,Emisión Masivos,Usuario Importador,Telemarketing,,,Solucionado,,,,,AUS1 - AUTOMOTORES,862370,,5748795,Propuesta incompleta,,,,'2021-04-28 13:20:00','2016-11-11 08:41:48','2016-11-11 08:41:48',Resuelto,,
161111-357304,,Incidente importado desde SAC,,,Usuario Importador,Telemarketing,,,Solucionado,,,,,AUS1 - AUTOMOTORES,862371,,4083781,Cliente para retención,,,,'2021-04-28 13:20:00','2016-11-11 08:41:48','2016-11-11 08:41:48',Atendido,,
161111-357309,,Incidente importado desde SAC,,Fleet Services,Usuario Importador,Telemarketing,,,Solucionado,,,,,AUA1 - AUTOMOTORES CARTERA GENERAL,862376,,3600553,Contacto del tercero,,,,'2021-04-28 13:20:00','2016-11-11 08:41:48','2016-11-11 08:41:48',Resuelto,,
161111-357310,,Incidente importado desde SAC,,Daños Materiales Autos,Usuario Importador,Telemarketing,,,Solucionado,,,,,APL1 - AUTOMOTORES PLANES,862377,,7075403,Daños materiales Casa Central,,,,'2021-04-28 13:20:00','2016-11-11 08:41:48','2016-11-11 08:41:48',Anulado,,
161111-357312,,Incidente importado desde SAC,,Drive in Centro,Usuario Importador,Telemarketing,,,Solucionado,,,,,AUS1 - AUTOMOTORES,862379,,1742160,Daños materiales drive In Centro,,,,'2021-04-28 13:20:00','2016-11-11 08:41:48','2016-11-11 08:41:48',Resuelto,,
161111-357314,,Incidente importado desde SAC,,Cac,Usuario Importador,Telemarketing,,,Solucionado,,,,,AUS1 - AUTOMOTORES,862381,,1208329,Documentación para enviar por fax/email,,,,'2021-04-28 13:20:00','2016-11-11 08:41:49','2016-11-11 08:41:49',Anulado,,
161111-357318,,Incidente importado desde SAC,,Emisión Masivos,Usuario Importador,Comercial,,,Solucionado,,,,,HOM1 - SEGURO DEL HOGAR,862385,,3847020,,,,,'2021-04-28 13:20:00','2016-11-11 08:41:50','2016-11-11 08:41:50',Resuelto,,
161111-357320,,Incidente importado desde SAC,,Cac,Usuario Importador,Telemarketing,,,Solucionado,,,,,AUS1 - AUTOMOTORES,862387,,7842869,Modificación de canal de cobro por única vez,,,,'2021-04-28 13:20:00','2016-11-11 08:41:50','2016-11-11 08:41:50',Resuelto,,
161111-357323,,Incidente importado desde SAC,,Inspecciones Autos,Usuario Importador,Telemarketing,,,Solucionado,,,,,AUS1 - AUTOMOTORES,862390,,5411353,Inspección por previa DDJJ,,,,'2021-04-28 13:20:00','2016-11-11 08:41:50','2016-11-11 08:41:50',Resuelto,,
161111-357325,,Incidente importado desde SAC,,Cac,Usuario Importador,Telemarketing,,,Solucionado,,,,,AUI1 - AUTOMOTORES INSTITUCIONES,862392,,2477111,Certificado de cobertura,,,,'2021-04-28 13:20:00','2016-11-11 08:41:51','2016-11-11 08:41:51',Resuelto,,
161111-357326,,Incidente importado desde SAC,,Drive in Centro,Usuario Importador,Telemarketing,,,Solucionado,,,,,APR1 - AUTOMOTORES,862393,,4544484,Daños materiales drive In Centro,,,,'2021-04-28 13:20:00','2016-11-11 08:41:52','2016-11-11 08:41:52',Resuelto,,
161111-357334,,Incidente importado desde SAC,,,Usuario Importador,Telemarketing,,,Solucionado,,,,,AUS1 - AUTOMOTORES,862401,,1407429,Cliente para retención,,,,'2021-04-28 13:20:00','2016-11-11 08:41:53','2016-11-11 08:41:53',Atendido,,
161111-357336,,Incidente importado desde SAC,,Gerencia Clientes,Usuario Importador,Telemarketing,,,Solucionado,,,,,HOM1 - SEGURO DEL HOGAR,862403,,6491793,Condiciones de póliza,,,,'2021-04-28 13:20:00','2016-11-11 08:41:53','2016-11-11 08:41:53',Anulado,,
161111-357337,,Incidente importado desde SAC,,Emisión Masivos,Usuario Importador,Telemarketing,,,Solucionado,,,,,HOM1 - SEGURO DEL HOGAR,862404,,1030298,Ampliación de Cobertura con inspección,,,,'2021-04-28 13:20:00','2016-11-11 08:41:53','2016-11-11 08:41:53',Resuelto,,
161111-357339,,Incidente importado desde SAC,,Oficina Mendoza,Usuario Importador,Telemarketing,,,Solucionado,,,,,HOM1 - SEGURO DEL HOGAR,862406,,6891990,Riesgos Varios Mendoza,,,,'2021-04-28 13:20:00','2016-11-11 08:41:53','2016-11-11 08:41:53',Resuelto,,
161111-357340,,Incidente importado desde SAC,,Mailing,Usuario Importador,Telemarketing,,,Solucionado,,,,,AUS1 - AUTOMOTORES,862407,,4923463,Certificado de cobertura,,,,'2021-04-28 13:20:00','2016-11-11 08:41:53','2016-11-11 08:41:53',Resuelto,,
161111-357342,,Incidente importado desde SAC,,Inspecciones Autos,Usuario Importador,Telemarketing,,,Solucionado,,,,,AUS1 - AUTOMOTORES,862409,,7196116,Excepción comercial altas,,,,'2021-04-28 13:20:00','2016-11-11 08:41:54','2016-11-11 08:41:54',Resuelto,,
161111-357343,,Incidente importado desde SAC,,Emisión Masivos,Usuario Importador,Telemarketing,,,Solucionado,,,,,AUS1 - AUTOMOTORES,862410,,245870,Inclusión de GNC,,,,'2021-04-28 13:20:00','2016-11-11 08:41:54','2016-11-11 08:41:54',Resuelto,,
161111-357345,,Incidente importado desde SAC,,Emisión Masivos,Usuario Importador,Telemarketing,,,Solucionado,,,,,AUS1 - AUTOMOTORES,862412,,4462242,Baja de póliza,,,,'2021-04-28 13:20:00','2016-11-11 08:41:54','2016-11-11 08:41:54',Resuelto,,
161111-357346,,Incidente importado desde SAC,,Emisión Masivos,Usuario Importador,Comercial,,,Solucionado,,,,,AUS1 - AUTOMOTORES,862413,,3111361,,,,,'2021-04-28 13:20:00','2016-11-11 08:41:54','2016-11-11 08:41:54',Resuelto,,
161111-357348,,Incidente importado desde SAC,,Emisión Masivos,Usuario Importador,Telemarketing,,,Solucionado,,,,,AUS1 - AUTOMOTORES,862415,,5180178,Corrección de propuesta,,,,'2021-04-28 13:20:00','2016-11-11 08:41:54','2016-11-11 08:41:54',Resuelto,,
161111-357349,,Incidente importado desde SAC,,Inspecciones Autos,Usuario Importador,Telemarketing,,,Solucionado,,,,,AUS1 - AUTOMOTORES,862416,,4332868,Inspección por previa DDJJ,,,,'2021-04-28 13:20:00','2016-11-11 08:41:54','2016-11-11 08:41:54',Resuelto,,
161111-357350,,Incidente importado desde SAC,,Fleet Services,Usuario Importador,Telemarketing,,,Solucionado,,,,,AUA1 - AUTOMOTORES CARTERA GENERAL,862417,,2455278,Contacto del tercero,,,,'2021-04-28 13:20:00','2016-11-11 08:41:54','2016-11-11 08:41:54',Resuelto,,
161111-357353,,Incidente importado desde SAC,,Cac,Usuario Importador,Telemarketing,,,Solucionado,,,,,AUT1 - AUTOMOTORES,862420,,7701734,Documentación para enviar por fax/email,,,,'2021-04-28 13:20:00','2016-11-11 08:41:54','2016-11-11 08:41:54',Resuelto,,
161111-357356,,Incidente importado desde SAC,,Cobranzas Automático,Usuario Importador,Telemarketing,,,Solucionado,,,,,AUS1 - AUTOMOTORES,862423,,5279624,No califica,,,,'2021-04-28 13:20:00','2016-11-11 08:41:54','2016-11-11 08:41:54',Resuelto,,
161111-357357,,Incidente importado desde SAC,,Emisión Masivos,Usuario Importador,Telemarketing,,,Solucionado,,,,,AUS1 - AUTOMOTORES,862424,,3611187,Propuesta incompleta,,,,'2021-04-28 13:20:00','2016-11-11 08:41:55','2016-11-11 08:41:55',Resuelto,,
161111-357358,,Incidente importado desde SAC,,Emisión Masivos,Usuario Importador,Telemarketing,,,Solucionado,,,,,AUS1 - AUTOMOTORES,862425,,2728949,Bonificación,,,,'2021-04-28 13:20:00','2016-11-11 08:41:55','2016-11-11 08:41:55',Resuelto,,
161111-357362,,Incidente importado desde SAC,,Oficina Mendoza,Usuario Importador,Telemarketing,,,Solucionado,,,,,AUS1 - AUTOMOTORES,862429,,511229,Daños materiales Mendoza,,,,'2021-04-28 13:20:00','2016-11-11 08:41:55','2016-11-11 08:41:55',Resuelto,,
161111-357363,,Incidente importado desde SAC,,Emisión Masivos,Usuario Importador,Telemarketing,,,Solucionado,,,,,AUS1 - AUTOMOTORES,862430,,4439253,Ampliación de Cobertura con inspección,,,,'2021-04-28 13:20:00','2016-11-11 08:41:55','2016-11-11 08:41:55',Resuelto,,
161111-357370,,Incidente importado desde SAC,,Inspecciones Autos,Usuario Importador,Telemarketing,,,Solucionado,,,,,AUS1 - AUTOMOTORES,862437,,7700124,Inspección por previa DDJJ,,,,'2021-04-28 13:20:00','2016-11-11 08:41:55','2016-11-11 08:41:55',Resuelto,,
161111-357371,,Incidente importado desde SAC,,Emisión Masivos,Usuario Importador,Telemarketing,,,Solucionado,,,,,AUS1 - AUTOMOTORES,862438,,1832539,Baja de póliza,,,,'2021-04-28 13:20:00','2016-11-11 08:41:55','2016-11-11 08:41:55',Resuelto,,
161111-357372,,Incidente importado desde SAC,,,Usuario Importador,Telemarketing,,,Solucionado,,,,,AUS1 - AUTOMOTORES,862439,,2571476,Cliente para retención,,,,'2021-04-28 13:20:00','2016-11-11 08:41:55','2016-11-11 08:41:55',Atendido,,
161111-357378,,Incidente importado desde SAC,,Cac,Usuario Importador,Telemarketing,,,Solucionado,,,,,APR1 - AUTOMOTORES,862445,,3339084,Modificaciones datos del producto,,,,'2021-04-28 13:20:00','2016-11-11 08:41:56','2016-11-11 08:41:56',No Procedente,,
161111-357382,,Incidente importado desde SAC,,Oficina Rosario,Usuario Importador,Telemarketing,,,Solucionado,,,,,APR1 - AUTOMOTORES,862449,,3485148,Daños materiales Rosario,,,,'2021-04-28 13:20:00','2016-11-11 08:41:56','2016-11-11 08:41:56',Resuelto,,
161111-357387,,Incidente importado desde SAC,,Pago Telefonico,Usuario Importador,Telemarketing,,,Solucionado,,,,,AUS1 - AUTOMOTORES,862454,,2433920,Pago telefónico,,,,'2021-04-28 13:20:00','2016-11-11 08:41:56','2016-11-11 08:41:56',Resuelto,,
161111-357388,,Incidente importado desde SAC,,Emisión Masivos,Usuario Importador,Telemarketing,,,Solucionado,,,,,AUS1 - AUTOMOTORES,862455,,3441508,Propuesta incompleta,,,,'2021-04-28 13:20:00','2016-11-11 08:41:56','2016-11-11 08:41:56',Resuelto,,
161111-357391,,Incidente importado desde SAC,,Emisión Masivos,Usuario Importador,Telemarketing,,,Solucionado,,,,,AUS1 - AUTOMOTORES,862458,,2747284,No califica,,,,'2021-04-28 13:20:00','2016-11-11 08:41:56','2016-11-11 08:41:56',Resuelto,,
161111-357392,,Incidente importado desde SAC,,Emisión Masivos,Usuario Importador,Telemarketing,,,Solucionado,,,,,AUS1 - AUTOMOTORES,862459,,189447,Baja de póliza,,,,'2021-04-28 13:20:00','2016-11-11 08:41:56','2016-11-11 08:41:56',Resuelto,,
161111-357395,,Incidente importado desde SAC,,Emisión Masivos,Usuario Importador,Telemarketing,,,Solucionado,,,,,AUS1 - AUTOMOTORES,862462,,1066390,Baja de póliza,,,,'2021-04-28 13:20:00','2016-11-11 08:41:57','2016-11-11 08:41:57',Resuelto,,
161111-357396,,Incidente importado desde SAC,,Emisión Masivos,Usuario Importador,Telemarketing,,,Solucionado,,,,,AUS1 - AUTOMOTORES,862463,,7336788,Baja de póliza,,,,'2021-04-28 13:20:00','2016-11-11 08:41:57','2016-11-11 08:41:57',Resuelto,,
161111-357400,,Incidente importado desde SAC,,,Usuario Importador,Telemarketing,,,Solucionado,,,,,AUS1 - AUTOMOTORES,862467,,3088371,Cliente para retención,,,,'2021-04-28 13:20:00','2016-11-11 08:41:57','2016-11-11 08:41:57',Atendido,,
161111-357401,,Incidente importado desde SAC,,Emisión Masivos,Usuario Importador,Canal productor,,,Solucionado,,,,,AUS1 - AUTOMOTORES,862468,,6677695,Inspección por previa,,,,'2021-04-28 13:20:00','2016-11-11 08:41:57','2016-11-11 08:41:57',Resuelto,,
161111-357403,,Incidente importado desde SAC,,Cobranzas Automático,Usuario Importador,Telemarketing,,,Solucionado,,,,,ATD1 - ROBO/USUAR.T.DEB-CRE,862470,,7170364,No califica,,,,'2021-04-28 13:20:00','2016-11-11 08:41:57','2016-11-11 08:41:57',Resuelto,,
161111-357406,,Incidente importado desde SAC,,Emisión Masivos,Usuario Importador,Telemarketing,,,Solucionado,,,,,AUS1 - AUTOMOTORES,862473,,7045467,Propuesta incompleta,,,,'2021-04-28 13:20:00','2016-11-11 08:41:58','2016-11-11 08:41:58',Resuelto,,
161111-357411,,Incidente importado desde SAC,,Inspecciones Autos,Usuario Importador,Telemarketing,,,Solucionado,,,,,AUS1 - AUTOMOTORES,862477,,4252753,Rechazos/ Reducción de cobertura,,,,'2021-04-28 13:20:00','2016-11-11 08:41:58','2016-11-11 08:41:58',No Procedente,,
161111-357414,,Incidente importado desde SAC,,Mailing,Usuario Importador,Telemarketing,,,Solucionado,,,,,AUS1 - AUTOMOTORES,862480,,7337269,Rechazos/ Reducción de cobertura,,,,'2021-04-28 13:20:00','2016-11-11 08:41:58','2016-11-11 08:41:58',No Procedente,,
161111-357416,,Incidente importado desde SAC,,Emisión Masivos,Usuario Importador,Especialistas,,,Solucionado,,,,,AUS1 - AUTOMOTORES,862482,,1070612,Venta,,,,'2021-04-28 13:20:00','2016-11-11 08:41:58','2016-11-11 08:41:58',Resuelto,,
161111-357417,,Incidente importado desde SAC,,Emisión Masivos,Usuario Importador,Comercial,,,Solucionado,,,,,HOM1 - SEGURO DEL HOGAR,862483,,1858100,Cambio de campaña,,,,'2021-04-28 13:20:00','2016-11-11 08:41:58','2016-11-11 08:41:58',Resuelto,,
161111-357422,,Incidente importado desde SAC,,Cac,Usuario Importador,Telemarketing,,,Solucionado,,,,,HOM1 - SEGURO DEL HOGAR,862488,,3376051,Rehabilitación de póliza sin Inspección,,,,'2021-04-28 13:20:00','2016-11-11 08:41:59','2016-11-11 08:41:59',Resuelto,,
161111-357424,,Incidente importado desde SAC,,Riesgos Varios Casa Central,Usuario Importador,Telemarketing,,,Solucionado,,,,,HOM1 - SEGURO DEL HOGAR,862490,,2894212,Riesgos Varios Casa Central,,,,'2021-04-28 13:20:00','2016-11-11 08:41:59','2016-11-11 08:41:59',Resuelto,,
161111-357427,,Incidente importado desde SAC,,Oficina Mar del Plata,Usuario Importador,Telemarketing,,,Solucionado,,,,,HOM1 - SEGURO DEL HOGAR,862493,,7225577,Denuncia Riesgos Varios,,,,'2021-04-28 13:20:00','2016-11-11 08:41:59','2016-11-11 08:41:59',Resuelto,,
161111-357429,,Incidente importado desde SAC,,Emisión Masivos,Usuario Importador,Especialistas,,,Solucionado,,,,,AUS1 - AUTOMOTORES,862495,,631739,Ampliación de Cobertura con inspección,,,,'2021-04-28 13:20:00','2016-11-11 08:41:59','2016-11-11 08:41:59',Resuelto,,
161111-357432,,Incidente importado desde SAC,,Drive in Centro,Usuario Importador,Telemarketing,,,Solucionado,,,,,AUS1 - AUTOMOTORES,862498,,4346215,Daños materiales drive In Centro,,,,'2021-04-28 13:20:00','2016-11-11 08:41:59','2016-11-11 08:41:59',Resuelto,,
161111-357436,,Incidente importado desde SAC,,Emisión Masivos,Usuario Importador,Canal productor,,,Solucionado,,,,,AUS1 - AUTOMOTORES,862502,,2412957,Corrección de propuesta,,,,'2021-04-28 13:20:00','2016-11-11 08:41:59','2016-11-11 08:41:59',Resuelto,,
161111-357439,,Incidente importado desde SAC,,Inspecciones Autos,Usuario Importador,Telemarketing,,,Solucionado,,,,,AUS1 - AUTOMOTORES,862505,,3103096,Rechazos/ Reducción de cobertura,,,,'2021-04-28 13:20:00','2016-11-11 08:42:00','2016-11-11 08:42:00',No Procedente,,
161111-357440,,Incidente importado desde SAC,,Oficina Mar del Plata,Usuario Importador,Telemarketing,,,Solucionado,,,,,ICO1 - INTEGR.COMERCIO,862506,,3437489,Riesgos Varios Casa Central,,,,'2021-04-28 13:20:00','2016-11-11 08:42:00','2016-11-11 08:42:00',Resuelto,,
161111-357446,,Incidente importado desde SAC,,Drive in Centro,Usuario Importador,Telemarketing,,,Solucionado,,,,,AUS1 - AUTOMOTORES,862512,,1770091,Daños materiales drive In Centro,,,,'2021-04-28 13:20:00','2016-11-11 08:42:00','2016-11-11 08:42:00',Resuelto,,
161111-357447,,Incidente importado desde SAC,,Mailing,Usuario Importador,Telemarketing,,,Solucionado,,,,,AUS1 - AUTOMOTORES,862513,,4511959,Certificado de cobertura,,,,'2021-04-28 13:20:00','2016-11-11 08:42:00','2016-11-11 08:42:00',Resuelto,,
161111-357451,,Incidente importado desde SAC,,Emisión Masivos,Usuario Importador,Especialistas,,,Solucionado,,,,,AUS1 - AUTOMOTORES,862517,,1930432,Referidos,,,,'2021-04-28 13:20:00','2016-11-11 08:42:01','2016-11-11 08:42:01',Resuelto,,
161111-357453,,Incidente importado desde SAC,,Oficina Rosario,Usuario Importador,Telemarketing,,,Solucionado,,,,,HOM1 - SEGURO DEL HOGAR,862519,,3740060,Riesgos Varios Rosario,,,,'2021-04-28 13:20:00','2016-11-11 08:42:01','2016-11-11 08:42:01',Resuelto,,
161111-357455,,Incidente importado desde SAC,,Emisión Masivos,Usuario Importador,Telemarketing,,,Solucionado,,,,,AUS1 - AUTOMOTORES,862521,,5383541,Bonificación,,,,'2021-04-28 13:20:00','2016-11-11 08:42:01','2016-11-11 08:42:01',Resuelto,,
161111-357456,,Incidente importado desde SAC,,Cac,Usuario Importador,Telemarketing,,,Solucionado,,,,,APR1 - AUTOMOTORES,862522,,7361384,Ampliación de Cobertura con inspección,,,,'2021-04-28 13:20:00','2016-11-11 08:42:01','2016-11-11 08:42:01',No Procedente,,
161111-357457,,Incidente importado desde SAC,,Emisión Masivos,Usuario Importador,Telemarketing,,,Solucionado,,,,,APR1 - AUTOMOTORES,862523,,3432142,Ampliación de Cobertura con inspección,,,,'2021-04-28 13:20:00','2016-11-11 08:42:01','2016-11-11 08:42:01',Resuelto,,
161111-357458,,Incidente importado desde SAC,,Emisión Masivos,Usuario Importador,Telemarketing,,,Solucionado,,,,,AUS1 - AUTOMOTORES,862524,,5328035,Baja de póliza,,,,'2021-04-28 13:20:00','2016-11-11 08:42:01','2016-11-11 08:42:01',Resuelto,,
161111-357459,,Incidente importado desde SAC,,Emisión Masivos,Usuario Importador,Telemarketing,,,Solucionado,,,,,HOM1 - SEGURO DEL HOGAR,862525,,2572735,Propuesta incompleta,,,,'2021-04-28 13:20:00','2016-11-11 08:42:01','2016-11-11 08:42:01',Resuelto,,
161111-357462,,Incidente importado desde SAC,,,Usuario Importador,Telemarketing,,,Solucionado,,,,,AUS1 - AUTOMOTORES,862528,,2338849,Cliente para retención,,,,'2021-04-28 13:20:00','2016-11-11 08:42:01','2016-11-11 08:42:01',Atendido,,
161111-357465,,Incidente importado desde SAC,,Oficina Cordoba,Usuario Importador,Telemarketing,,,Solucionado,,,,,AUS1 - AUTOMOTORES,862531,,1007340,Rechazos/ Reducción de cobertura,,,,'2021-04-28 13:20:00','2016-11-11 08:42:01','2016-11-11 08:42:01',Resuelto,,
161111-357469,,Incidente importado desde SAC,,Emisión Masivos,Usuario Importador,Telemarketing,,,Solucionado,,,,,HOM1 - SEGURO DEL HOGAR,862535,,7675952,No califica,,,,'2021-04-28 13:20:00','2016-11-11 08:42:01','2016-11-11 08:42:01',Resuelto,,
161111-357470,,Incidente importado desde SAC,,Gerencia Clientes,Usuario Importador,Carta Documento,,,Solucionado,,,,,AUT1 - AUTOMOTORES,862536,,7306272,Certificado de cobertura,,,,'2021-04-28 13:20:00','2016-11-11 08:42:01','2016-11-11 08:42:01',Resuelto,,
161111-357471,,Incidente importado desde SAC,,Cac,Usuario Importador,Telemarketing,,,Solucionado,,,,,HOM1 - SEGURO DEL HOGAR,862537,,700089,Endosos CAC,,,,'2021-04-28 13:20:00','2016-11-11 08:42:02','2016-11-11 08:42:02',Resuelto,,
161111-357473,,Incidente importado desde SAC,,Daños Materiales Autos,Usuario Importador,Telemarketing,,,Solucionado,,,,,AUB1 - AUTOMOTORES BCOS. CG,862539,,1323341,Daños materiales Casa Central,,,,'2021-04-28 13:20:00','2016-11-11 08:42:02','2016-11-11 08:42:02',Resuelto,,
161111-357478,,Incidente importado desde SAC,,Emisión Cartera Gral.,Usuario Importador,Telemarketing,,,Solucionado,,,,,AUA1 - AUTOMOTORES CARTERA GENERAL,862544,,3061279,Cartera general,,,,'2021-04-28 13:20:00','2016-11-11 08:42:02','2016-11-11 08:42:02',Resuelto,,
161111-357479,,Incidente importado desde SAC,,Cac,Usuario Importador,Telemarketing,,,Solucionado,,,,,AUS1 - AUTOMOTORES,862545,,2928151,Imputación de cobranzas - Automático,,,,'2021-04-28 13:20:00','2016-11-11 08:42:02','2016-11-11 08:42:02',No Procedente,,
161111-357481,,Incidente importado desde SAC,,Gerencia Venta Directa,Usuario Importador,Comercial,,,Solucionado,,,,,AUS1 - AUTOMOTORES,862547,,1301348,Excepción comercial altas,,,,'2021-04-28 13:20:00','2016-11-11 08:42:03','2016-11-11 08:42:03',Resuelto,,
161111-357486,,Incidente importado desde SAC,,Oficina Rosario,Usuario Importador,Telemarketing,,,Solucionado,,,,,AUS1 - AUTOMOTORES,862552,,3593386,Destrucción Total,,,,'2021-04-28 13:20:00','2016-11-11 08:42:04','2016-11-11 08:42:04',Resuelto,,
161111-357488,,Incidente importado desde SAC,,Emisión Masivos,Usuario Importador,Telemarketing,,,Solucionado,,,,,HOM1 - SEGURO DEL HOGAR,862554,,2811198,Corrección de propuesta,,,,'2021-04-28 13:20:00','2016-11-11 08:42:04','2016-11-11 08:42:04',Resuelto,,
161111-357493,,Incidente importado desde SAC,,Emisión Masivos,Usuario Importador,Telemarketing,,,Solucionado,,,,,AUS1 - AUTOMOTORES,862559,,4413786,4 cuotas con un descuento del 25 %,,,,'2021-04-28 13:20:00','2016-11-11 08:42:05','2016-11-11 08:42:05',Resuelto,,
161111-357497,,Incidente importado desde SAC,,Emisión Masivos,Usuario Importador,Telemarketing,,,Solucionado,,,,,AUS1 - AUTOMOTORES,862563,,7139636,Excepción comercial altas,,,,'2021-04-28 13:20:00','2016-11-11 08:42:05','2016-11-11 08:42:05',Resuelto,,
161111-357499,,Incidente importado desde SAC,,Emisión Masivos,Usuario Importador,Telemarketing,,,Solucionado,,,,,HOM1 - SEGURO DEL HOGAR,862565,,4954268,Propuesta incompleta,,,,'2021-04-28 13:20:00','2016-11-11 08:42:05','2016-11-11 08:42:05',Resuelto,,
161111-357501,,Incidente importado desde SAC,,Cac,Usuario Importador,Telemarketing,,,Solucionado,,,,,APR1 - AUTOMOTORES,862567,,2110860,Documentación para enviar por fax/email,,,,'2021-04-28 13:20:00','2016-11-11 08:42:06','2016-11-11 08:42:06',Resuelto,,
161111-357502,,Incidente importado desde SAC,,Emisión Masivos,Usuario Importador,Telemarketing,,,Solucionado,,,,,AUS1 - AUTOMOTORES,862568,,5346494,Corrección de propuesta,,,,'2021-04-28 13:20:00','2016-11-11 08:42:06','2016-11-11 08:42:06',Resuelto,,
161111-357503,,Incidente importado desde SAC,,Emisión Masivos,Usuario Importador,Telemarketing,,,Solucionado,,,,,HOM1 - SEGURO DEL HOGAR,862569,,560351,Alta de póliza con inspección,,,,'2021-04-28 13:20:00','2016-11-11 08:42:06','2016-11-11 08:42:06',Resuelto,,
161111-357508,,Incidente importado desde SAC,,Inspecciones Autos,Usuario Importador,Telemarketing,,,Solucionado,,,,,AUS1 - AUTOMOTORES,862574,,4415651,Inspección por previa DDJJ,,,,'2021-04-28 13:20:00','2016-11-11 08:42:06','2016-11-11 08:42:06',Resuelto,,
161111-357510,,Incidente importado desde SAC,,Mailing,Usuario Importador,Telemarketing,,,Solucionado,,,,,AUS1 - AUTOMOTORES,862575,,1021025,Certificado de cobertura,,,,'2021-04-28 13:20:00','2016-11-11 08:42:06','2016-11-11 08:42:06',Resuelto,,
161111-357511,,Incidente importado desde SAC,,Emisión Masivos,Usuario Importador,Especialistas,,,Solucionado,,,,,AUS1 - AUTOMOTORES,862576,,7091494,Corrección de propuesta,,,,'2021-04-28 13:20:00','2016-11-11 08:42:07','2016-11-11 08:42:07',No Procedente,,
161111-357515,,Incidente importado desde SAC,,Riesgos Varios Casa Central,Usuario Importador,Telemarketing,,,Solucionado,,,,,HOM1 - SEGURO DEL HOGAR,862580,,3204143,Riesgos Varios Casa Central,,,,'2021-04-28 13:20:00','2016-11-11 08:42:07','2016-11-11 08:42:07',Resuelto,,
161111-357518,,Incidente importado desde SAC,,Emisión Masivos,Usuario Importador,Telemarketing,,,Solucionado,,,,,AUS1 - AUTOMOTORES,862583,,3426309,Propuesta incompleta,,,,'2021-04-28 13:20:00','2016-11-11 08:42:07','2016-11-11 08:42:07',Resuelto,,
161111-357521,,Incidente importado desde SAC,,Inspecciones Autos,Usuario Importador,Telemarketing,,,Solucionado,,,,,AUS1 - AUTOMOTORES,862586,,4557286,Inspección por previa DDJJ,,,,'2021-04-28 13:20:00','2016-11-11 08:42:07','2016-11-11 08:42:07',Resuelto,,
161111-357524,,Incidente importado desde SAC,,Emisión Masivos,Usuario Importador,Telemarketing,,,Solucionado,,,,,AUS1 - AUTOMOTORES,862589,,1406815,Baja de póliza,,,,'2021-04-28 13:20:00','2016-11-11 08:42:07','2016-11-11 08:42:07',Resuelto,,
161111-357525,,Incidente importado desde SAC,,Cac,Usuario Importador,Telemarketing,,,Solucionado,,,,,AUS1 - AUTOMOTORES,862590,,2829341,Cambio de campaña,,,,'2021-04-28 13:20:00','2016-11-11 08:42:07','2016-11-11 08:42:07',No Procedente,,
161111-357526,,Incidente importado desde SAC,,Gerencia Venta Directa,Usuario Importador,Comercial,,,Solucionado,,,,,HOM1 - SEGURO DEL HOGAR,862591,,4160485,,,,,'2021-04-28 13:20:00','2016-11-11 08:42:07','2016-11-11 08:42:07',Resuelto,,
161111-357528,,Incidente importado desde SAC,,Emisión Masivos,Usuario Importador,Especialistas,,,Solucionado,,,,,AUS1 - AUTOMOTORES,862593,,1392551,Modificación datos personales,,,,'2021-04-28 13:20:00','2016-11-11 08:42:07','2016-11-11 08:42:07',Resuelto,,
161111-357530,,Incidente importado desde SAC,,Emisión Masivos,Usuario Importador,Telemarketing,,,Solucionado,,,,,AUS1 - AUTOMOTORES,862595,,4480555,Modificación datos personales,,,,'2021-04-28 13:20:00','2016-11-11 08:42:08','2016-11-11 08:42:08',Resuelto,,
161111-357531,,Incidente importado desde SAC,,Emisión Masivos,Usuario Importador,Especialistas,,,Solucionado,,,,,AUS1 - AUTOMOTORES,862596,,3153129,Venta,,,,'2021-04-28 13:20:00','2016-11-11 08:42:08','2016-11-11 08:42:08',Resuelto,,
161111-357534,,Incidente importado desde SAC,,Gerencia Clientes,Usuario Importador,Telemarketing,,,Solucionado,,,,,AUA1 - AUTOMOTORES CARTERA GENERAL,862599,,1893689,Certificado de cobertura,,,,'2021-04-28 13:20:00','2016-11-11 08:42:08','2016-11-11 08:42:08',Resuelto,,
161111-357542,,Incidente importado desde SAC,,Emisión Masivos,Usuario Importador,Canal productor,,,Solucionado,,,,,AUS1 - AUTOMOTORES,862607,,1408937,No califica,,,,'2021-04-28 13:20:00','2016-11-11 08:42:08','2016-11-11 08:42:08',Resuelto,,
161111-357543,,Incidente importado desde SAC,,Robo / Destruccion Total,Usuario Importador,Carta,,,Solucionado,,,,,APL1 - AUTOMOTORES PLANES,862608,,6068269,Baja de póliza,,,,'2021-04-28 13:20:00','2016-11-11 08:42:08','2016-11-11 08:42:08',Anulado,,
161111-357544,,Incidente importado desde SAC,,Mailing,Usuario Importador,Telemarketing,,,Solucionado,,,,,AUS1 - AUTOMOTORES,862609,,5480868,Certificado de cobertura,,,,'2021-04-28 13:20:00','2016-11-11 08:42:08','2016-11-11 08:42:08',Resuelto,,
161111-357546,,Incidente importado desde SAC,,Emisión Masivos,Usuario Importador,Telemarketing,,,Solucionado,,,,,AUS1 - AUTOMOTORES,862611,,1322831,No califica,,,,'2021-04-28 13:20:00','2016-11-11 08:42:08','2016-11-11 08:42:08',Resuelto,,
161111-357547,,Incidente importado desde SAC,,Cac,Usuario Importador,Telemarketing,,,Solucionado,,,,,APR1 - AUTOMOTORES,862612,,3116540,Endosos CAC,,,,'2021-04-28 13:20:00','2016-11-11 08:42:08','2016-11-11 08:42:08',Atendido,,
161111-357549,,Incidente importado desde SAC,,Inspecciones Autos,Usuario Importador,Telemarketing,,,Solucionado,,,,,AUS1 - AUTOMOTORES,862614,,3412646,Inspección por previa DDJJ,,,,'2021-04-28 13:20:00','2016-11-11 08:42:08','2016-11-11 08:42:08',Resuelto,,
161111-357550,,Incidente importado desde SAC,,Fleet Services,Usuario Importador,Telemarketing,,,Solucionado,,,,,AUT1 - AUTOMOTORES,862615,,1079897,Contacto del tercero,,,,'2021-04-28 13:20:00','2016-11-11 08:42:09','2016-11-11 08:42:09',Resuelto,,
161111-357552,,Incidente importado desde SAC,,Fleet Services,Usuario Importador,Telemarketing,,,Solucionado,,,,,AUS1 - AUTOMOTORES,862617,,4406482,Contacto del tercero,,,,'2021-04-28 13:20:00','2016-11-11 08:42:09','2016-11-11 08:42:09',Resuelto,,
161111-357554,,Incidente importado desde SAC,,,Usuario Importador,Telemarketing,,,Solucionado,,,,,AUS1 - AUTOMOTORES,862619,,990834,Daños materiales Cordoba,,,,'2021-04-28 13:20:00','2016-11-11 08:42:09','2016-11-11 08:42:09',Resuelto,,
161111-357556,,Incidente importado desde SAC,,Emisión Masivos,Usuario Importador,Telemarketing,,,Solucionado,,,,,AUS1 - AUTOMOTORES,862621,,3494378,No califica,,,,'2021-04-28 13:20:00','2016-11-11 08:42:09','2016-11-11 08:42:09',Resuelto,,
161111-357557,,Incidente importado desde SAC,,Emisión Masivos,Usuario Importador,Telemarketing,,,Solucionado,,,,,APR1 - AUTOMOTORES,862622,,3431094,Rechazos/ Reducción de cobertura,,,,'2021-04-28 13:20:00','2016-11-11 08:42:09','2016-11-11 08:42:09',Resuelto,,
161111-357560,,Incidente importado desde SAC,,Cobranzas Automático,Usuario Importador,Telemarketing,,,Solucionado,,,,,HOM1 - SEGURO DEL HOGAR,862625,,837517,Reintegro - Automático,,,,'2021-04-28 13:20:00','2016-11-11 08:42:09','2016-11-11 08:42:09',Resuelto,,
161111-357562,,Incidente importado desde SAC,,Telecobranzas,Usuario Importador,Carta Documento,,,Solucionado,,,,,AUS1 - AUTOMOTORES,862627,,1366597,No califica,,,,'2021-04-28 13:20:00','2016-11-11 08:42:09','2016-11-11 08:42:09',No Procedente,,
161111-357563,,Incidente importado desde SAC,,Emisión Masivos,Usuario Importador,Telemarketing,,,Solucionado,,,,,HOM1 - SEGURO DEL HOGAR,862628,,7440948,Baja de póliza,,,,'2021-04-28 13:20:00','2016-11-11 08:42:09','2016-11-11 08:42:09',Resuelto,,
161111-357564,,Incidente importado desde SAC,,Emisión Masivos,Usuario Importador,Telemarketing,,,Solucionado,,,,,AUS1 - AUTOMOTORES,862629,,704049,Propuesta incompleta,,,,'2021-04-28 13:20:00','2016-11-11 08:42:09','2016-11-11 08:42:09',Resuelto,,
161111-357565,,Incidente importado desde SAC,,Fleet Services,Usuario Importador,Telemarketing,,,Solucionado,,,,,AUT1 - AUTOMOTORES,862630,,3591532,Contacto del tercero,,,,'2021-04-28 13:20:00','2016-11-11 08:42:10','2016-11-11 08:42:10',Resuelto,,
161111-357569,,Incidente importado desde SAC,,Emisión Masivos,Usuario Importador,Telemarketing,,,Solucionado,,,,,HOM1 - SEGURO DEL HOGAR,862634,,1293657,Inclusión/Exclusión ADT Domestico,,,,'2021-04-28 13:20:00','2016-11-11 08:42:10','2016-11-11 08:42:10',Resuelto,,
161111-357570,,Incidente importado desde SAC,,Cobranzas Automático,Usuario Importador,Telemarketing,,,Solucionado,,,,,HOM1 - SEGURO DEL HOGAR,862635,,6929850,Reintegro - Automático,,,,'2021-04-28 13:20:00','2016-11-11 08:42:10','2016-11-11 08:42:10',Resuelto,,
161111-357574,,Incidente importado desde SAC,,Emisión Masivos,Usuario Importador,Telemarketing,,,Solucionado,,,,,AUS1 - AUTOMOTORES,862639,,4102959,Baja de póliza,,,,'2021-04-28 13:20:00','2016-11-11 08:42:10','2016-11-11 08:42:10',Resuelto,,
161111-357577,,Incidente importado desde SAC,,Emisión Masivos,Usuario Importador,Telemarketing,,,Solucionado,,,,,AUS1 - AUTOMOTORES,862642,,4155810,Rechazos/ Reducción de cobertura,,,,'2021-04-28 13:20:00','2016-11-11 08:42:10','2016-11-11 08:42:10',Resuelto,,
161111-357583,,Incidente importado desde SAC,,Drive in San Isidro,Usuario Importador,Telemarketing,,,Solucionado,,,,,APL1 - AUTOMOTORES PLANES,862648,,7109671,Daños materiales drive in San Isidro,,,,'2021-04-28 13:20:00','2016-11-11 08:42:11','2016-11-11 08:42:11',Resuelto,,
161111-357592,,Incidente importado desde SAC,,Emisión Masivos,Usuario Importador,Comercial,,,Solucionado,,,,,AUS1 - AUTOMOTORES,862657,,7843716,,,,,'2021-04-28 13:20:00','2016-11-11 08:42:11','2016-11-11 08:42:11',Resuelto,,
161111-357597,,Incidente importado desde SAC,,Inspecciones Autos,Usuario Importador,Telemarketing,,,Solucionado,,,,,AUS1 - AUTOMOTORES,862662,,753204,Inspección por previa DDJJ,,,,'2021-04-28 13:20:00','2016-11-11 08:42:12','2016-11-11 08:42:12',Resuelto,,
161111-357598,,Incidente importado desde SAC,,Emisión Masivos,Usuario Importador,Telemarketing,,,Solucionado,,,,,HOM1 - SEGURO DEL HOGAR,862663,,3498537,Baja de póliza,,,,'2021-04-28 13:20:00','2016-11-11 08:42:12','2016-11-11 08:42:12',Resuelto,,
161111-357601,,Incidente importado desde SAC,,Daños Materiales Autos,Usuario Importador,Telemarketing,,,Solucionado,,,,,APL1 - AUTOMOTORES PLANES,862666,,3653503,Daños materiales Casa Central,,,,'2021-04-28 13:20:00','2016-11-11 08:42:12','2016-11-11 08:42:12',Resuelto,,
161111-357606,,Incidente importado desde SAC,,Emisión Masivos,Usuario Importador,Telemarketing,,,Solucionado,,,,,AUS1 - AUTOMOTORES,862671,,1373734,Baja de póliza,,,,'2021-04-28 13:20:00','2016-11-11 08:42:12','2016-11-11 08:42:12',Resuelto,,
161111-357607,,Incidente importado desde SAC,,Emisión Masivos,Usuario Importador,Telemarketing,,,Solucionado,,,,,AUS1 - AUTOMOTORES,862672,,3395102,Propuesta incompleta,,,,'2021-04-28 13:20:00','2016-11-11 08:42:12','2016-11-11 08:42:12',Resuelto,,
161111-357611,,Incidente importado desde SAC,,Cac,Usuario Importador,Telemarketing,,,Solucionado,,,,,APR1 - AUTOMOTORES,862676,,7021332,Certificado de cobertura,,,,'2021-04-28 13:20:00','2016-11-11 08:42:12','2016-11-11 08:42:12',Resuelto,,
161111-357616,,Incidente importado desde SAC,,Inspecciones Autos,Usuario Importador,Telemarketing,,,Solucionado,,,,,AUS1 - AUTOMOTORES,862681,,2723331,Inspección por previa DDJJ,,,,'2021-04-28 13:20:00','2016-11-11 08:42:13','2016-11-11 08:42:13',Resuelto,,
161111-357617,,Incidente importado desde SAC,,Drive in Centro,Usuario Importador,Telemarketing,,,Solucionado,,,,,AUS1 - AUTOMOTORES,862682,,1299260,Daños materiales drive In Centro,,,,'2021-04-28 13:20:00','2016-11-11 08:42:13','2016-11-11 08:42:13',Resuelto,,
161111-357622,,Incidente importado desde SAC,,Oficina Rosario,Usuario Importador,Telemarketing,,,Solucionado,,,,,APL1 - AUTOMOTORES PLANES,862687,,4186520,Daños materiales Rosario,,,,'2021-04-28 13:20:00','2016-11-11 08:42:13','2016-11-11 08:42:13',Resuelto,,
161111-357629,,Incidente importado desde SAC,,Emisión Masivos,Usuario Importador,Telemarketing,,,Solucionado,,,,,AUS1 - AUTOMOTORES,862694,,4805093,No califica,,,,'2021-04-28 13:20:00','2016-11-11 08:42:14','2016-11-11 08:42:14',Resuelto,,
161111-357631,,Incidente importado desde SAC,,Emisión Masivos,Usuario Importador,Telemarketing,,,Solucionado,,,,,HOM1 - SEGURO DEL HOGAR,862696,,6229403,Propuesta incompleta,,,,'2021-04-28 13:20:00','2016-11-11 08:42:14','2016-11-11 08:42:14',Resuelto,,
161111-357632,,Incidente importado desde SAC,,Emisión Masivos,Usuario Importador,Telemarketing,,,Solucionado,,,,,AUS1 - AUTOMOTORES,862697,,5726251,Inspección por previa,,,,'2021-04-28 13:20:00','2016-11-11 08:42:14','2016-11-11 08:42:14',Resuelto,,
161111-357635,,Incidente importado desde SAC,,Emisión Masivos,Usuario Importador,Telemarketing,,,Solucionado,,,,,AUS1 - AUTOMOTORES,862700,,1363451,No califica,,,,'2021-04-28 13:20:00','2016-11-11 08:42:14','2016-11-11 08:42:14',Resuelto,,
161111-357636,,Incidente importado desde SAC,,Mailing,Usuario Importador,Telemarketing,,,Solucionado,,,,,AUS1 - AUTOMOTORES,862701,,6232296,Certificado de cobertura,,,,'2021-04-28 13:20:00','2016-11-11 08:42:14','2016-11-11 08:42:14',Resuelto,,
161111-357637,,Incidente importado desde SAC,,Emisión Masivos,Usuario Importador,Telemarketing,,,Solucionado,,,,,AUS1 - AUTOMOTORES,862702,,612699,Rechazos/ Reducción de cobertura,,,,'2021-04-28 13:20:00','2016-11-11 08:42:14','2016-11-11 08:42:14',Resuelto,,
161111-357641,,Incidente importado desde SAC,,Daños Materiales Autos,Usuario Importador,Telemarketing,,,Solucionado,,,,,AUI1 - AUTOMOTORES INSTITUCIONES,862706,,1385794,Daños materiales Casa Central,,,,'2021-04-28 13:20:00','2016-11-11 08:42:14','2016-11-11 08:42:14',Resuelto,,
161111-357643,,Incidente importado desde SAC,,Emisión Masivos,Usuario Importador,Telemarketing,,,Solucionado,,,,,AUS1 - AUTOMOTORES,862708,,2588446,Baja de póliza,,,,'2021-04-28 13:20:00','2016-11-11 08:42:14','2016-11-11 08:42:14',Resuelto,,
161111-357645,,Incidente importado desde SAC,,Emisión Masivos,Usuario Importador,Telemarketing,,,Solucionado,,,,,ATD1 - ROBO/USUAR.T.DEB-CRE,862710,,4484417,Modificación datos personales,,,,'2021-04-28 13:20:00','2016-11-11 08:42:14','2016-11-11 08:42:14',Resuelto,,
161111-357647,,Incidente importado desde SAC,,Emisión Masivos,Usuario Importador,Telemarketing,,,Solucionado,,,,,AUS1 - AUTOMOTORES,862712,,5240563,Propuesta incompleta,,,,'2021-04-28 13:20:00','2016-11-11 08:42:15','2016-11-11 08:42:15',Resuelto,,
161111-357656,,Incidente importado desde SAC,,Cac,Usuario Importador,Telemarketing,,,Solucionado,,,,,AUS1 - AUTOMOTORES,862721,,5092596,Reintegro - Automático,,,,'2021-04-28 13:20:00','2016-11-11 08:42:15','2016-11-11 08:42:15',Resuelto,,
161111-357659,,Incidente importado desde SAC,,Emisión Masivos,Usuario Importador,Especialistas,,,Solucionado,,,,,HOM1 - SEGURO DEL HOGAR,862724,,1037880,Venta,,,,'2021-04-28 13:20:00','2016-11-11 08:42:16','2016-11-11 08:42:16',Resuelto,,
161111-357660,,Incidente importado desde SAC,,Emisión Masivos,Usuario Importador,Telemarketing,,,Solucionado,,,,,AUS1 - AUTOMOTORES,862725,,5348354,Rechazos/ Reducción de cobertura,,,,'2021-04-28 13:20:00','2016-11-11 08:42:16','2016-11-11 08:42:16',Resuelto,,
161111-357663,,Incidente importado desde SAC,,Emisión Masivos,Usuario Importador,Telemarketing,,,Solucionado,,,,,AUS1 - AUTOMOTORES,862728,,4853379,No califica,,,,'2021-04-28 13:20:00','2016-11-11 08:42:17','2016-11-11 08:42:17',Resuelto,,
161111-357669,,Incidente importado desde SAC,,Inspecciones Autos,Usuario Importador,Telemarketing,,,Solucionado,,,,,AUS1 - AUTOMOTORES,862734,,1879727,Rechazos/ Reducción de cobertura,,,,'2021-04-28 13:20:00','2016-11-11 08:42:19','2016-11-11 08:42:19',No Procedente,,
161111-357670,,Incidente importado desde SAC,,Emisión Masivos,Usuario Importador,Telemarketing,,,Solucionado,,,,,AUS1 - AUTOMOTORES,862735,,5432330,4 cuotas con un descuento del 25 %,,,,'2021-04-28 13:20:00','2016-11-11 08:42:19','2016-11-11 08:42:19',Resuelto,,
161111-357671,,Incidente importado desde SAC,,,Usuario Importador,Telemarketing,,,Solucionado,,,,,AUS1 - AUTOMOTORES,862736,,3169021,Cliente para retención,,,,'2021-04-28 13:20:00','2016-11-11 08:42:19','2016-11-11 08:42:19',Atendido,,
161111-357675,,Incidente importado desde SAC,,Riesgos Varios Casa Central,Usuario Importador,Telemarketing,,,Solucionado,,,,,HOM1 - SEGURO DEL HOGAR,862740,,2931854,Riesgos Varios Casa Central,,,,'2021-04-28 13:20:00','2016-11-11 08:42:20','2016-11-11 08:42:20',Resuelto,,
161111-357676,,Incidente importado desde SAC,,Juicios / mediaciones daños,Usuario Importador,Telemarketing,,,Solucionado,,,,,APR1 - AUTOMOTORES,862741,,3293108,Lesiones,,,,'2021-04-28 13:20:00','2016-11-11 08:42:20','2016-11-11 08:42:20',Resuelto,,
161111-357679,,Incidente importado desde SAC,,Oficina Cordoba,Usuario Importador,Telemarketing,,,Solucionado,,,,,APR1 - AUTOMOTORES,862744,,3525598,Daños materiales Cordoba,,,,'2021-04-28 13:20:00','2016-11-11 08:42:20','2016-11-11 08:42:20',Resuelto,,
161111-357681,,Incidente importado desde SAC,,Oficina Rosario,Usuario Importador,Telemarketing,,,Solucionado,,,,,AUS1 - AUTOMOTORES,862746,,193316,Excepción comercial altas,,,,'2021-04-28 13:20:00','2016-11-11 08:42:20','2016-11-11 08:42:20',Resuelto,,
161111-357683,,Incidente importado desde SAC,,Emisión Masivos,Usuario Importador,Telemarketing,,,Solucionado,,,,,AUS1 - AUTOMOTORES,862748,,5598239,Rechazos/ Reducción de cobertura,,,,'2021-04-28 13:20:00','2016-11-11 08:42:20','2016-11-11 08:42:20',Resuelto,,
161111-357686,,Incidente importado desde SAC,,Inspecciones Autos,Usuario Importador,Telemarketing,,,Solucionado,,,,,AUS1 - AUTOMOTORES,862751,,3521820,Inspección por previa DDJJ,,,,'2021-04-28 13:20:00','2016-11-11 08:42:20','2016-11-11 08:42:20',Resuelto,,
161111-357690,,Incidente importado desde SAC,,Emisión Masivos,Usuario Importador,Telemarketing,,,Solucionado,,,,,AUS1 - AUTOMOTORES,862755,,3426974,Inspección por previa,,,,'2021-04-28 13:20:00','2016-11-11 08:42:21','2016-11-11 08:42:21',Resuelto,,
161111-357692,,Incidente importado desde SAC,,Emisión Masivos,Usuario Importador,Telemarketing,,,Solucionado,,,,,AUS1 - AUTOMOTORES,862756,,1722232,Reducción de cobertura,,,,'2021-04-28 13:20:00','2016-11-11 08:42:21','2016-11-11 08:42:21',Resuelto,,
161111-357693,,Incidente importado desde SAC,,Fleet Services,Usuario Importador,Telemarketing,,,Solucionado,,,,,AUS1 - AUTOMOTORES,862757,,3562847,Contacto del tercero,,,,'2021-04-28 13:20:00','2016-11-11 08:42:21','2016-11-11 08:42:21',Resuelto,,
161111-357695,,Incidente importado desde SAC,,Cac,Usuario Importador,Telemarketing,,,Solucionado,,,,,AUI1 - AUTOMOTORES INSTITUCIONES,862759,,1300745,Modificación medio de pago,,,,'2021-04-28 13:20:00','2016-11-11 08:42:21','2016-11-11 08:42:21',Resuelto,,
161111-357696,,Incidente importado desde SAC,,Emisión Masivos,Usuario Importador,Telemarketing,,,Solucionado,,,,,HOM1 - SEGURO DEL HOGAR,862760,,1420464,Modificación datos de hogar con inspección,,,,'2021-04-28 13:20:00','2016-11-11 08:42:21','2016-11-11 08:42:21',Resuelto,,
161111-357701,,Incidente importado desde SAC,,Telecobranzas,Usuario Importador,Telemarketing,,,Solucionado,,,,,HOM1 - SEGURO DEL HOGAR,862765,,4501956,Mensaje,,,,'2021-04-28 13:20:00','2016-11-11 08:42:21','2016-11-11 08:42:21',Atendido,,
161111-357702,,Incidente importado desde SAC,,Emisión Masivos,Usuario Importador,Telemarketing,,,Solucionado,,,,,HOM1 - SEGURO DEL HOGAR,862766,,485349,No califica,,,,'2021-04-28 13:20:00','2016-11-11 08:42:21','2016-11-11 08:42:21',Resuelto,,
161111-357703,,Incidente importado desde SAC,,Cac,Usuario Importador,Telemarketing,,,Solucionado,,,,,HOM1 - SEGURO DEL HOGAR,862767,,1788272,Certificado de cobertura,,,,'2021-04-28 13:20:00','2016-11-11 08:42:21','2016-11-11 08:42:21',Resuelto,,
161111-357704,,Incidente importado desde SAC,,Gerencia Venta Directa,Usuario Importador,Telemarketing,,,Solucionado,,,,,AUS1 - AUTOMOTORES,862768,,396544,Rechazos/ Reducción de cobertura,,,,'2021-04-28 13:20:00','2016-11-11 08:42:21','2016-11-11 08:42:21',Resuelto,,
161111-357705,,Incidente importado desde SAC,,Emisión Masivos,Usuario Importador,Telemarketing,,,Solucionado,,,,,AUS1 - AUTOMOTORES,862769,,5280297,4 cuotas con un descuento del 15 %,,,,'2021-04-28 13:20:00','2016-11-11 08:42:21','2016-11-11 08:42:21',Resuelto,,
161111-357706,,Incidente importado desde SAC,,Daños Materiales Interior Sur,Usuario Importador,Telemarketing,,,Solucionado,,,,,APL1 - AUTOMOTORES PLANES,862770,,3424615,Daños materiales Interior Sur,,,,'2021-04-28 13:20:00','2016-11-11 08:42:21','2016-11-11 08:42:21',Resuelto,,
161111-357708,,Incidente importado desde SAC,,Emisión Cartera Gral.,Usuario Importador,Carta,,,Solucionado,,,,,AUT1 - AUTOMOTORES,862772,,2317178,Baja de póliza,,,,'2021-04-28 13:20:00','2016-11-11 08:42:22','2016-11-11 08:42:22',Resuelto,,
161111-357711,,Incidente importado desde SAC,,Emisión Masivos,Usuario Importador,Telemarketing,,,Solucionado,,,,,AUS1 - AUTOMOTORES,862775,,3776798,Baja de póliza,,,,'2021-04-28 13:20:00','2016-11-11 08:42:22','2016-11-11 08:42:22',Resuelto,,
161111-357712,,Incidente importado desde SAC,,Emisión Masivos,Usuario Importador,Telemarketing,,,Solucionado,,,,,AUS1 - AUTOMOTORES,862776,,3637320,Rechazos/ Reducción de cobertura,,,,'2021-04-28 13:20:00','2016-11-11 08:42:22','2016-11-11 08:42:22',Resuelto,,
161111-357713,,Incidente importado desde SAC,,Inspecciones Autos,Usuario Importador,Telemarketing,,,Solucionado,,,,,AUS1 - AUTOMOTORES,862777,,6884983,Inspección por previa DDJJ,,,,'2021-04-28 13:20:00','2016-11-11 08:42:22','2016-11-11 08:42:22',Resuelto,,
161111-357715,,Incidente importado desde SAC,,Emisión Masivos,Usuario Importador,Telemarketing,,,Solucionado,,,,,AUS1 - AUTOMOTORES,862779,,7831736,Baja de póliza,,,,'2021-04-28 13:20:00','2016-11-11 08:42:22','2016-11-11 08:42:22',Resuelto,,
161111-357717,,Incidente importado desde SAC,,Emisión Masivos,Usuario Importador,Telemarketing,,,Solucionado,,,,,AUS1 - AUTOMOTORES,862781,,5029844,Propuesta incompleta,,,,'2021-04-28 13:20:00','2016-11-11 08:42:22','2016-11-11 08:42:22',Resuelto,,
161111-357719,,Incidente importado desde SAC,,Inspecciones Autos,Usuario Importador,Canal productor,,,Solucionado,,,,,AUS1 - AUTOMOTORES,862783,,3514490,Inspección por previa,,,,'2021-04-28 13:20:00','2016-11-11 08:42:22','2016-11-11 08:42:22',Resuelto,,
161111-357722,,Incidente importado desde SAC,,Emisión Masivos,Usuario Importador,Telemarketing,,,Solucionado,,,,,AUS1 - AUTOMOTORES,862786,,7139259,4 cuotas con un descuento del 25 %,,,,'2021-04-28 13:20:00','2016-11-11 08:42:23','2016-11-11 08:42:23',Resuelto,,
161111-357723,,Incidente importado desde SAC,,Cac,Usuario Importador,Telemarketing,,,Solucionado,,,,,HOM1 - SEGURO DEL HOGAR,862787,,1890294,Imputación de cobranzas - Automático,,,,'2021-04-28 13:20:00','2016-11-11 08:42:23','2016-11-11 08:42:23',No Procedente,,
161111-357732,,Incidente importado desde SAC,,Emisión Masivos,Usuario Importador,Telemarketing,,,Solucionado,,,,,AUS1 - AUTOMOTORES,862796,,3765894,Baja de póliza,,,,'2021-04-28 13:20:00','2016-11-11 08:42:23','2016-11-11 08:42:23',Resuelto,,
161111-357735,,Incidente importado desde SAC,,Cobranzas Efectivo,Usuario Importador,Telemarketing,,,Solucionado,,,,,HOM1 - SEGURO DEL HOGAR,862799,,2883768,Imputación de cobranzas - Automático,,,,'2021-04-28 13:20:00','2016-11-11 08:42:23','2016-11-11 08:42:23',Anulado,,
161111-357744,,Incidente importado desde SAC,,Cac,Usuario Importador,Telemarketing,,,Solucionado,,,,,APR1 - AUTOMOTORES,862808,,3339081,Inclusión de GNC,,,,'2021-04-28 13:20:00','2016-11-11 08:42:24','2016-11-11 08:42:24',No Procedente,,
161111-357745,,Incidente importado desde SAC,,Emisión Masivos,Usuario Importador,Telemarketing,,,Solucionado,,,,,APR1 - AUTOMOTORES,862809,,3493441,Ampliación de Cobertura con inspección,,,,'2021-04-28 13:20:00','2016-11-11 08:42:24','2016-11-11 08:42:24',Resuelto,,
161111-357746,,Incidente importado desde SAC,,Emisión Masivos,Usuario Importador,Carta,,,Solucionado,,,,,AUS1 - AUTOMOTORES,862810,,6543746,Baja de póliza,,,,'2021-04-28 13:20:00','2016-11-11 08:42:24','2016-11-11 08:42:24',Resuelto,,
161111-357747,,Incidente importado desde SAC,,Cac,Usuario Importador,Telemarketing,,,Solucionado,,,,,AUA1 - AUTOMOTORES CARTERA GENERAL,862811,,3486080,Documentación para enviar por fax/email,,,,'2021-04-28 13:20:00','2016-11-11 08:42:24','2016-11-11 08:42:24',Resuelto,,
161111-357748,,Incidente importado desde SAC,,Emisión Masivos,Usuario Importador,Canal productor,,,Solucionado,,,,,AUS1 - AUTOMOTORES,862812,,3515834,Corrección de propuesta,,,,'2021-04-28 13:20:00','2016-11-11 08:42:24','2016-11-11 08:42:24',Resuelto,,
161111-357749,,Incidente importado desde SAC,,Emisión Masivos,Usuario Importador,Telemarketing,,,Solucionado,,,,,AUS1 - AUTOMOTORES,862813,,5344333,4 cuotas con un descuento del 25 %,,,,'2021-04-28 13:20:00','2016-11-11 08:42:24','2016-11-11 08:42:24',Resuelto,,
161111-357750,,Incidente importado desde SAC,,Inspecciones Autos,Usuario Importador,Telemarketing,,,Solucionado,,,,,AUS1 - AUTOMOTORES,862814,,3027814,Inspección por previa DDJJ,,,,'2021-04-28 13:20:00','2016-11-11 08:42:24','2016-11-11 08:42:24',Resuelto,,
161111-357751,,Incidente importado desde SAC,,Pago Telefonico,Usuario Importador,Telemarketing,,,Solucionado,,,,,AUS1 - AUTOMOTORES,862815,,2998132,Pago telefónico,,,,'2021-04-28 13:20:00','2016-11-11 08:42:24','2016-11-11 08:42:24',Resuelto,,
161111-357753,,Incidente importado desde SAC,,Fleet Services,Usuario Importador,Telemarketing,,,Solucionado,,,,,AUI1 - AUTOMOTORES INSTITUCIONES,862817,,3508177,Contacto del tercero,,,,'2021-04-28 13:20:00','2016-11-11 08:42:25','2016-11-11 08:42:25',Resuelto,,
161111-357755,,Incidente importado desde SAC,,Mailing,Usuario Importador,Telemarketing,,,Solucionado,,,,,APL1 - AUTOMOTORES PLANES,862819,,3101282,Certificado de cobertura,,,,'2021-04-28 13:20:00','2016-11-11 08:42:25','2016-11-11 08:42:25',Resuelto,,
161111-357756,,Incidente importado desde SAC,,Cac,Usuario Importador,Carta Documento,,,Solucionado,,,,,AUS1 - AUTOMOTORES,862820,,2447825,,,,,'2021-04-28 13:20:00','2016-11-11 08:42:25','2016-11-11 08:42:25',Atendido,,
161111-357759,,Incidente importado desde SAC,,Cac,Usuario Importador,Telemarketing,,,Solucionado,,,,,AUA1 - AUTOMOTORES CARTERA GENERAL,862823,,5624853,Cartera general,,,,'2021-04-28 13:20:00','2016-11-11 08:42:25','2016-11-11 08:42:25',Anulado,,
161111-357761,,Incidente importado desde SAC,,Cac,Usuario Importador,Telemarketing,,,Solucionado,,,,,AUS1 - AUTOMOTORES,862825,,7283703,Certificado de cobertura,,,,'2021-04-28 13:20:00','2016-11-11 08:42:25','2016-11-11 08:42:25',Anulado,,
161111-357762,,Incidente importado desde SAC,,Emisión Masivos,Usuario Importador,Telemarketing,,,Solucionado,,,,,AUS1 - AUTOMOTORES,862826,,4443356,Baja de póliza,,,,'2021-04-28 13:20:00','2016-11-11 08:42:25','2016-11-11 08:42:25',Resuelto,,
161111-357763,,Incidente importado desde SAC,,Emisión Masivos,Usuario Importador,Especialistas,,,Solucionado,,,,,AUS1 - AUTOMOTORES,862827,,7811178,Corrección de propuesta,,,,'2021-04-28 13:20:00','2016-11-11 08:42:25','2016-11-11 08:42:25',Resuelto,,
161111-357766,,Incidente importado desde SAC,,Emisión Masivos,Usuario Importador,Especialistas,,,Solucionado,,,,,AUS1 - AUTOMOTORES,862830,,5678533,No califica,,,,'2021-04-28 13:20:00','2016-11-11 08:42:26','2016-11-11 08:42:26',Resuelto,,
161111-357769,,Incidente importado desde SAC,,Pago Telefonico,Usuario Importador,Telemarketing,,,Solucionado,,,,,AUS1 - AUTOMOTORES,862833,,6889444,Pago telefónico,,,,'2021-04-28 13:20:00','2016-11-11 08:42:26','2016-11-11 08:42:26',Resuelto,,
161111-357777,,Incidente importado desde SAC,,Cac,Usuario Importador,Telemarketing,,,Solucionado,,,,,APR1 - AUTOMOTORES,862841,,3508391,Ampliación de Cobertura con inspección,,,,'2021-04-28 13:20:00','2016-11-11 08:42:27','2016-11-11 08:42:27',No Procedente,,
161111-357781,,Incidente importado desde SAC,,Emisión Masivos,Usuario Importador,Telemarketing,,,Solucionado,,,,,AUS1 - AUTOMOTORES,862845,,4560021,Venta,,,,'2021-04-28 13:20:00','2016-11-11 08:42:27','2016-11-11 08:42:27',Resuelto,,
161111-357786,,Incidente importado desde SAC,,Mailing,Usuario Importador,Telemarketing,,,Solucionado,,,,,AUS1 - AUTOMOTORES,862850,,2755067,Rechazos/ Reducción de cobertura,,,,'2021-04-28 13:20:00','2016-11-11 08:42:27','2016-11-11 08:42:27',No Procedente,,
161111-357787,,Incidente importado desde SAC,,Mailing,Usuario Importador,Telemarketing,,,Solucionado,,,,,AUS1 - AUTOMOTORES,862851,,4470781,Certificado de cobertura,,,,'2021-04-28 13:20:00','2016-11-11 08:42:28','2016-11-11 08:42:28',Resuelto,,
161111-357790,,Incidente importado desde SAC,,Emisión Masivos,Usuario Importador,Telemarketing,,,Solucionado,,,,,HOM1 - SEGURO DEL HOGAR,862854,,911811,Modificación datos de hogar sin inspección,,,,'2021-04-28 13:20:00','2016-11-11 08:42:28','2016-11-11 08:42:28',Resuelto,,
161111-357791,,Incidente importado desde SAC,,Pago Telefonico,Usuario Importador,Telemarketing,,,Solucionado,,,,,AUS1 - AUTOMOTORES,862855,,2656889,Pago telefónico,,,,'2021-04-28 13:20:00','2016-11-11 08:42:28','2016-11-11 08:42:28',Resuelto,,
161111-357792,,Incidente importado desde SAC,,Cac,Usuario Importador,Carta Documento,,,Solucionado,,,,,AUS1 - AUTOMOTORES,862856,,1889132,No califica,,,,'2021-04-28 13:20:00','2016-11-11 08:42:28','2016-11-11 08:42:28',Resuelto,,
161111-357794,,Incidente importado desde SAC,,,Usuario Importador,Telemarketing,,,Solucionado,,,,,AUS1 - AUTOMOTORES,862858,,2302206,Cliente para retención,,,,'2021-04-28 13:20:00','2016-11-11 08:42:28','2016-11-11 08:42:28',Atendido,,
161111-357795,,Incidente importado desde SAC,,Oficina Cordoba,Usuario Importador,Telemarketing,,,Solucionado,,,,,APR1 - AUTOMOTORES,862859,,5177768,Daños materiales Cordoba,,,,'2021-04-28 13:20:00','2016-11-11 08:42:28','2016-11-11 08:42:28',Resuelto,,
161111-357796,,Incidente importado desde SAC,,Robo / Destruccion Total,Usuario Importador,Telemarketing,,,Solucionado,,,,,AUT1 - AUTOMOTORES,862860,,5367693,Daños materiales Casa Central,,,,'2021-04-28 13:20:00','2016-11-11 08:42:28','2016-11-11 08:42:28',Resuelto,,
161111-357797,,Incidente importado desde SAC,,Inspecciones Autos,Usuario Importador,Telemarketing,,,Solucionado,,,,,AUS1 - AUTOMOTORES,862861,,3773411,Inspección por previa DDJJ,,,,'2021-04-28 13:20:00','2016-11-11 08:42:28','2016-11-11 08:42:28',Resuelto,,
161111-357798,,Incidente importado desde SAC,,Drive in Centro,Usuario Importador,Telemarketing,,,Solucionado,,,,,AUS1 - AUTOMOTORES,862862,,5549862,Daños materiales drive In Centro,,,,'2021-04-28 13:20:00','2016-11-11 08:42:28','2016-11-11 08:42:28',Resuelto,,
161111-357802,,Incidente importado desde SAC,,Cac,Usuario Importador,Telemarketing,,,Solucionado,,,,,AUS1 - AUTOMOTORES,862866,,1204869,Documentación para enviar por fax/email,,,,'2021-04-28 13:20:00','2016-11-11 08:42:28','2016-11-11 08:42:28',Resuelto,,
161111-357805,,Incidente importado desde SAC,,Prestadores,Usuario Importador,Carta,,,Solucionado,,,,,HOM1 - SEGURO DEL HOGAR,862869,,3960111,Reintegro Ibero,,,,'2021-04-28 13:20:00','2016-11-11 08:42:29','2016-11-11 08:42:29',Resuelto,,
161111-357807,,Incidente importado desde SAC,,Fleet Services,Usuario Importador,Telemarketing,,,Solucionado,,,,,AUS1 - AUTOMOTORES,862871,,5408900,Contacto del tercero,,,,'2021-04-28 13:20:00','2016-11-11 08:42:29','2016-11-11 08:42:29',Resuelto,,
161111-357808,,Incidente importado desde SAC,,Robo / Destruccion Total,Usuario Importador,Telemarketing,,,Solucionado,,,,,APR1 - AUTOMOTORES,862872,,1020376,Robo Total,,,,'2021-04-28 13:20:00','2016-11-11 08:42:29','2016-11-11 08:42:29',Resuelto,,
161111-357809,,Incidente importado desde SAC,,,Usuario Importador,Telemarketing,,,Solucionado,,,,,AUS1 - AUTOMOTORES,862873,,7048403,Cliente para retención,,,,'2021-04-28 13:20:00','2016-11-11 08:42:29','2016-11-11 08:42:29',Atendido,,
161111-357811,,Incidente importado desde SAC,,Emisión Masivos,Usuario Importador,Telemarketing,,,Solucionado,,,,,AUS1 - AUTOMOTORES,862875,,7306368,4 cuotas con un descuento del 15 %,,,,'2021-04-28 13:20:00','2016-11-11 08:42:29','2016-11-11 08:42:29',Resuelto,,
161111-357812,,Incidente importado desde SAC,,Emisión Masivos,Usuario Importador,Telemarketing,,,Solucionado,,,,,HOM1 - SEGURO DEL HOGAR,862876,,5416003,Propuesta incompleta,,,,'2021-04-28 13:20:00','2016-11-11 08:42:29','2016-11-11 08:42:29',Resuelto,,
161111-357819,,Incidente importado desde SAC,,Oficina Mendoza,Usuario Importador,Telemarketing,,,Solucionado,,,,,AUS1 - AUTOMOTORES,862883,,2651711,Daños materiales Mendoza,,,,'2021-04-28 13:20:00','2016-11-11 08:42:30','2016-11-11 08:42:30',Resuelto,,
161111-357821,,Incidente importado desde SAC,,Emisión Masivos,Usuario Importador,Comercial,,,Solucionado,,,,,AUS1 - AUTOMOTORES,862885,,879839,Propuesta incompleta,,,,'2021-04-28 13:20:00','2016-11-11 08:42:30','2016-11-11 08:42:30',Resuelto,,
161111-357823,,Incidente importado desde SAC,,Inspecciones Autos,Usuario Importador,Telemarketing,,,Solucionado,,,,,AUS1 - AUTOMOTORES,862887,,1833595,Inspección por previa DDJJ,,,,'2021-04-28 13:20:00','2016-11-11 08:42:31','2016-11-11 08:42:31',Resuelto,,
161111-357824,,Incidente importado desde SAC,,Emisión Masivos,Usuario Importador,Telemarketing,,,Solucionado,,,,,AUS1 - AUTOMOTORES,862888,,3436418,Propuesta incompleta,,,,'2021-04-28 13:20:00','2016-11-11 08:42:31','2016-11-11 08:42:31',Resuelto,,
161111-357834,,Incidente importado desde SAC,,Cobranzas Automático,Usuario Importador,Telemarketing,,,Solucionado,,,,,HOM1 - SEGURO DEL HOGAR,862897,,2802251,Reintegro - Automático,,,,'2021-04-28 13:20:00','2016-11-11 08:42:33','2016-11-11 08:42:33',Resuelto,,
161111-357835,,Incidente importado desde SAC,,Oficina Mendoza,Usuario Importador,Telemarketing,,,Solucionado,,,,,AUS1 - AUTOMOTORES,862898,,2828381,Daños materiales Mendoza,,,,'2021-04-28 13:20:00','2016-11-11 08:42:33','2016-11-11 08:42:33',Resuelto,,
161111-357836,,Incidente importado desde SAC,,Drive in San Isidro,Usuario Importador,Telemarketing,,,Solucionado,,,,,AUS1 - AUTOMOTORES,862899,,2789306,Daños materiales drive in San Isidro,,,,'2021-04-28 13:20:00','2016-11-11 08:42:33','2016-11-11 08:42:33',Resuelto,,
161111-357839,,Incidente importado desde SAC,,Inspecciones Autos,Usuario Importador,Telemarketing,,,Solucionado,,,,,AUS1 - AUTOMOTORES,862902,,2188314,Rechazos/ Reducción de cobertura,,,,'2021-04-28 13:20:00','2016-11-11 08:42:33','2016-11-11 08:42:33',No Procedente,,
161111-357840,,Incidente importado desde SAC,,Telecobranzas,Usuario Importador,Telemarketing,,,Solucionado,,,,,AUI1 - AUTOMOTORES INSTITUCIONES,862903,,3511502,,,,,'2021-04-28 13:20:00','2016-11-11 08:42:33','2016-11-11 08:42:33',Atendido,,
161111-357846,,Incidente importado desde SAC,,Oficina Mar del Plata,Usuario Importador,Telemarketing,,,Solucionado,,,,,AUS1 - AUTOMOTORES,862909,,4965199,Denuncia daños materiales,,,,'2021-04-28 13:20:00','2016-11-11 08:42:34','2016-11-11 08:42:34',Resuelto,,
161111-357849,,Incidente importado desde SAC,,Emisión Masivos,Usuario Importador,Carta,,,Solucionado,,,,,HOM1 - SEGURO DEL HOGAR,862912,,4529112,Inclusión/Exclusión ADT Domestico,,,,'2021-04-28 13:20:00','2016-11-11 08:42:34','2016-11-11 08:42:34',Resuelto,,
161111-357852,,Incidente importado desde SAC,,Emisión Masivos,Usuario Importador,Telemarketing,,,Solucionado,,,,,AUI1 - AUTOMOTORES INSTITUCIONES,862915,,4375117,Modificaciones datos del producto,,,,'2021-04-28 13:20:00','2016-11-11 08:42:34','2016-11-11 08:42:34',Resuelto,,
161111-357854,,Incidente importado desde SAC,,Cobranzas Automático,Usuario Importador,Telemarketing,,,Solucionado,,,,,HOM1 - SEGURO DEL HOGAR,862917,,2106599,Reintegro - Automático,,,,'2021-04-28 13:20:00','2016-11-11 08:42:34','2016-11-11 08:42:34',Resuelto,,
161111-357856,,Incidente importado desde SAC,,Emisión Masivos,Usuario Importador,Telemarketing,,,Solucionado,,,,,AUS1 - AUTOMOTORES,862919,,2675359,Rechazos/ Reducción de cobertura,,,,'2021-04-28 13:20:00','2016-11-11 08:42:34','2016-11-11 08:42:34',Resuelto,,
161111-357858,,Incidente importado desde SAC,,Emisión Masivos,Usuario Importador,Telemarketing,,,Solucionado,,,,,HOM1 - SEGURO DEL HOGAR,862921,,3744517,Propuesta incompleta,,,,'2021-04-28 13:20:00','2016-11-11 08:42:34','2016-11-11 08:42:34',Resuelto,,
161111-357859,,Incidente importado desde SAC,,Drive in Libertador,Usuario Importador,Telemarketing,,,Solucionado,,,,,AUS1 - AUTOMOTORES,862922,,594088,Daños materiales drive in Libertador,,,,'2021-04-28 13:20:00','2016-11-11 08:42:34','2016-11-11 08:42:34',Resuelto,,
161111-357860,,Incidente importado desde SAC,,Mailing,Usuario Importador,Carta Documento,,,Solucionado,,,,,AUT1 - AUTOMOTORES,862923,,1322664,Certificado de cobertura,,,,'2021-04-28 13:20:00','2016-11-11 08:42:35','2016-11-11 08:42:35',Resuelto,,
161111-357861,,Incidente importado desde SAC,,Emisión Masivos,Usuario Importador,Telemarketing,,,Solucionado,,,,,AUS1 - AUTOMOTORES,862924,,4432659,Baja de póliza,,,,'2021-04-28 13:20:00','2016-11-11 08:42:35','2016-11-11 08:42:35',Resuelto,,
161111-357863,,Incidente importado desde SAC,,Mailing,Usuario Importador,Telemarketing,,,Solucionado,,,,,AUI1 - AUTOMOTORES INSTITUCIONES,862926,,7227435,Certificado de cobertura,,,,'2021-04-28 13:20:00','2016-11-11 08:42:35','2016-11-11 08:42:35',Resuelto,,
161111-357864,,Incidente importado desde SAC,,Lesiones,Usuario Importador,Telemarketing,,,Solucionado,,,,,AUT1 - AUTOMOTORES,862927,,1741437,Lesiones,,,,'2021-04-28 13:20:00','2016-11-11 08:42:35','2016-11-11 08:42:35',Anulado,,
161111-357865,,Incidente importado desde SAC,,,Usuario Importador,Telemarketing,,,Solucionado,,,,,AUS1 - AUTOMOTORES,862928,,5126801,Cliente para retención,,,,'2021-04-28 13:20:00','2016-11-11 08:42:35','2016-11-11 08:42:35',Atendido,,
161111-357869,,Incidente importado desde SAC,,Emisión Masivos,Usuario Importador,Comercial,,,Solucionado,,,,,HOM1 - SEGURO DEL HOGAR,862932,,6891337,,,,,'2021-04-28 13:20:00','2016-11-11 08:42:36','2016-11-11 08:42:36',Resuelto,,
161111-357870,,Incidente importado desde SAC,,Emisión Masivos,Usuario Importador,Telemarketing,,,Solucionado,,,,,AUS1 - AUTOMOTORES,862933,,6821509,Baja de póliza,,,,'2021-04-28 13:20:00','2016-11-11 08:42:36','2016-11-11 08:42:36',Resuelto,,
161111-357877,,Incidente importado desde SAC,,Emisión Masivos,Usuario Importador,Telemarketing,,,Solucionado,,,,,AUS1 - AUTOMOTORES,862939,,7738915,Baja de póliza,,,,'2021-04-28 13:20:00','2016-11-11 08:42:37','2016-11-11 08:42:37',Resuelto,,
161111-357879,,Incidente importado desde SAC,,Telecobranzas,Usuario Importador,Telemarketing,,,Solucionado,,,,,AUS1 - AUTOMOTORES,862941,,654806,Sin teléfono/Equivocado,,,,'2021-04-28 13:20:00','2016-11-11 08:42:37','2016-11-11 08:42:37',Atendido,,
161111-357883,,Incidente importado desde SAC,,Emisión Masivos,Usuario Importador,Telemarketing,,,Solucionado,,,,,AUS1 - AUTOMOTORES,862945,,6049785,No califica,,,,'2021-04-28 13:20:00','2016-11-11 08:42:37','2016-11-11 08:42:37',Resuelto,,
161111-357885,,Incidente importado desde SAC,,Fleet Services,Usuario Importador,Telemarketing,,,Solucionado,,,,,APR1 - AUTOMOTORES,862946,,3498280,Contacto del tercero,,,,'2021-04-28 13:20:00','2016-11-11 08:42:37','2016-11-11 08:42:37',Resuelto,,
161111-357890,,Incidente importado desde SAC,,Cac,Usuario Importador,Telemarketing,,,Solucionado,,,,,AUI1 - AUTOMOTORES INSTITUCIONES,862951,,3524024,No califica,,,,'2021-04-28 13:20:00','2016-11-11 08:42:37','2016-11-11 08:42:37',Resuelto,,
161111-357891,,Incidente importado desde SAC,,Emisión Masivos,Usuario Importador,Telemarketing,,,Solucionado,,,,,HOM1 - SEGURO DEL HOGAR,862952,,7816678,Venta,,,,'2021-04-28 13:20:00','2016-11-11 08:42:37','2016-11-11 08:42:37',Resuelto,,
161111-357893,,Incidente importado desde SAC,,Drive in San Isidro,Usuario Importador,Telemarketing,,,Solucionado,,,,,APL1 - AUTOMOTORES PLANES,862954,,5501280,Daños materiales drive in San Isidro,,,,'2021-04-28 13:20:00','2016-11-11 08:42:37','2016-11-11 08:42:37',Resuelto,,
161111-357895,,Incidente importado desde SAC,,Emisión Masivos,Usuario Importador,Telemarketing,,,Solucionado,,,,,AUS1 - AUTOMOTORES,862956,,2995873,Modificaciones datos del producto,,,,'2021-04-28 13:20:00','2016-11-11 08:42:38','2016-11-11 08:42:38',Resuelto,,
161111-357896,,Incidente importado desde SAC,,Emisión Masivos,Usuario Importador,Telemarketing,,,Solucionado,,,,,AUS1 - AUTOMOTORES,862957,,268851,Venta,,,,'2021-04-28 13:20:00','2016-11-11 08:42:38','2016-11-11 08:42:38',Resuelto,,
161111-357899,,Incidente importado desde SAC,,Emisión Masivos,Usuario Importador,Telemarketing,,,Solucionado,,,,,AUS1 - AUTOMOTORES,862960,,5735097,4 cuotas con un descuento del 25 %,,,,'2021-04-28 13:20:00','2016-11-11 08:42:38','2016-11-11 08:42:38',Resuelto,,
161111-357901,,Incidente importado desde SAC,,Drive in Ciudadela,Usuario Importador,Telemarketing,,,Solucionado,,,,,AUP1 - AUTOMOTORES PRODUCTORES,862962,,496749,Daños materiales drive in Ciudadela,,,,'2021-04-28 13:20:00','2016-11-11 08:42:38','2016-11-11 08:42:38',Resuelto,,
161111-357902,,Incidente importado desde SAC,,Emisión Masivos,Usuario Importador,Telemarketing,,,Solucionado,,,,,AUS1 - AUTOMOTORES,862963,,7665444,No califica,,,,'2021-04-28 13:20:00','2016-11-11 08:42:38','2016-11-11 08:42:38',Resuelto,,
161111-357903,,Incidente importado desde SAC,,Telecobranzas,Usuario Importador,Telemarketing,,,Solucionado,,,,,AUS1 - AUTOMOTORES,862964,,5037125,Contestador,,,,'2021-04-28 13:20:00','2016-11-11 08:42:38','2016-11-11 08:42:38',Atendido,,
161111-357904,,Incidente importado desde SAC,,Emisión Cartera Gral.,Usuario Importador,Telemarketing,,,Solucionado,,,,,ICO1 - INTEGR.COMERCIO,862965,,3089115,Cartera general,,,,'2021-04-28 13:20:00','2016-11-11 08:42:38','2016-11-11 08:42:38',Resuelto,,
161111-357911,,Incidente importado desde SAC,,Riesgos Varios Casa Central,Usuario Importador,Telemarketing,,,Solucionado,,,,,HOM1 - SEGURO DEL HOGAR,862972,,1297499,Riesgos Varios Casa Central,,,,'2021-04-28 13:20:00','2016-11-11 08:42:39','2016-11-11 08:42:39',Resuelto,,
161111-357912,,Incidente importado desde SAC,,Daños Materiales Autos,Usuario Importador,Telemarketing,,,Solucionado,,,,,AUT1 - AUTOMOTORES,862973,,1420799,Daños materiales Casa Central,,,,'2021-04-28 13:20:00','2016-11-11 08:42:39','2016-11-11 08:42:39',Resuelto,,
161111-357914,,Incidente importado desde SAC,,Inspecciones Autos,Usuario Importador,Telemarketing,,,Solucionado,,,,,AUS1 - AUTOMOTORES,862975,,7513741,Inspección por previa DDJJ,,,,'2021-04-28 13:20:00','2016-11-11 08:42:39','2016-11-11 08:42:39',No Procedente,,
161111-357916,,Incidente importado desde SAC,,,Usuario Importador,Telemarketing,,,Solucionado,,,,,AUS1 - AUTOMOTORES,862977,,2293996,Cliente para retención,,,,'2021-04-28 13:20:00','2016-11-11 08:42:39','2016-11-11 08:42:39',Atendido,,
161111-357918,,Incidente importado desde SAC,,Cac,Usuario Importador,Telemarketing,,,Solucionado,,,,,ATD1 - ROBO/USUAR.T.DEB-CRE,862979,,810765,No califica,,,,'2021-04-28 13:20:00','2016-11-11 08:42:39','2016-11-11 08:42:39',Resuelto,,
161111-357919,,Incidente importado desde SAC,,Emisión Masivos,Usuario Importador,Carta,,,Solucionado,,,,,AUS1 - AUTOMOTORES,862980,,7287574,Baja de póliza,,,,'2021-04-28 13:20:00','2016-11-11 08:42:39','2016-11-11 08:42:39',Resuelto,,
161111-357920,,Incidente importado desde SAC,,Mailing,Usuario Importador,Telemarketing,,,Solucionado,,,,,AUS1 - AUTOMOTORES,862981,,5604352,Certificado de cobertura,,,,'2021-04-28 13:20:00','2016-11-11 08:42:39','2016-11-11 08:42:39',Resuelto,,
161111-357921,,Incidente importado desde SAC,,Inspecciones Autos,Usuario Importador,Telemarketing,,,Solucionado,,,,,AUS1 - AUTOMOTORES,862982,,6680739,Instalación de dispositivo de rastreo,,,,'2021-04-28 13:20:00','2016-11-11 08:42:39','2016-11-11 08:42:39',Resuelto,,
161111-357926,,Incidente importado desde SAC,,Oficina Rosario,Usuario Importador,Telemarketing,,,Solucionado,,,,,HOM1 - SEGURO DEL HOGAR,862987,,6234907,Riesgos Varios Rosario,,,,'2021-04-28 13:20:00','2016-11-11 08:42:39','2016-11-11 08:42:39',Resuelto,,
161111-357937,,Incidente importado desde SAC,,Cac,Usuario Importador,Carta Documento,,,Solucionado,,,,,AUS1 - AUTOMOTORES,862998,,5871022,Imputación de cobranzas - Automático,,,,'2021-04-28 13:20:00','2016-11-11 08:42:40','2016-11-11 08:42:40',Resuelto,,
161111-357938,,Incidente importado desde SAC,,Inspecciones Autos,Usuario Importador,Telemarketing,,,Solucionado,,,,,AUS1 - AUTOMOTORES,862999,,5959438,Inspección por previa DDJJ,,,,'2021-04-28 13:20:00','2016-11-11 08:42:40','2016-11-11 08:42:40',Resuelto,,
161111-357939,,Incidente importado desde SAC,,Emisión Masivos,Usuario Importador,Telemarketing,,,Solucionado,,,,,AUS1 - AUTOMOTORES,863000,,2021439,Ampliación de Cobertura con inspección,,,,'2021-04-28 13:20:00','2016-11-11 08:42:40','2016-11-11 08:42:40',Resuelto,,
161111-357940,,Incidente importado desde SAC,,Emisión Masivos,Usuario Importador,Telemarketing,,,Solucionado,,,,,AUS1 - AUTOMOTORES,863001,,7721479,4 cuotas con un descuento del 25 %,,,,'2021-04-28 13:20:00','2016-11-11 08:42:40','2016-11-11 08:42:40',Resuelto,,
161111-357941,,Incidente importado desde SAC,,Inspecciones Autos,Usuario Importador,Telemarketing,,,Solucionado,,,,,AUS1 - AUTOMOTORES,863002,,3480656,Inspección por previa DDJJ,,,,'2021-04-28 13:20:00','2016-11-11 08:42:40','2016-11-11 08:42:40',Resuelto,,
161111-357942,,Incidente importado desde SAC,,Lesiones,Usuario Importador,Telemarketing,,,Solucionado,,,,,AUI1 - AUTOMOTORES INSTITUCIONES,863003,,3494256,Lesiones,,,,'2021-04-28 13:20:00','2016-11-11 08:42:40','2016-11-11 08:42:40',No Procedente,,
161111-357948,,Incidente importado desde SAC,,Drive in San Isidro,Usuario Importador,Telemarketing,,,Solucionado,,,,,AUS1 - AUTOMOTORES,863009,,6596451,Daños materiales drive in San Isidro,,,,'2021-04-28 13:20:00','2016-11-11 08:42:41','2016-11-11 08:42:41',Resuelto,,
161111-357949,,Incidente importado desde SAC,,,Usuario Importador,Telemarketing,,,Solucionado,,,,,AUS1 - AUTOMOTORES,863010,,3776798,Cliente para retención,,,,'2021-04-28 13:20:00','2016-11-11 08:42:41','2016-11-11 08:42:41',Atendido,,
161111-357951,,Incidente importado desde SAC,,Emisión Masivos,Usuario Importador,Telemarketing,,,Solucionado,,,,,AUS1 - AUTOMOTORES,863012,,3747170,Baja de póliza,,,,'2021-04-28 13:20:00','2016-11-11 08:42:41','2016-11-11 08:42:41',Resuelto,,
161111-357952,,Incidente importado desde SAC,,Cac,Usuario Importador,Telemarketing,,,Solucionado,,,,,AUA1 - AUTOMOTORES CARTERA GENERAL,863013,,5561859,Venta trailer,,,,'2021-04-28 13:20:00','2016-11-11 08:42:41','2016-11-11 08:42:41',No Procedente,,
161111-357954,,Incidente importado desde SAC,,Emisión Masivos,Usuario Importador,Carta Documento,,,Solucionado,,,,,AUS1 - AUTOMOTORES,863015,,4333265,Modificación medio de pago,,,,'2021-04-28 13:20:00','2016-11-11 08:42:41','2016-11-11 08:42:41',Resuelto,,
161111-357957,,Incidente importado desde SAC,,Oficina Cordoba,Usuario Importador,Telemarketing,,,Solucionado,,,,,HOM1 - SEGURO DEL HOGAR,863018,,2427928,Riesgos Varios Cordoba,,,,'2021-04-28 13:20:00','2016-11-11 08:42:41','2016-11-11 08:42:41',Resuelto,,
161111-357962,,Incidente importado desde SAC,,Emisión Masivos,Usuario Importador,Telemarketing,,,Solucionado,,,,,AUS1 - AUTOMOTORES,863023,,4875346,4 cuotas con un descuento del 25 %,,,,'2021-04-28 13:20:00','2016-11-11 08:42:42','2016-11-11 08:42:42',Resuelto,,
161111-357968,,Incidente importado desde SAC,,Cac,Usuario Importador,Telemarketing,,,Solucionado,,,,,AUA1 - AUTOMOTORES CARTERA GENERAL,863029,,6721769,,,,,'2021-04-28 13:20:00','2016-11-11 08:42:42','2016-11-11 08:42:42',Atendido,,
161111-357969,,Incidente importado desde SAC,,Cac,Usuario Importador,Telemarketing,,,Solucionado,,,,,HOM1 - SEGURO DEL HOGAR,863030,,3908853,Modificación datos de hogar sin inspección,,,,'2021-04-28 13:20:00','2016-11-11 08:42:42','2016-11-11 08:42:42',Anulado,,
161111-357971,,Incidente importado desde SAC,,Emisión Masivos,Usuario Importador,Canal productor,,,Solucionado,,,,,APL1 - AUTOMOTORES PLANES,863032,,2452029,Ampliación de Cobertura con inspección,,,,'2021-04-28 13:20:00','2016-11-11 08:42:42','2016-11-11 08:42:42',Resuelto,,
161111-357972,,Incidente importado desde SAC,,Inspecciones Autos,Usuario Importador,Telemarketing,,,Solucionado,,,,,AUS1 - AUTOMOTORES,863033,,3707901,Inspección por previa DDJJ,,,,'2021-04-28 13:20:00','2016-11-11 08:42:42','2016-11-11 08:42:42',Resuelto,,
161111-357974,,Incidente importado desde SAC,,Emisión Masivos,Usuario Importador,Telemarketing,,,Solucionado,,,,,HOM1 - SEGURO DEL HOGAR,863035,,7816757,Baja de póliza,,,,'2021-04-28 13:20:00','2016-11-11 08:42:43','2016-11-11 08:42:43',Resuelto,,
161111-357975,,Incidente importado desde SAC,,Prestadores,Usuario Importador,Telemarketing,,,Solucionado,,,,,AUS1 - AUTOMOTORES,863036,,3490584,,,,,'2021-04-28 13:20:00','2016-11-11 08:42:43','2016-11-11 08:42:43',No Procedente,,
161111-357980,,Incidente importado desde SAC,,Cac,Usuario Importador,Telemarketing,,,Solucionado,,,,,APL1 - AUTOMOTORES PLANES,863041,,5655532,Modificaciones datos del producto,,,,'2021-04-28 13:20:00','2016-11-11 08:42:43','2016-11-11 08:42:43',Resuelto,,
161111-357985,,Incidente importado desde SAC,,Emisión Masivos,Usuario Importador,Comercial,,,Solucionado,,,,,AUI1 - AUTOMOTORES INSTITUCIONES,863046,,7315268,No califica,,,,'2021-04-28 13:20:00','2016-11-11 08:42:43','2016-11-11 08:42:43',Resuelto,,
161111-357988,,Incidente importado desde SAC,,Emisión Masivos,Usuario Importador,Telemarketing,,,Solucionado,,,,,APR1 - AUTOMOTORES,863049,,3657529,Inclusión de GNC,,,,'2021-04-28 13:20:00','2016-11-11 08:42:44','2016-11-11 08:42:44',Resuelto,,
161111-357991,,Incidente importado desde SAC,,,Usuario Importador,Telemarketing,,,Solucionado,,,,,AUS1 - AUTOMOTORES,863052,,6241230,Cliente para retención,,,,'2021-04-28 13:20:00','2016-11-11 08:42:44','2016-11-11 08:42:44',Atendido,,
161111-357992,,Incidente importado desde SAC,,Drive in San Isidro,Usuario Importador,Telemarketing,,,Solucionado,,,,,AUS1 - AUTOMOTORES,863053,,3299778,Daños materiales drive in San Isidro,,,,'2021-04-28 13:20:00','2016-11-11 08:42:45','2016-11-11 08:42:45',Resuelto,,
161111-357993,,Incidente importado desde SAC,,Inspecciones Autos,Usuario Importador,Telemarketing,,,Solucionado,,,,,AUS1 - AUTOMOTORES,863054,,3443173,Rechazos/ Reducción de cobertura,,,,'2021-04-28 13:20:00','2016-11-11 08:42:45','2016-11-11 08:42:45',No Procedente,,
161111-357996,,Incidente importado desde SAC,,Fleet Services,Usuario Importador,Telemarketing,,,Solucionado,,,,,AUA1 - AUTOMOTORES CARTERA GENERAL,863057,,5208704,Contacto del tercero,,,,'2021-04-28 13:20:00','2016-11-11 08:42:46','2016-11-11 08:42:46',Resuelto,,
161111-357999,,Incidente importado desde SAC,,Emisión Cartera Gral.,Usuario Importador,Carta,,,Solucionado,,,,,AUT1 - AUTOMOTORES,863060,,1323834,Baja de póliza,,,,'2021-04-28 13:20:00','2016-11-11 08:42:46','2016-11-11 08:42:46',Resuelto,,
161111-358001,,Incidente importado desde SAC,,Mailing,Usuario Importador,Carta Documento,,,Solucionado,,,,,APR1 - AUTOMOTORES,863062,,6748465,Certificado de cobertura,,,,'2021-04-28 13:20:00','2016-11-11 08:42:46','2016-11-11 08:42:46',Resuelto,,
161111-358002,,Incidente importado desde SAC,,Inspecciones Autos,Usuario Importador,Telemarketing,,,Solucionado,,,,,AUS1 - AUTOMOTORES,863063,,2435015,Inspección por previa DDJJ,,,,'2021-04-28 13:20:00','2016-11-11 08:42:46','2016-11-11 08:42:46',Resuelto,,
161111-358005,,Incidente importado desde SAC,,,Usuario Importador,Telemarketing,,,Solucionado,,,,,AUS1 - AUTOMOTORES,863066,,5428038,Cliente para retención,,,,'2021-04-28 13:20:00','2016-11-11 08:42:46','2016-11-11 08:42:46',Atendido,,
161111-358010,,Incidente importado desde SAC,,,Usuario Importador,Telemarketing,,,Solucionado,,,,,AUS1 - AUTOMOTORES,863071,,2791186,Cliente para retención,,,,'2021-04-28 13:20:00','2016-11-11 08:42:47','2016-11-11 08:42:47',Atendido,,
161111-358017,,Incidente importado desde SAC,,Inspecciones Autos,Usuario Importador,Telemarketing,,,Solucionado,,,,,AUS1 - AUTOMOTORES,863078,,3082090,Inspección por previa DDJJ,,,,'2021-04-28 13:20:00','2016-11-11 08:42:47','2016-11-11 08:42:47',Resuelto,,
161111-358022,,Incidente importado desde SAC,,Oficina Mendoza,Usuario Importador,Telemarketing,,,Solucionado,,,,,AUS1 - AUTOMOTORES,863083,,4945734,Daños materiales Interior Sur,,,,'2021-04-28 13:20:00','2016-11-11 08:42:48','2016-11-11 08:42:48',Resuelto,,
161111-358024,,Incidente importado desde SAC,,,Usuario Importador,Telemarketing,,,Solucionado,,,,,AUS1 - AUTOMOTORES,863085,,3637163,Cliente para retención,,,,'2021-04-28 13:20:00','2016-11-11 08:42:48','2016-11-11 08:42:48',Atendido,,
161111-358026,,Incidente importado desde SAC,,Oficina Cordoba,Usuario Importador,Telemarketing,,,Solucionado,,,,,AUS1 - AUTOMOTORES,863087,,3102308,Daños materiales Cordoba,,,,'2021-04-28 13:20:00','2016-11-11 08:42:48','2016-11-11 08:42:48',Resuelto,,
161111-358028,,Incidente importado desde SAC,,Inspecciones Autos,Usuario Importador,Telemarketing,,,Solucionado,,,,,AUS1 - AUTOMOTORES,863089,,3792092,Inspección por previa DDJJ,,,,'2021-04-28 13:20:00','2016-11-11 08:42:48','2016-11-11 08:42:48',Resuelto,,
161111-358029,,Incidente importado desde SAC,,Drive in San Isidro,Usuario Importador,Telemarketing,,,Solucionado,,,,,AUS1 - AUTOMOTORES,863090,,4879558,Daños materiales drive in San Isidro,,,,'2021-04-28 13:20:00','2016-11-11 08:42:48','2016-11-11 08:42:48',Resuelto,,
161111-358031,,Incidente importado desde SAC,,Inspecciones Autos,Usuario Importador,Telemarketing,,,Solucionado,,,,,AUS1 - AUTOMOTORES,863092,,4802778,Inspección por previa DDJJ,,,,'2021-04-28 13:20:00','2016-11-11 08:42:48','2016-11-11 08:42:48',Resuelto,,
161111-358034,,Incidente importado desde SAC,,Emisión Masivos,Usuario Importador,Comercial,,,Solucionado,,,,,AUS1 - AUTOMOTORES,863095,,1301331,Anulación de propuesta,,,,'2021-04-28 13:20:00','2016-11-11 08:42:48','2016-11-11 08:42:48',Resuelto,,
161111-358036,,Incidente importado desde SAC,,Oficina Mar del Plata,Usuario Importador,Telemarketing,,,Solucionado,,,,,AUT1 - AUTOMOTORES,863097,,7306272,Daños materiales Casa Central,,,,'2021-04-28 13:20:00','2016-11-11 08:42:48','2016-11-11 08:42:48',Resuelto,,
161111-358041,,Incidente importado desde SAC,,Emisión Masivos,Usuario Importador,Canal productor,,,Solucionado,,,,,AUS1 - AUTOMOTORES,863102,,2495238,Venta,,,,'2021-04-28 13:20:00','2016-11-11 08:42:49','2016-11-11 08:42:49',Resuelto,,
161111-358044,,Incidente importado desde SAC,,Cac,Usuario Importador,Telemarketing,,,Solucionado,,,,,AUS1 - AUTOMOTORES,863104,,1375501,Cupón de pago,,,,'2021-04-28 13:20:00','2016-11-11 08:42:49','2016-11-11 08:42:49',No Procedente,,
161111-358049,,Incidente importado desde SAC,,Emisión Masivos,Usuario Importador,Telemarketing,,,Solucionado,,,,,HOM1 - SEGURO DEL HOGAR,863109,,7331814,Baja de póliza,,,,'2021-04-28 13:20:00','2016-11-11 08:42:49','2016-11-11 08:42:49',Resuelto,,
161111-358050,,Incidente importado desde SAC,,Inspecciones Autos,Usuario Importador,Telemarketing,,,Solucionado,,,,,AUS1 - AUTOMOTORES,863110,,414316,Inspección por previa DDJJ,,,,'2021-04-28 13:20:00','2016-11-11 08:42:49','2016-11-11 08:42:49',Resuelto,,
161111-358052,,Incidente importado desde SAC,,Inspecciones Autos,Usuario Importador,Telemarketing,,,Solucionado,,,,,AUS1 - AUTOMOTORES,863112,,3776879,Excepción comercial altas,,,,'2021-04-28 13:20:00','2016-11-11 08:42:50','2016-11-11 08:42:50',Resuelto,,
161111-358059,,Incidente importado desde SAC,,Emisión Cartera Gral.,Usuario Importador,Especialistas,,,Solucionado,,,,,HOM1 - SEGURO DEL HOGAR,863119,,6371446,Modificación datos personales,,,,'2021-04-28 13:20:00','2016-11-11 08:42:50','2016-11-11 08:42:50',Resuelto,,
161111-358061,,Incidente importado desde SAC,,Emisión Masivos,Usuario Importador,Telemarketing,,,Solucionado,,,,,AUS1 - AUTOMOTORES,863121,,4315681,4 cuotas con un descuento del 25 %,,,,'2021-04-28 13:20:00','2016-11-11 08:42:50','2016-11-11 08:42:50',Resuelto,,
161111-358062,,Incidente importado desde SAC,,Cobranzas Automático,Usuario Importador,Telemarketing,,,Solucionado,,,,,AUI1 - AUTOMOTORES INSTITUCIONES,863122,,7428498,No califica,,,,'2021-04-28 13:20:00','2016-11-11 08:42:50','2016-11-11 08:42:50',Resuelto,,
161111-358064,,Incidente importado desde SAC,,Gerencia Clientes,Usuario Importador,Carta Documento,,,Solucionado,,,,,AUS1 - AUTOMOTORES,863124,,3453779,Reintegro - Automático,,,,'2021-04-28 13:20:00','2016-11-11 08:42:50','2016-11-11 08:42:50',No Procedente,,
161111-358066,,Incidente importado desde SAC,,Emisión Masivos,Usuario Importador,Telemarketing,,,Solucionado,,,,,AUS1 - AUTOMOTORES,863126,,1298052,4 cuotas con un descuento del 25 %,,,,'2021-04-28 13:20:00','2016-11-11 08:42:51','2016-11-11 08:42:51',Resuelto,,
161111-358070,,Incidente importado desde SAC,,Cac,Usuario Importador,Telemarketing,,,Solucionado,,,,,AUS1 - AUTOMOTORES,863130,,2444756,Endosos CAC,,,,'2021-04-28 13:20:00','2016-11-11 08:42:51','2016-11-11 08:42:51',Resuelto,,
161111-358075,,Incidente importado desde SAC,,Daños Materiales Autos,Usuario Importador,Telemarketing,,,Solucionado,,,,,AUS1 - AUTOMOTORES,863135,,3204319,Inspección por siniestros,,,,'2021-04-28 13:20:00','2016-11-11 08:42:51','2016-11-11 08:42:51',Resuelto,,
161111-358080,,Incidente importado desde SAC,,Cac,Usuario Importador,Telemarketing,,,Solucionado,,,,,AUS1 - AUTOMOTORES,863140,,136792,Ampliación de Cobertura con inspección,,,,'2021-04-28 13:20:00','2016-11-11 08:42:51','2016-11-11 08:42:51',No Procedente,,
161111-358084,,Incidente importado desde SAC,,Emisión Masivos,Usuario Importador,Especialistas,,,Solucionado,,,,,AUS1 - AUTOMOTORES,863144,,6211637,No califica,,,,'2021-04-28 13:20:00','2016-11-11 08:42:52','2016-11-11 08:42:52',Resuelto,,
161111-358088,,Incidente importado desde SAC,,Mailing,Usuario Importador,Telemarketing,,,Solucionado,,,,,AUS1 - AUTOMOTORES,863148,,5633592,Certificado de cobertura,,,,'2021-04-28 13:20:00','2016-11-11 08:42:52','2016-11-11 08:42:52',Resuelto,,
161111-358090,,Incidente importado desde SAC,,Emisión Masivos,Usuario Importador,Canal productor,,,Solucionado,,,,,HOM1 - SEGURO DEL HOGAR,863150,,1088475,No califica,,,,'2021-04-28 13:20:00','2016-11-11 08:42:52','2016-11-11 08:42:52',Resuelto,,
161111-358091,,Incidente importado desde SAC,,Emisión Masivos,Usuario Importador,Telemarketing,,,Solucionado,,,,,AUS1 - AUTOMOTORES,863151,,2795040,Rechazos/ Reducción de cobertura,,,,'2021-04-28 13:20:00','2016-11-11 08:42:52','2016-11-11 08:42:52',Resuelto,,
161111-358092,,Incidente importado desde SAC,,Emisión Masivos,Usuario Importador,Telemarketing,,,Solucionado,,,,,AUS1 - AUTOMOTORES,863152,,1400549,Baja de póliza,,,,'2021-04-28 13:20:00','2016-11-11 08:42:52','2016-11-11 08:42:52',Resuelto,,
161111-358093,,Incidente importado desde SAC,,Cac,Usuario Importador,Telemarketing,,,Solucionado,,,,,HOM1 - SEGURO DEL HOGAR,863153,,6828723,Ampliación de Cobertura con inspección,,,,'2021-04-28 13:20:00','2016-11-11 08:42:52','2016-11-11 08:42:52',Anulado,,
161111-358098,,Incidente importado desde SAC,,,Usuario Importador,Telemarketing,,,Solucionado,,,,,AUS1 - AUTOMOTORES,863158,,1853511,Cliente para retención,,,,'2021-04-28 13:20:00','2016-11-11 08:42:52','2016-11-11 08:42:52',Atendido,,
161111-358101,,Incidente importado desde SAC,,Cobranzas Automático,Usuario Importador,Telemarketing,,,Solucionado,,,,,AUS1 - AUTOMOTORES,863161,,2834356,Reintegro - Automático,,,,'2021-04-28 13:20:00','2016-11-11 08:42:52','2016-11-11 08:42:52',Resuelto,,
161111-358106,,Incidente importado desde SAC,,Mailing,Usuario Importador,Carta Documento,,,Solucionado,,,,,AUI1 - AUTOMOTORES INSTITUCIONES,863166,,2705879,Certificado de cobertura,,,,'2021-04-28 13:20:00','2016-11-11 08:42:53','2016-11-11 08:42:53',Resuelto,,
161111-358110,,Incidente importado desde SAC,,Fleet Services,Usuario Importador,Telemarketing,,,Solucionado,,,,,AUT1 - AUTOMOTORES,863170,,3398009,Contacto del tercero,,,,'2021-04-28 13:20:00','2016-11-11 08:42:53','2016-11-11 08:42:53',Resuelto,,
161111-358112,,Incidente importado desde SAC,,Juicios Lesiones,Usuario Importador,Telemarketing,,,Solucionado,,,,,APL1 - AUTOMOTORES PLANES,863172,,5203323,Lesiones,,,,'2021-04-28 13:20:00','2016-11-11 08:42:53','2016-11-11 08:42:53',Resuelto,,
161111-358115,,Incidente importado desde SAC,,Mailing,Usuario Importador,Carta Documento,,,Solucionado,,,,,AUS1 - AUTOMOTORES,863175,,3441718,Certificado de cobertura,,,,'2021-04-28 13:20:00','2016-11-11 08:42:54','2016-11-11 08:42:54',Resuelto,,
161111-358122,,Incidente importado desde SAC,,Inspecciones Autos,Usuario Importador,Telemarketing,,,Solucionado,,,,,AUS1 - AUTOMOTORES,863182,,2512436,Inspección por previa DDJJ,,,,'2021-04-28 13:20:00','2016-11-11 08:42:54','2016-11-11 08:42:54',Resuelto,,
161111-358124,,Incidente importado desde SAC,,Cleas,Usuario Importador,Telemarketing,,,Solucionado,,,,,AUT1 - AUTOMOTORES,863184,,1288672,Daños materiales Cleas,,,,'2021-04-28 13:20:00','2016-11-11 08:42:54','2016-11-11 08:42:54',Resuelto,,
161111-358129,,Incidente importado desde SAC,,Emisión Masivos,Usuario Importador,Comercial,,,Solucionado,,,,,AUS1 - AUTOMOTORES,863189,,6890379,No califica,,,,'2021-04-28 13:20:00','2016-11-11 08:42:55','2016-11-11 08:42:55',Resuelto,,
161111-358131,,Incidente importado desde SAC,,Lesiones,Usuario Importador,Telemarketing,,,Solucionado,,,,,AUS1 - AUTOMOTORES,863191,,3357924,Tercero lesionado,,,,'2021-04-28 13:20:00','2016-11-11 08:42:55','2016-11-11 08:42:55',Resuelto,,
161111-358136,,Incidente importado desde SAC,,Emisión Masivos,Usuario Importador,Telemarketing,,,Solucionado,,,,,HOM1 - SEGURO DEL HOGAR,863196,,7038878,Baja de póliza,,,,'2021-04-28 13:20:00','2016-11-11 08:42:55','2016-11-11 08:42:55',Resuelto,,
161111-358137,,Incidente importado desde SAC,,Inspecciones Autos,Usuario Importador,Telemarketing,,,Solucionado,,,,,AUS1 - AUTOMOTORES,863197,,1344930,Instalación de dispositivo de rastreo,,,,'2021-04-28 13:20:00','2016-11-11 08:42:55','2016-11-11 08:42:55',Resuelto,,
161111-358138,,Incidente importado desde SAC,,Emisión Masivos,Usuario Importador,Comercial,,,Solucionado,,,,,HOM1 - SEGURO DEL HOGAR,863198,,5807075,Corrección de propuesta,,,,'2021-04-28 13:20:00','2016-11-11 08:42:55','2016-11-11 08:42:55',Resuelto,,
161111-358139,,Incidente importado desde SAC,,Emisión Cartera Gral.,Usuario Importador,Carta Documento,,,Solucionado,,,,,HOC1 - SEGURO DEL HOGAR,863199,,2068525,Alta de póliza con inspección,,,,'2021-04-28 13:20:00','2016-11-11 08:42:55','2016-11-11 08:42:55',Resuelto,,
161111-358142,,Incidente importado desde SAC,,Emisión Cartera Gral.,Usuario Importador,Telemarketing,,,Solucionado,,,,,AUS1 - AUTOMOTORES,863202,,4440464,Venta trailer,,,,'2021-04-28 13:20:00','2016-11-11 08:42:55','2016-11-11 08:42:55',Resuelto,,
161111-358143,,Incidente importado desde SAC,,Drive in Libertador,Usuario Importador,Telemarketing,,,Solucionado,,,,,AUS1 - AUTOMOTORES,863203,,4509891,Daños materiales drive in Libertador,,,,'2021-04-28 13:20:00','2016-11-11 08:42:55','2016-11-11 08:42:55',Resuelto,,
161111-358147,,Incidente importado desde SAC,,Emisión Masivos,Usuario Importador,Telemarketing,,,Solucionado,,,,,APR1 - AUTOMOTORES,863207,,3619030,Ampliación de Cobertura con inspección,,,,'2021-04-28 13:20:00','2016-11-11 08:42:57','2016-11-11 08:42:57',Resuelto,,
161111-358149,,Incidente importado desde SAC,,Telemarketing,Usuario Importador,Carta Documento,,,Solucionado,,,,,AUS1 - AUTOMOTORES,863209,,3312140,10 cuotas con un descuento del 15 %,,,,'2021-04-28 13:20:00','2016-11-11 08:42:57','2016-11-11 08:42:57',Resuelto,,
161111-358150,,Incidente importado desde SAC,,Robo / Destruccion Total,Usuario Importador,Telemarketing,,,Solucionado,,,,,APR1 - AUTOMOTORES,863210,,7285314,Destrucción Total,,,,'2021-04-28 13:20:00','2016-11-11 08:42:57','2016-11-11 08:42:57',Resuelto,,
161111-358151,,Incidente importado desde SAC,,Telecobranzas,Usuario Importador,Telemarketing,,,Solucionado,,,,,AUS1 - AUTOMOTORES,863211,,6893003,,,,,'2021-04-28 13:20:00','2016-11-11 08:42:57','2016-11-11 08:42:57',Atendido,,
161111-358154,,Incidente importado desde SAC,,Pago Telefonico,Usuario Importador,Telemarketing,,,Solucionado,,,,,AUS1 - AUTOMOTORES,863214,,5385266,Pago telefónico,,,,'2021-04-28 13:20:00','2016-11-11 08:42:57','2016-11-11 08:42:57',Resuelto,,
161111-358156,,Incidente importado desde SAC,,Emisión Masivos,Usuario Importador,Telemarketing,,,Solucionado,,,,,AUS1 - AUTOMOTORES,863216,,5658775,4 cuotas con un descuento del 25 %,,,,'2021-04-28 13:20:00','2016-11-11 08:42:58','2016-11-11 08:42:58',Resuelto,,
161111-358158,,Incidente importado desde SAC,,Fleet Services,Usuario Importador,Telemarketing,,,Solucionado,,,,,AUS1 - AUTOMOTORES,863218,,7696797,Contacto del tercero,,,,'2021-04-28 13:20:00','2016-11-11 08:42:59','2016-11-11 08:42:59',Resuelto,,
161111-358160,,Incidente importado desde SAC,,Cobranzas Automático,Usuario Importador,Telemarketing,,,Solucionado,,,,,AUS1 - AUTOMOTORES,863220,,3414726,Reintegro - Automático,,,,'2021-04-28 13:20:00','2016-11-11 08:42:59','2016-11-11 08:42:59',Resuelto,,
161111-358161,,Incidente importado desde SAC,,Inspecciones Autos,Usuario Importador,Telemarketing,,,Solucionado,,,,,AUS1 - AUTOMOTORES,863221,,299789,Inspección por previa DDJJ,,,,'2021-04-28 13:20:00','2016-11-11 08:42:59','2016-11-11 08:42:59',Resuelto,,
161111-358175,,Incidente importado desde SAC,,Emisión Masivos,Usuario Importador,Especialistas,,,Solucionado,,,,,AUS1 - AUTOMOTORES,863235,,4459365,Anulación de propuesta,,,,'2021-04-28 13:20:00','2016-11-11 08:43:00','2016-11-11 08:43:00',Resuelto,,
161111-358176,,Incidente importado desde SAC,,Fleet Services,Usuario Importador,Telemarketing,,,Solucionado,,,,,AUS1 - AUTOMOTORES,863236,,6254194,Contacto del tercero,,,,'2021-04-28 13:20:00','2016-11-11 08:43:00','2016-11-11 08:43:00',Resuelto,,
161111-358180,,Incidente importado desde SAC,,,Usuario Importador,Telemarketing,,,Solucionado,,,,,AUS1 - AUTOMOTORES,863240,,3544928,Cliente para retención,,,,'2021-04-28 13:20:00','2016-11-11 08:43:01','2016-11-11 08:43:01',Atendido,,
161111-358181,,Incidente importado desde SAC,,Emisión Masivos,Usuario Importador,Telemarketing,,,Solucionado,,,,,AUI1 - AUTOMOTORES INSTITUCIONES,863241,,2781612,No califica,,,,'2021-04-28 13:20:00','2016-11-11 08:43:01','2016-11-11 08:43:01',Resuelto,,
161111-358182,,Incidente importado desde SAC,,Pago Telefonico,Usuario Importador,Telemarketing,,,Solucionado,,,,,AUS1 - AUTOMOTORES,863242,,4655186,Pago telefónico,,,,'2021-04-28 13:20:00','2016-11-11 08:43:01','2016-11-11 08:43:01',Resuelto,,
161111-358185,,Incidente importado desde SAC,,Cac,Usuario Importador,Telemarketing,,,Solucionado,,,,,HOM1 - SEGURO DEL HOGAR,863245,,6876211,Modificación datos de hogar sin inspección,,,,'2021-04-28 13:20:00','2016-11-11 08:43:01','2016-11-11 08:43:01',Anulado,,
161111-358187,,Incidente importado desde SAC,,Riesgos Varios Casa Central,Usuario Importador,Telemarketing,,,Solucionado,,,,,HOM1 - SEGURO DEL HOGAR,863247,,2315140,Riesgos Varios Casa Central,,,,'2021-04-28 13:20:00','2016-11-11 08:43:01','2016-11-11 08:43:01',Resuelto,,
161111-358188,,Incidente importado desde SAC,,Pago Telefonico,Usuario Importador,Telemarketing,,,Solucionado,,,,,AUS1 - AUTOMOTORES,863248,,1176025,Pago telefónico,,,,'2021-04-28 13:20:00','2016-11-11 08:43:01','2016-11-11 08:43:01',Resuelto,,
161111-358192,,Incidente importado desde SAC,,Fleet Services,Usuario Importador,Telemarketing,,,Solucionado,,,,,AUS1 - AUTOMOTORES,863252,,5409672,Contacto del tercero,,,,'2021-04-28 13:20:00','2016-11-11 08:43:01','2016-11-11 08:43:01',Resuelto,,
161111-358203,,Incidente importado desde SAC,,Telecobranzas,Usuario Importador,Telemarketing,,,Solucionado,,,,,AUS1 - AUTOMOTORES,863264,,5407841,Mensaje,,,,'2021-04-28 13:20:00','2016-11-11 08:43:02','2016-11-11 08:43:02',Atendido,,
161111-358204,,Incidente importado desde SAC,,Emisión Masivos,Usuario Importador,Telemarketing,,,Solucionado,,,,,AUS1 - AUTOMOTORES,863265,,4256047,Anulación de propuesta,,,,'2021-04-28 13:20:00','2016-11-11 08:43:02','2016-11-11 08:43:02',Resuelto,,
161111-358206,,Incidente importado desde SAC,,Inspecciones Autos,Usuario Importador,Telemarketing,,,Solucionado,,,,,AUS1 - AUTOMOTORES,863267,,3435139,Rechazos/ Reducción de cobertura,,,,'2021-04-28 13:20:00','2016-11-11 08:43:02','2016-11-11 08:43:02',No Procedente,,
161111-358207,,Incidente importado desde SAC,,Emisión Masivos,Usuario Importador,Telemarketing,,,Solucionado,,,,,AUS1 - AUTOMOTORES,863268,,1368699,Baja de póliza,,,,'2021-04-28 13:20:00','2016-11-11 08:43:02','2016-11-11 08:43:02',Resuelto,,
161111-358210,,Incidente importado desde SAC,,Emisión Masivos,Usuario Importador,Telemarketing,,,Solucionado,,,,,HOM1 - SEGURO DEL HOGAR,863271,,6069479,Ampliación de Cobertura con inspección,,,,'2021-04-28 13:20:00','2016-11-11 08:43:02','2016-11-11 08:43:02',Resuelto,,
161111-358216,,Incidente importado desde SAC,,Emisión Masivos,Usuario Importador,Comercial,,,Solucionado,,,,,HOM1 - SEGURO DEL HOGAR,863277,,1927733,Propuesta incompleta,,,,'2021-04-28 13:20:00','2016-11-11 08:43:03','2016-11-11 08:43:03',Resuelto,,
161111-358218,,Incidente importado desde SAC,,Inspecciones Autos,Usuario Importador,Telemarketing,,,Solucionado,,,,,AUS1 - AUTOMOTORES,863279,,6972592,Rechazos/ Reducción de cobertura,,,,'2021-04-28 13:20:00','2016-11-11 08:43:03','2016-11-11 08:43:03',No Procedente,,
161111-358219,,Incidente importado desde SAC,,Oficina Cordoba,Usuario Importador,Telemarketing,,,Solucionado,,,,,AUS1 - AUTOMOTORES,863280,,6837257,Daños materiales Cordoba,,,,'2021-04-28 13:20:00','2016-11-11 08:43:03','2016-11-11 08:43:03',Resuelto,,
161111-358223,,Incidente importado desde SAC,,Fleet Services,Usuario Importador,Telemarketing,,,Solucionado,,,,,AUT1 - AUTOMOTORES,863284,,1287974,Contacto del tercero,,,,'2021-04-28 13:20:00','2016-11-11 08:43:03','2016-11-11 08:43:03',Resuelto,,
161111-358225,,Incidente importado desde SAC,,Oficina Mendoza,Usuario Importador,Telemarketing,,,Solucionado,,,,,AUS1 - AUTOMOTORES,863286,,3617147,Daños materiales Mendoza,,,,'2021-04-28 13:20:00','2016-11-11 08:43:03','2016-11-11 08:43:03',Resuelto,,
161111-358229,,Incidente importado desde SAC,,,Usuario Importador,Telemarketing,,,Solucionado,,,,,AUS1 - AUTOMOTORES,863290,,721116,Cliente para retención,,,,'2021-04-28 13:20:00','2016-11-11 08:43:03','2016-11-11 08:43:03',Atendido,,
161111-358235,,Incidente importado desde SAC,,Emisión Masivos,Usuario Importador,Telemarketing,,,Solucionado,,,,,AUS1 - AUTOMOTORES,863296,,1093670,4 cuotas con un descuento del 15 %,,,,'2021-04-28 13:20:00','2016-11-11 08:43:04','2016-11-11 08:43:04',Resuelto,,
161111-358236,,Incidente importado desde SAC,,Inspecciones Autos,Usuario Importador,Telemarketing,,,Solucionado,,,,,AUS1 - AUTOMOTORES,863297,,3451009,Inspección por previa DDJJ,,,,'2021-04-28 13:20:00','2016-11-11 08:43:04','2016-11-11 08:43:04',Resuelto,,
161111-358239,,Incidente importado desde SAC,,,Usuario Importador,Telemarketing,,,Solucionado,,,,,AUS1 - AUTOMOTORES,863300,,2370832,Cliente para retención,,,,'2021-04-28 13:20:00','2016-11-11 08:43:04','2016-11-11 08:43:04',Atendido,,
161111-358240,,Incidente importado desde SAC,,Especialistas,Usuario Importador,Especialistas,,,Solucionado,,,,,AUS1 - AUTOMOTORES,863301,,2303108,Inclusión de GNC,,,,'2021-04-28 13:20:00','2016-11-11 08:43:04','2016-11-11 08:43:04',Resuelto,,
161111-358241,,Incidente importado desde SAC,,Drive in Centro,Usuario Importador,Telemarketing,,,Solucionado,,,,,AUS1 - AUTOMOTORES,863302,,6767047,Daños materiales drive In Centro,,,,'2021-04-28 13:20:00','2016-11-11 08:43:04','2016-11-11 08:43:04',Resuelto,,
161111-358242,,Incidente importado desde SAC,,Mailing,Usuario Importador,Telemarketing,,,Solucionado,,,,,AUS1 - AUTOMOTORES,863303,,2691278,Certificado de cobertura,,,,'2021-04-28 13:20:00','2016-11-11 08:43:05','2016-11-11 08:43:05',Resuelto,,
161111-358245,,Incidente importado desde SAC,,Emisión Masivos,Usuario Importador,Carta,,,Solucionado,,,,,AUS1 - AUTOMOTORES,863306,,7796106,Baja de póliza,,,,'2021-04-28 13:20:00','2016-11-11 08:43:05','2016-11-11 08:43:05',Resuelto,,
161111-358246,,Incidente importado desde SAC,,,Usuario Importador,Canal productor,,,Solucionado,,,,,AUS1 - AUTOMOTORES,863307,,6484281,Cliente para retención,,,,'2021-04-28 13:20:00','2016-11-11 08:43:05','2016-11-11 08:43:05',Atendido,,
161111-358250,,Incidente importado desde SAC,,Emisión Masivos,Usuario Importador,Telemarketing,,,Solucionado,,,,,HOM1 - SEGURO DEL HOGAR,863311,,1218840,Propuesta incompleta,,,,'2021-04-28 13:20:00','2016-11-11 08:43:05','2016-11-11 08:43:05',Resuelto,,
161111-358259,,Incidente importado desde SAC,,Mailing,Usuario Importador,Telemarketing,,,Solucionado,,,,,AUS1 - AUTOMOTORES,863320,,6020039,Certificado de cobertura,,,,'2021-04-28 13:20:00','2016-11-11 08:43:05','2016-11-11 08:43:05',Resuelto,,
161111-358261,,Incidente importado desde SAC,,Oficina Mendoza,Usuario Importador,Telemarketing,,,Solucionado,,,,,AUS1 - AUTOMOTORES,863322,,3630994,Daños materiales Mendoza,,,,'2021-04-28 13:20:00','2016-11-11 08:43:05','2016-11-11 08:43:05',Resuelto,,
161111-358262,,Incidente importado desde SAC,,Mailing,Usuario Importador,Carta Documento,,,Solucionado,,,,,APR1 - AUTOMOTORES,863323,,2477982,Certificado de cobertura,,,,'2021-04-28 13:20:00','2016-11-11 08:43:05','2016-11-11 08:43:05',Resuelto,,
161111-358264,,Incidente importado desde SAC,,,Usuario Importador,Telemarketing,,,Solucionado,,,,,AUS1 - AUTOMOTORES,863325,,4464138,Cliente para retención,,,,'2021-04-28 13:20:00','2016-11-11 08:43:06','2016-11-11 08:43:06',Atendido,,
161111-358265,,Incidente importado desde SAC,,Emisión Masivos,Usuario Importador,Carta,,,Solucionado,,,,,AUS1 - AUTOMOTORES,863326,,1413845,Bonificación,,,,'2021-04-28 13:20:00','2016-11-11 08:43:06','2016-11-11 08:43:06',Resuelto,,
161111-358266,,Incidente importado desde SAC,,Emisión Masivos,Usuario Importador,Telemarketing,,,Solucionado,,,,,HOM1 - SEGURO DEL HOGAR,863327,,1098964,Baja de póliza,,,,'2021-04-28 13:20:00','2016-11-11 08:43:06','2016-11-11 08:43:06',Resuelto,,
161111-358272,,Incidente importado desde SAC,,Emisión Masivos,Usuario Importador,Telemarketing,,,Solucionado,,,,,AUS1 - AUTOMOTORES,863333,,3477308,No califica,,,,'2021-04-28 13:20:00','2016-11-11 08:43:06','2016-11-11 08:43:06',Resuelto,,
161111-358274,,Incidente importado desde SAC,,Emisión Masivos,Usuario Importador,Telemarketing,,,Solucionado,,,,,AUS1 - AUTOMOTORES,863335,,3411401,4 cuotas con un descuento del 25 %,,,,'2021-04-28 13:20:00','2016-11-11 08:43:06','2016-11-11 08:43:06',Resuelto,,
161111-358282,,Incidente importado desde SAC,,Gerencia Productores,Usuario Importador,Carta Documento,,,Solucionado,,,,,AUS1 - AUTOMOTORES,863343,,3953717,Excepción comercial altas,,,,'2021-04-28 13:20:00','2016-11-11 08:43:07','2016-11-11 08:43:07',Resuelto,,
161111-358285,,Incidente importado desde SAC,,Emisión Masivos,Usuario Importador,Telemarketing,,,Solucionado,,,,,AUS1 - AUTOMOTORES,863346,,5966228,Rechazos/ Reducción de cobertura,,,,'2021-04-28 13:20:00','2016-11-11 08:43:07','2016-11-11 08:43:07',Resuelto,,
161111-358287,,Incidente importado desde SAC,,Emisión Masivos,Usuario Importador,Comercial,,,Solucionado,,,,,HOM1 - SEGURO DEL HOGAR,863348,,3950428,,,,,'2021-04-28 13:20:00','2016-11-11 08:43:08','2016-11-11 08:43:08',Resuelto,,
161111-358288,,Incidente importado desde SAC,,Cac,Usuario Importador,Telemarketing,,,Solucionado,,,,,HOM1 - SEGURO DEL HOGAR,863349,,5322449,Imputación de cobranzas - Automático,,,,'2021-04-28 13:20:00','2016-11-11 08:43:08','2016-11-11 08:43:08',Anulado,,
161111-358293,,Incidente importado desde SAC,,Fleet Services,Usuario Importador,Telemarketing,,,Solucionado,,,,,AUT1 - AUTOMOTORES,863354,,7412441,Contacto del tercero,,,,'2021-04-28 13:20:00','2016-11-11 08:43:08','2016-11-11 08:43:08',Resuelto,,
161111-358294,,Incidente importado desde SAC,,Inspecciones Autos,Usuario Importador,Telemarketing,,,Solucionado,,,,,AUS1 - AUTOMOTORES,863355,,6541533,Excepción comercial altas,,,,'2021-04-28 13:20:00','2016-11-11 08:43:08','2016-11-11 08:43:08',Resuelto,,
161111-358299,,Incidente importado desde SAC,,Riesgos Varios Casa Central,Usuario Importador,Telemarketing,,,Solucionado,,,,,HOM1 - SEGURO DEL HOGAR,863360,,3705723,Riesgos Varios Casa Central,,,,'2021-04-28 13:20:00','2016-11-11 08:43:09','2016-11-11 08:43:09',Resuelto,,
161111-358301,,Incidente importado desde SAC,,Emisión Masivos,Usuario Importador,Telemarketing,,,Solucionado,,,,,AUS1 - AUTOMOTORES,863362,,5468176,Ampliación de Cobertura con inspección,,,,'2021-04-28 13:20:00','2016-11-11 08:43:09','2016-11-11 08:43:09',Resuelto,,
161111-358304,,Incidente importado desde SAC,,Emisión Masivos,Usuario Importador,Telemarketing,,,Solucionado,,,,,AUS1 - AUTOMOTORES,863365,,1841471,4 cuotas con un descuento del 25 %,,,,'2021-04-28 13:20:00','2016-11-11 08:43:09','2016-11-11 08:43:09',Resuelto,,
161111-358306,,Incidente importado desde SAC,,Cobranzas Automático,Usuario Importador,Telemarketing,,,Solucionado,,,,,HOM1 - SEGURO DEL HOGAR,863366,,538869,Reintegro - Automático,,,,'2021-04-28 13:20:00','2016-11-11 08:43:09','2016-11-11 08:43:09',Resuelto,,
161111-358307,,Incidente importado desde SAC,,Cac,Usuario Importador,Telemarketing,,,Solucionado,,,,,HOM1 - SEGURO DEL HOGAR,863367,,3944606,Reintegro - Automático,,,,'2021-04-28 13:20:00','2016-11-11 08:43:10','2016-11-11 08:43:10',No Procedente,,
161111-358312,,Incidente importado desde SAC,,Emisión Masivos,Usuario Importador,Telemarketing,,,Solucionado,,,,,AUS1 - AUTOMOTORES,863372,,2116548,Baja de póliza,,,,'2021-04-28 13:20:00','2016-11-11 08:43:11','2016-11-11 08:43:11',Resuelto,,
161111-358313,,Incidente importado desde SAC,,Fleet Services,Usuario Importador,Telemarketing,,,Solucionado,,,,,AUA1 - AUTOMOTORES CARTERA GENERAL,863373,,1325740,Contacto del tercero,,,,'2021-04-28 13:20:00','2016-11-11 08:43:11','2016-11-11 08:43:11',Resuelto,,
161111-358315,,Incidente importado desde SAC,,Emisión Masivos,Usuario Importador,Comercial,,,Solucionado,,,,,HOM1 - SEGURO DEL HOGAR,863375,,4271981,,,,,'2021-04-28 13:20:00','2016-11-11 08:43:11','2016-11-11 08:43:11',Resuelto,,
161111-358317,,Incidente importado desde SAC,,Emisión Masivos,Usuario Importador,Telemarketing,,,Solucionado,,,,,AUS1 - AUTOMOTORES,863377,,1004250,4 cuotas con un descuento del 25 %,,,,'2021-04-28 13:20:00','2016-11-11 08:43:12','2016-11-11 08:43:12',Resuelto,,
161111-358321,,Incidente importado desde SAC,,Mailing,Usuario Importador,Carta Documento,,,Solucionado,,,,,APR1 - AUTOMOTORES,863381,,3419760,Certificado de cobertura,,,,'2021-04-28 13:20:00','2016-11-11 08:43:12','2016-11-11 08:43:12',Resuelto,,
161111-358323,,Incidente importado desde SAC,,Emisión Masivos,Usuario Importador,Telemarketing,,,Solucionado,,,,,AUS1 - AUTOMOTORES,863383,,495317,Rechazos/ Reducción de cobertura,,,,'2021-04-28 13:20:00','2016-11-11 08:43:12','2016-11-11 08:43:12',Resuelto,,
161111-358325,,Incidente importado desde SAC,,Robo / Destruccion Total,Usuario Importador,Telemarketing,,,Solucionado,,,,,AUS1 - AUTOMOTORES,863385,,2613658,Denuncia de robo aparecido,,,,'2021-04-28 13:20:00','2016-11-11 08:43:13','2016-11-11 08:43:13',Resuelto,,
161111-358329,,Incidente importado desde SAC,,,Usuario Importador,Telemarketing,,,Solucionado,,,,,AUS1 - AUTOMOTORES,863389,,142096,Cliente para retención,,,,'2021-04-28 13:20:00','2016-11-11 08:43:13','2016-11-11 08:43:13',Atendido,,
161111-358330,,Incidente importado desde SAC,,Inspecciones Autos,Usuario Importador,Telemarketing,,,Solucionado,,,,,AUS1 - AUTOMOTORES,863390,,7660509,Inspección por previa DDJJ,,,,'2021-04-28 13:20:00','2016-11-11 08:43:13','2016-11-11 08:43:13',Resuelto,,
161111-358333,,Incidente importado desde SAC,,Emisión Masivos,Usuario Importador,Canal productor,,,Solucionado,,,,,HOM1 - SEGURO DEL HOGAR,863393,,3757564,Corrección de propuesta,,,,'2021-04-28 13:20:00','2016-11-11 08:43:13','2016-11-11 08:43:13',Resuelto,,
161111-358335,,Incidente importado desde SAC,,Emisión Cartera Gral.,Usuario Importador,Telemarketing,,,Solucionado,,,,,AUA1 - AUTOMOTORES CARTERA GENERAL,863395,,4455049,Venta trailer,,,,'2021-04-28 13:20:00','2016-11-11 08:43:13','2016-11-11 08:43:13',Resuelto,,
161111-358342,,Incidente importado desde SAC,,Emisión Masivos,Usuario Importador,Telemarketing,,,Solucionado,,,,,AUS1 - AUTOMOTORES,863402,,4358070,Modificación datos personales,,,,'2021-04-28 13:20:00','2016-11-11 08:43:14','2016-11-11 08:43:14',Resuelto,,
161111-358344,,Incidente importado desde SAC,,Emisión Masivos,Usuario Importador,Especialistas,,,Solucionado,,,,,AUS1 - AUTOMOTORES,863404,,4864877,Excepción comercial altas,,,,'2021-04-28 13:20:00','2016-11-11 08:43:14','2016-11-11 08:43:14',Resuelto,,
161111-358348,,Incidente importado desde SAC,,Inspecciones Autos,Usuario Importador,Telemarketing,,,Solucionado,,,,,AUS1 - AUTOMOTORES,863408,,5346075,Inspección por previa DDJJ,,,,'2021-04-28 13:20:00','2016-11-11 08:43:14','2016-11-11 08:43:14',Resuelto,,
161111-358356,,Incidente importado desde SAC,,Inspecciones Autos,Usuario Importador,Telemarketing,,,Solucionado,,,,,AUS1 - AUTOMOTORES,863415,,4574795,Inspección por previa DDJJ,,,,'2021-04-28 13:20:00','2016-11-11 08:43:15','2016-11-11 08:43:15',Resuelto,,
161111-358357,,Incidente importado desde SAC,,Emisión Masivos,Usuario Importador,Carta,,,Solucionado,,,,,AUS1 - AUTOMOTORES,863416,,1779612,10 cuotas con un descuento del 15 %,,,,'2021-04-28 13:20:00','2016-11-11 08:43:15','2016-11-11 08:43:15',Resuelto,,
161111-358359,,Incidente importado desde SAC,,Mailing,Usuario Importador,Telemarketing,,,Solucionado,,,,,AUS1 - AUTOMOTORES,863418,,5193865,Cupón de pago,,,,'2021-04-28 13:20:00','2016-11-11 08:43:15','2016-11-11 08:43:15',Resuelto,,
161111-358360,,Incidente importado desde SAC,,Cac,Usuario Importador,Telemarketing,,,Solucionado,,,,,AUS1 - AUTOMOTORES,863419,,2392041,Ampliación de Cobertura con inspección,,,,'2021-04-28 13:20:00','2016-11-11 08:43:15','2016-11-11 08:43:15',No Procedente,,
161111-358361,,Incidente importado desde SAC,,Emisión Masivos,Usuario Importador,Telemarketing,,,Solucionado,,,,,HOM1 - SEGURO DEL HOGAR,863420,,1233245,Reducción de cobertura,,,,'2021-04-28 13:20:00','2016-11-11 08:43:15','2016-11-11 08:43:15',Resuelto,,
161111-358364,,Incidente importado desde SAC,,Cac,Usuario Importador,Telemarketing,,,Solucionado,,,,,HOM1 - SEGURO DEL HOGAR,863423,,1432674,Ampliación de Cobertura con inspección,,,,'2021-04-28 13:20:00','2016-11-11 08:43:15','2016-11-11 08:43:15',Anulado,,
161111-358367,,Incidente importado desde SAC,,Juicios Lesiones,Usuario Importador,Telemarketing,,,Solucionado,,,,,AUT1 - AUTOMOTORES,863426,,1431343,Lesiones,,,,'2021-04-28 13:20:00','2016-11-11 08:43:15','2016-11-11 08:43:15',Resuelto,,
161111-358371,,Incidente importado desde SAC,,Emisión Masivos,Usuario Importador,Telemarketing,,,Solucionado,,,,,AUS1 - AUTOMOTORES,863430,,4582423,No califica,,,,'2021-04-28 13:20:00','2016-11-11 08:43:16','2016-11-11 08:43:16',Resuelto,,
161111-358375,,Incidente importado desde SAC,,Emisión Masivos,Usuario Importador,Telemarketing,,,Solucionado,,,,,AUS1 - AUTOMOTORES,863434,,4830325,Anulación de propuesta,,,,'2021-04-28 13:20:00','2016-11-11 08:43:16','2016-11-11 08:43:16',Resuelto,,
161111-358378,,Incidente importado desde SAC,,,Usuario Importador,Telemarketing,,,Solucionado,,,,,AUS1 - AUTOMOTORES,863437,,6190770,Cliente para retención,,,,'2021-04-28 13:20:00','2016-11-11 08:43:16','2016-11-11 08:43:16',Atendido,,
161111-358379,,Incidente importado desde SAC,,Emisión Masivos,Usuario Importador,Telemarketing,,,Solucionado,,,,,AUS1 - AUTOMOTORES,863438,,2615114,Rechazos/ Reducción de cobertura,,,,'2021-04-28 13:20:00','2016-11-11 08:43:16','2016-11-11 08:43:16',Resuelto,,
161111-358386,,Incidente importado desde SAC,,Emisión Masivos,Usuario Importador,Carta Documento,,,Solucionado,,,,,AUS1 - AUTOMOTORES,863445,,4581455,Inclusión de GNC,,,,'2021-04-28 13:20:00','2016-11-11 08:43:16','2016-11-11 08:43:16',Resuelto,,
161111-358387,,Incidente importado desde SAC,,Gerencia Productores,Usuario Importador,Canal productor,,,Solucionado,,,,,AUS1 - AUTOMOTORES,863446,,5625315,Excepción comercial altas,,,,'2021-04-28 13:20:00','2016-11-11 08:43:17','2016-11-11 08:43:17',Resuelto,,
161111-358389,,Incidente importado desde SAC,,Daños Materiales Autos,Usuario Importador,Telemarketing,,,Solucionado,,,,,APL1 - AUTOMOTORES PLANES,863448,,2539615,Inspección por siniestros,,,,'2021-04-28 13:20:00','2016-11-11 08:43:17','2016-11-11 08:43:17',Resuelto,,
161111-358399,,Incidente importado desde SAC,,Cac,Usuario Importador,Telemarketing,,,Solucionado,,,,,AUS1 - AUTOMOTORES,863458,,4500205,Endosos CAC,,,,'2021-04-28 13:20:00','2016-11-11 08:43:18','2016-11-11 08:43:18',Resuelto,,
161111-358401,,Incidente importado desde SAC,,Emisión Masivos,Usuario Importador,Telemarketing,,,Solucionado,,,,,AUS1 - AUTOMOTORES,863460,,3223754,Anulación de propuesta,,,,'2021-04-28 13:20:00','2016-11-11 08:43:18','2016-11-11 08:43:18',Resuelto,,
161111-358402,,Incidente importado desde SAC,,Emisión Masivos,Usuario Importador,Telemarketing,,,Solucionado,,,,,AUS1 - AUTOMOTORES,863461,,6697918,4 cuotas con un descuento del 25 %,,,,'2021-04-28 13:20:00','2016-11-11 08:43:18','2016-11-11 08:43:18',Resuelto,,
161111-358406,,Incidente importado desde SAC,,Telecobranzas,Usuario Importador,Telemarketing,,,Solucionado,,,,,AUS1 - AUTOMOTORES,863465,,4511400,Mensaje,,,,'2021-04-28 13:20:00','2016-11-11 08:43:18','2016-11-11 08:43:18',Atendido,,
161111-358408,,Incidente importado desde SAC,,,Usuario Importador,Telemarketing,,,Solucionado,,,,,AUS1 - AUTOMOTORES,863467,,5700941,Cliente para retención,,,,'2021-04-28 13:20:00','2016-11-11 08:43:18','2016-11-11 08:43:18',Atendido,,
161111-358409,,Incidente importado desde SAC,,Prestadores,Usuario Importador,Telemarketing,,,Solucionado,,,,,AUS1 - AUTOMOTORES,863468,,6039216,Reintegro SOS,,,,'2021-04-28 13:20:00','2016-11-11 08:43:18','2016-11-11 08:43:18',Resuelto,,
161111-358410,,Incidente importado desde SAC,,Fleet Services,Usuario Importador,Telemarketing,,,Solucionado,,,,,AUT1 - AUTOMOTORES,863469,,1072638,Contacto del tercero,,,,'2021-04-28 13:20:00','2016-11-11 08:43:18','2016-11-11 08:43:18',Resuelto,,
161111-358412,,Incidente importado desde SAC,,Emisión Masivos,Usuario Importador,Telemarketing,,,Solucionado,,,,,AUS1 - AUTOMOTORES,863471,,7709815,Inclusión de GNC,,,,'2021-04-28 13:20:00','2016-11-11 08:43:18','2016-11-11 08:43:18',Resuelto,,
161111-358415,,Incidente importado desde SAC,,Drive in La Plata,Usuario Importador,Telemarketing,,,Solucionado,,,,,AUS1 - AUTOMOTORES,863474,,2351303,Daños materiales drive in La Plata,,,,'2021-04-28 13:20:00','2016-11-11 08:43:18','2016-11-11 08:43:18',Resuelto,,
161111-358416,,Incidente importado desde SAC,,Emisión Masivos,Usuario Importador,Telemarketing,,,Solucionado,,,,,AUS1 - AUTOMOTORES,863475,,647531,4 cuotas con un descuento del 25 %,,,,'2021-04-28 13:20:00','2016-11-11 08:43:18','2016-11-11 08:43:18',Resuelto,,
161111-358422,,Incidente importado desde SAC,,Telecobranzas,Usuario Importador,Telemarketing,,,Solucionado,,,,,AUI1 - AUTOMOTORES INSTITUCIONES,863481,,3460940,Mensaje,,,,'2021-04-28 13:20:00','2016-11-11 08:43:19','2016-11-11 08:43:19',Atendido,,
161111-358423,,Incidente importado desde SAC,,,Usuario Importador,Telemarketing,,,Solucionado,,,,,AUS1 - AUTOMOTORES,863482,,4174315,Cliente para retención,,,,'2021-04-28 13:20:00','2016-11-11 08:43:19','2016-11-11 08:43:19',Atendido,,
161111-358424,,Incidente importado desde SAC,,Emisión Masivos,Usuario Importador,Telemarketing,,,Solucionado,,,,,AUI1 - AUTOMOTORES INSTITUCIONES,863483,,2285567,No califica,,,,'2021-04-28 13:20:00','2016-11-11 08:43:19','2016-11-11 08:43:19',Resuelto,,
161111-358431,,Incidente importado desde SAC,,Mailing,Usuario Importador,Carta Documento,,,Solucionado,,,,,AUS1 - AUTOMOTORES,863490,,874259,Certificado de cobertura,,,,'2021-04-28 13:20:00','2016-11-11 08:43:20','2016-11-11 08:43:20',Atendido,,
161111-358433,,Incidente importado desde SAC,,Emisión Masivos,Usuario Importador,Telemarketing,,,Solucionado,,,,,AUS1 - AUTOMOTORES,863492,,529456,Propuesta incompleta,,,,'2021-04-28 13:20:00','2016-11-11 08:43:20','2016-11-11 08:43:20',Resuelto,,
161111-358435,,Incidente importado desde SAC,,Inspecciones Autos,Usuario Importador,Telemarketing,,,Solucionado,,,,,AUS1 - AUTOMOTORES,863494,,3439041,Inspección por previa DDJJ,,,,'2021-04-28 13:20:00','2016-11-11 08:43:20','2016-11-11 08:43:20',Resuelto,,
161111-358436,,Incidente importado desde SAC,,Emisión Masivos,Usuario Importador,Telemarketing,,,Solucionado,,,,,HOM1 - SEGURO DEL HOGAR,863495,,7433535,Ampliación de Cobertura con inspección,,,,'2021-04-28 13:20:00','2016-11-11 08:43:20','2016-11-11 08:43:20',Resuelto,,
161111-358452,,Incidente importado desde SAC,,Emisión Masivos,Usuario Importador,Telemarketing,,,Solucionado,,,,,HOM1 - SEGURO DEL HOGAR,863511,,6194152,Baja de póliza,,,,'2021-04-28 13:20:00','2016-11-11 08:43:21','2016-11-11 08:43:21',Resuelto,,
161111-358457,,Incidente importado desde SAC,,Emisión Masivos,Usuario Importador,Telemarketing,,,Solucionado,,,,,AUS1 - AUTOMOTORES,863516,,426148,Baja de póliza,,,,'2021-04-28 13:20:00','2016-11-11 08:43:22','2016-11-11 08:43:22',Resuelto,,
161111-358464,,Incidente importado desde SAC,,Inspecciones Autos,Usuario Importador,Telemarketing,,,Solucionado,,,,,AUS1 - AUTOMOTORES,863523,,3215658,Rechazos/ Reducción de cobertura,,,,'2021-04-28 13:20:00','2016-11-11 08:43:22','2016-11-11 08:43:22',No Procedente,,
161111-358465,,Incidente importado desde SAC,,Cac,Usuario Importador,Telemarketing,,,Solucionado,,,,,AUS1 - AUTOMOTORES,863524,,4433456,Facturación,,,,'2021-04-28 13:20:00','2016-11-11 08:43:22','2016-11-11 08:43:22',Resuelto,,
161111-358466,,Incidente importado desde SAC,,Cac,Usuario Importador,Telemarketing,,,Solucionado,,,,,AUS1 - AUTOMOTORES,863525,,3149413,Endosos CAC,,,,'2021-04-28 13:20:00','2016-11-11 08:43:22','2016-11-11 08:43:22',No Procedente,,
161111-358469,,Incidente importado desde SAC,,Drive in Libertador,Usuario Importador,Telemarketing,,,Solucionado,,,,,AUS1 - AUTOMOTORES,863528,,6978497,Daños materiales drive in Libertador,,,,'2021-04-28 13:20:00','2016-11-11 08:43:23','2016-11-11 08:43:23',Resuelto,,
161111-358470,,Incidente importado desde SAC,,Telecobranzas,Usuario Importador,Telemarketing,,,Solucionado,,,,,AUS1 - AUTOMOTORES,863529,,2342685,Mensaje,,,,'2021-04-28 13:20:00','2016-11-11 08:43:24','2016-11-11 08:43:24',Atendido,,
161111-358477,,Incidente importado desde SAC,,Prestadores,Usuario Importador,Telemarketing,,,Solucionado,,,,,AUS1 - AUTOMOTORES,863536,,2806260,Reintegro SOS,,,,'2021-04-28 13:20:00','2016-11-11 08:43:25','2016-11-11 08:43:25',Resuelto,,
161111-358483,,Incidente importado desde SAC,,Emisión Cartera Gral.,Usuario Importador,Telemarketing,,,Solucionado,,,,,ICO1 - INTEGR.COMERCIO,863542,,2357740,Cartera general,,,,'2021-04-28 13:20:00','2016-11-11 08:43:26','2016-11-11 08:43:26',Resuelto,,
161111-358488,,Incidente importado desde SAC,,Emisión Masivos,Usuario Importador,Especialistas,,,Solucionado,,,,,AUS1 - AUTOMOTORES,863547,,3272510,No califica,,,,'2021-04-28 13:20:00','2016-11-11 08:43:26','2016-11-11 08:43:26',Resuelto,,
161111-358492,,Incidente importado desde SAC,,Emisión Masivos,Usuario Importador,Telemarketing,,,Solucionado,,,,,AUS1 - AUTOMOTORES,863551,,4201555,Propuesta incompleta,,,,'2021-04-28 13:20:00','2016-11-11 08:43:26','2016-11-11 08:43:26',Resuelto,,
161111-358494,,Incidente importado desde SAC,,Daños Materiales Autos,Usuario Importador,Telemarketing,,,Solucionado,,,,,AUS1 - AUTOMOTORES,863553,,1408649,Daños materiales Casa Central,,,,'2021-04-28 13:20:00','2016-11-11 08:43:26','2016-11-11 08:43:26',Resuelto,,
161111-358497,,Incidente importado desde SAC,,Emisión Masivos,Usuario Importador,Telemarketing,,,Solucionado,,,,,AUS1 - AUTOMOTORES,863556,,2278360,Baja de póliza,,,,'2021-04-28 13:20:00','2016-11-11 08:43:27','2016-11-11 08:43:27',Resuelto,,
161111-358498,,Incidente importado desde SAC,,Emisión Masivos,Usuario Importador,Telemarketing,,,Solucionado,,,,,HOM1 - SEGURO DEL HOGAR,863557,,1013642,Baja de póliza,,,,'2021-04-28 13:20:00','2016-11-11 08:43:27','2016-11-11 08:43:27',Resuelto,,
161111-358504,,Incidente importado desde SAC,,Telecobranzas,Usuario Importador,Telemarketing,,,Solucionado,,,,,AUS1 - AUTOMOTORES,863563,,2474277,Mensaje,,,,'2021-04-28 13:20:00','2016-11-11 08:43:27','2016-11-11 08:43:27',Atendido,,
161111-358505,,Incidente importado desde SAC,,Emisión Masivos,Usuario Importador,Telemarketing,,,Solucionado,,,,,HOM1 - SEGURO DEL HOGAR,863564,,5542789,,,,,'2021-04-28 13:20:00','2016-11-11 08:43:27','2016-11-11 08:43:27',Resuelto,,
161111-358510,,Incidente importado desde SAC,,Inspecciones Autos,Usuario Importador,Telemarketing,,,Solucionado,,,,,AUS1 - AUTOMOTORES,863569,,3399382,Inspección por previa DDJJ,,,,'2021-04-28 13:20:00','2016-11-11 08:43:28','2016-11-11 08:43:28',Resuelto,,
161111-358512,,Incidente importado desde SAC,,Prestadores,Usuario Importador,Carta Documento,,,Solucionado,,,,,AUS1 - AUTOMOTORES,863571,,6011463,,,,,'2021-04-28 13:20:00','2016-11-11 08:43:28','2016-11-11 08:43:28',No Procedente,,
161111-358515,,Incidente importado desde SAC,,Juicios / mediaciones daños,Usuario Importador,Telemarketing,,,Solucionado,,,,,AUS1 - AUTOMOTORES,863574,,6732336,Lesiones,,,,'2021-04-28 13:20:00','2016-11-11 08:43:28','2016-11-11 08:43:28',Resuelto,,
161111-358516,,Incidente importado desde SAC,,Emisión Masivos,Usuario Importador,Telemarketing,,,Solucionado,,,,,AUS1 - AUTOMOTORES,863575,,1344039,4 cuotas con un descuento del 25 %,,,,'2021-04-28 13:20:00','2016-11-11 08:43:28','2016-11-11 08:43:28',Resuelto,,
161111-358519,,Incidente importado desde SAC,,Cac,Usuario Importador,Telemarketing,,,Solucionado,,,,,HOM1 - SEGURO DEL HOGAR,863578,,5094764,Endosos CAC,,,,'2021-04-28 13:20:00','2016-11-11 08:43:29','2016-11-11 08:43:29',Resuelto,,
161111-358522,,Incidente importado desde SAC,,Inspecciones Autos,Usuario Importador,Telemarketing,,,Solucionado,,,,,APR1 - AUTOMOTORES,863581,,5209221,Rechazos/ Reducción de cobertura,,,,'2021-04-28 13:20:00','2016-11-11 08:43:29','2016-11-11 08:43:29',No Procedente,,
161111-358528,,Incidente importado desde SAC,,Emisión Masivos,Usuario Importador,Telemarketing,,,Solucionado,,,,,AUS1 - AUTOMOTORES,863587,,3424604,Rechazos/ Reducción de cobertura,,,,'2021-04-28 13:20:00','2016-11-11 08:43:29','2016-11-11 08:43:29',Resuelto,,
161111-358530,,Incidente importado desde SAC,,Emisión Masivos,Usuario Importador,Telemarketing,,,Solucionado,,,,,APR1 - AUTOMOTORES,863589,,309490,Ampliación de Cobertura con inspección,,,,'2021-04-28 13:20:00','2016-11-11 08:43:30','2016-11-11 08:43:30',Resuelto,,
161111-358535,,Incidente importado desde SAC,,Emisión Masivos,Usuario Importador,Telemarketing,,,Solucionado,,,,,AUS1 - AUTOMOTORES,863594,,5001015,Baja de póliza,,,,'2021-04-28 13:20:00','2016-11-11 08:43:30','2016-11-11 08:43:30',Resuelto,,
161111-358537,,Incidente importado desde SAC,,Oficina Rosario,Usuario Importador,Telemarketing,,,Solucionado,,,,,AUI1 - AUTOMOTORES INSTITUCIONES,863596,,3186556,Daños materiales Rosario,,,,'2021-04-28 13:20:00','2016-11-11 08:43:30','2016-11-11 08:43:30',Resuelto,,
161111-358538,,Incidente importado desde SAC,,Mailing,Usuario Importador,Telemarketing,,,Solucionado,,,,,HOM1 - SEGURO DEL HOGAR,863597,,5407688,Certificado de cobertura,,,,'2021-04-28 13:20:00','2016-11-11 08:43:30','2016-11-11 08:43:30',Resuelto,,
161111-358542,,Incidente importado desde SAC,,Cac,Usuario Importador,Telemarketing,,,Solucionado,,,,,AUS1 - AUTOMOTORES,863601,,3609516,Inspección por previa,,,,'2021-04-28 13:20:00','2016-11-11 08:43:31','2016-11-11 08:43:31',No Procedente,,
161111-358547,,Incidente importado desde SAC,,Fleet Services,Usuario Importador,Telemarketing,,,Solucionado,,,,,AUA1 - AUTOMOTORES CARTERA GENERAL,863606,,1054769,Contacto del tercero,,,,'2021-04-28 13:20:00','2016-11-11 08:43:31','2016-11-11 08:43:31',Resuelto,,
161111-358548,,Incidente importado desde SAC,,Drive in Lanus,Usuario Importador,Telemarketing,,,Solucionado,,,,,AUS1 - AUTOMOTORES,863607,,2506038,Inspección por siniestros,,,,'2021-04-28 13:20:00','2016-11-11 08:43:31','2016-11-11 08:43:31',Resuelto,,
161111-358554,,Incidente importado desde SAC,,Emisión Masivos,Usuario Importador,Telemarketing,,,Solucionado,,,,,AUS1 - AUTOMOTORES,863613,,136368,10 cuotas con un descuento del 15 %,,,,'2021-04-28 13:20:00','2016-11-11 08:43:31','2016-11-11 08:43:31',Resuelto,,
161111-358558,,Incidente importado desde SAC,,Mailing,Usuario Importador,Telemarketing,,,Solucionado,,,,,AUS1 - AUTOMOTORES,863617,,2670283,Certificado de cobertura,,,,'2021-04-28 13:20:00','2016-11-11 08:43:31','2016-11-11 08:43:31',Resuelto,,
161111-358562,,Incidente importado desde SAC,,Emisión Masivos,Usuario Importador,Telemarketing,,,Solucionado,,,,,HOM1 - SEGURO DEL HOGAR,863621,,7242689,Baja de póliza,,,,'2021-04-28 13:20:00','2016-11-11 08:43:32','2016-11-11 08:43:32',Resuelto,,
161111-358564,,Incidente importado desde SAC,,Emisión Masivos,Usuario Importador,Carta,,,Solucionado,,,,,AUS1 - AUTOMOTORES,863623,,1779612,No califica,,,,'2021-04-28 13:20:00','2016-11-11 08:43:32','2016-11-11 08:43:32',Resuelto,,
161111-358568,,Incidente importado desde SAC,,Cobranzas Automático,Usuario Importador,Telemarketing,,,Solucionado,,,,,AUS1 - AUTOMOTORES,863627,,3679820,Reintegro - Automático,,,,'2021-04-28 13:20:00','2016-11-11 08:43:32','2016-11-11 08:43:32',Resuelto,,
161111-358570,,Incidente importado desde SAC,,Oficina Mendoza,Usuario Importador,Telemarketing,,,Solucionado,,,,,HOM1 - SEGURO DEL HOGAR,863629,,1003361,Riesgos Varios Mendoza,,,,'2021-04-28 13:20:00','2016-11-11 08:43:33','2016-11-11 08:43:33',Resuelto,,
161111-358573,,Incidente importado desde SAC,,Daños Materiales Autos,Usuario Importador,Telemarketing,,,Solucionado,,,,,AUS1 - AUTOMOTORES,863632,,3079691,Daños materiales Casa Central,,,,'2021-04-28 13:20:00','2016-11-11 08:43:33','2016-11-11 08:43:33',Resuelto,,
161111-358575,,Incidente importado desde SAC,,Telecobranzas,Usuario Importador,Telemarketing,,,Solucionado,,,,,AUS1 - AUTOMOTORES,863634,,5399060,,,,,'2021-04-28 13:20:00','2016-11-11 08:43:33','2016-11-11 08:43:33',Atendido,,
161111-358577,,Incidente importado desde SAC,,Emisión Masivos,Usuario Importador,Telemarketing,,,Solucionado,,,,,AUS1 - AUTOMOTORES,863636,,3427470,Propuesta incompleta,,,,'2021-04-28 13:20:00','2016-11-11 08:43:33','2016-11-11 08:43:33',Resuelto,,
161111-358579,,Incidente importado desde SAC,,Gerencia Clientes,Usuario Importador,Telemarketing,,,Solucionado,,,,,AUS1 - AUTOMOTORES,863638,,920040,Modificación datos personales,,,,'2021-04-28 13:20:00','2016-11-11 08:43:33','2016-11-11 08:43:33',Anulado,,
161111-358581,,Incidente importado desde SAC,,Riesgos Varios Casa Central,Usuario Importador,Telemarketing,,,Solucionado,,,,,HOM1 - SEGURO DEL HOGAR,863640,,2658279,Riesgos Varios Casa Central,,,,'2021-04-28 13:20:00','2016-11-11 08:43:33','2016-11-11 08:43:33',Resuelto,,
161111-358584,,Incidente importado desde SAC,,Emisión Masivos,Usuario Importador,Telemarketing,,,Solucionado,,,,,APR1 - AUTOMOTORES,863643,,3917542,Inclusión de accesorios,,,,'2021-04-28 13:20:00','2016-11-11 08:43:33','2016-11-11 08:43:33',Resuelto,,
161111-358587,,Incidente importado desde SAC,,,Usuario Importador,Telemarketing,,,Solucionado,,,,,AUS1 - AUTOMOTORES,863646,,6194148,Cliente para retención,,,,'2021-04-28 13:20:00','2016-11-11 08:43:33','2016-11-11 08:43:33',Atendido,,
161111-358589,,Incidente importado desde SAC,,Emisión Masivos,Usuario Importador,Comercial,,,Solucionado,,,,,AUS1 - AUTOMOTORES,863648,,2136961,Inspección por previa,,,,'2021-04-28 13:20:00','2016-11-11 08:43:34','2016-11-11 08:43:34',Resuelto,,
161111-358591,,Incidente importado desde SAC,,Fleet Services,Usuario Importador,Telemarketing,,,Solucionado,,,,,AUI1 - AUTOMOTORES INSTITUCIONES,863650,,5220193,Contacto del tercero,,,,'2021-04-28 13:20:00','2016-11-11 08:43:34','2016-11-11 08:43:34',Resuelto,,
161111-358595,,Incidente importado desde SAC,,Inspecciones Autos,Usuario Importador,Telemarketing,,,Solucionado,,,,,AUS1 - AUTOMOTORES,863654,,636598,Inspección por previa DDJJ,,,,'2021-04-28 13:20:00','2016-11-11 08:43:34','2016-11-11 08:43:34',Resuelto,,
161111-358596,,Incidente importado desde SAC,,Cac,Usuario Importador,Telemarketing,,,Solucionado,,,,,HOM1 - SEGURO DEL HOGAR,863655,,6289536,No califica,,,,'2021-04-28 13:20:00','2016-11-11 08:43:34','2016-11-11 08:43:34',No Procedente,,
161111-358597,,Incidente importado desde SAC,,Riesgos Varios Casa Central,Usuario Importador,Telemarketing,,,Solucionado,,,,,HOM1 - SEGURO DEL HOGAR,863656,,3588443,Riesgos Varios Casa Central,,,,'2021-04-28 13:20:00','2016-11-11 08:43:34','2016-11-11 08:43:34',Resuelto,,
161111-358600,,Incidente importado desde SAC,,Especialistas,Usuario Importador,Especialistas,,,Solucionado,,,,,AUS1 - AUTOMOTORES,863659,,2764121,Corrección de propuesta,,,,'2021-04-28 13:20:00','2016-11-11 08:43:35','2016-11-11 08:43:35',Anulado,,
161111-358601,,Incidente importado desde SAC,,Emisión Masivos,Usuario Importador,Telemarketing,,,Solucionado,,,,,AUS1 - AUTOMOTORES,863660,,4899923,Rechazos/ Reducción de cobertura,,,,'2021-04-28 13:20:00','2016-11-11 08:43:35','2016-11-11 08:43:35',Resuelto,,
161111-358606,,Incidente importado desde SAC,,Emisión Masivos,Usuario Importador,Telemarketing,,,Solucionado,,,,,AUS1 - AUTOMOTORES,863665,,6601322,4 cuotas con un descuento del 25 %,,,,'2021-04-28 13:20:00','2016-11-11 08:43:35','2016-11-11 08:43:35',Resuelto,,
161111-358607,,Incidente importado desde SAC,,Emisión Masivos,Usuario Importador,Telemarketing,,,Solucionado,,,,,AUS1 - AUTOMOTORES,863666,,2122781,Modificaciones datos del producto,,,,'2021-04-28 13:20:00','2016-11-11 08:43:35','2016-11-11 08:43:35',Resuelto,,
161111-358613,,Incidente importado desde SAC,,Daños Materiales Autos,Usuario Importador,Telemarketing,,,Solucionado,,,,,AUS1 - AUTOMOTORES,863672,,6151990,Daños materiales Casa Central,,,,'2021-04-28 13:20:00','2016-11-11 08:43:35','2016-11-11 08:43:35',Resuelto,,
161111-358618,,Incidente importado desde SAC,,Inspecciones Autos,Usuario Importador,Telemarketing,,,Solucionado,,,,,AUS1 - AUTOMOTORES,863677,,1066944,Rechazos/ Reducción de cobertura,,,,'2021-04-28 13:20:00','2016-11-11 08:43:35','2016-11-11 08:43:35',No Procedente,,
161111-358623,,Incidente importado desde SAC,,,Usuario Importador,Telemarketing,,,Solucionado,,,,,AUS1 - AUTOMOTORES,863682,,6714012,Cliente para retención,,,,'2021-04-28 13:20:00','2016-11-11 08:43:38','2016-11-11 08:43:38',Atendido,,
161111-358628,,Incidente importado desde SAC,,Inspecciones Autos,Usuario Importador,Telemarketing,,,Solucionado,,,,,AUS1 - AUTOMOTORES,863687,,3646305,Inspección por previa DDJJ,,,,'2021-04-28 13:20:00','2016-11-11 08:43:38','2016-11-11 08:43:38',Resuelto,,
161111-358630,,Incidente importado desde SAC,,,Usuario Importador,Telemarketing,,,Solucionado,,,,,AUS1 - AUTOMOTORES,863689,,4315981,Cliente para retención,,,,'2021-04-28 13:20:00','2016-11-11 08:43:38','2016-11-11 08:43:38',Atendido,,
161111-358631,,Incidente importado desde SAC,,Pago Telefonico,Usuario Importador,Telemarketing,,,Solucionado,,,,,AUS1 - AUTOMOTORES,863690,,3569277,Pago telefónico,,,,'2021-04-28 13:20:00','2016-11-11 08:43:38','2016-11-11 08:43:38',Resuelto,,
161111-358632,,Incidente importado desde SAC,,Telemarketing,Usuario Importador,Telemarketing,,,Solucionado,,,,,AUS1 - AUTOMOTORES,863691,,1404176,Excepción comercial altas,,,,'2021-04-28 13:20:00','2016-11-11 08:43:39','2016-11-11 08:43:39',Resuelto,,
161111-358637,,Incidente importado desde SAC,,,Usuario Importador,Telemarketing,,,Solucionado,,,,,AUS1 - AUTOMOTORES,863696,,6622614,Cliente para retención,,,,'2021-04-28 13:20:00','2016-11-11 08:43:39','2016-11-11 08:43:39',Atendido,,
161111-358638,,Incidente importado desde SAC,,,Usuario Importador,Telemarketing,,,Solucionado,,,,,AUS1 - AUTOMOTORES,863697,,1339994,Daños materiales Cordoba,,,,'2021-04-28 13:20:00','2016-11-11 08:43:39','2016-11-11 08:43:39',Resuelto,,
161111-358640,,Incidente importado desde SAC,,Emisión Masivos,Usuario Importador,Comercial,,,Solucionado,,,,,HOM1 - SEGURO DEL HOGAR,863699,,2233876,,,,,'2021-04-28 13:20:00','2016-11-11 08:43:40','2016-11-11 08:43:40',Resuelto,,
161111-358642,,Incidente importado desde SAC,,Juicios / mediaciones daños,Usuario Importador,Telemarketing,,,Solucionado,,,,,APR1 - AUTOMOTORES,863701,,2846474,Lesiones,,,,'2021-04-28 13:20:00','2016-11-11 08:43:40','2016-11-11 08:43:40',Resuelto,,
161111-358644,,Incidente importado desde SAC,,Fleet Services,Usuario Importador,Telemarketing,,,Solucionado,,,,,AUS1 - AUTOMOTORES,863703,,2340540,Contacto del tercero,,,,'2021-04-28 13:20:00','2016-11-11 08:43:40','2016-11-11 08:43:40',Resuelto,,
161111-358645,,Incidente importado desde SAC,,Emisión Masivos,Usuario Importador,Telemarketing,,,Solucionado,,,,,AUS1 - AUTOMOTORES,863704,,3392612,Baja de póliza,,,,'2021-04-28 13:20:00','2016-11-11 08:43:40','2016-11-11 08:43:40',Resuelto,,
161111-358648,,Incidente importado desde SAC,,Cac,Usuario Importador,Telemarketing,,,Solucionado,,,,,AUS1 - AUTOMOTORES,863707,,5599353,Cupón de pago,,,,'2021-04-28 13:20:00','2016-11-11 08:43:40','2016-11-11 08:43:40',No Procedente,,
161111-358655,,Incidente importado desde SAC,,Telemarketing,Usuario Importador,Telemarketing,,,Solucionado,,,,,AUS1 - AUTOMOTORES,863714,,7844788,No califica,,,,'2021-04-28 13:20:00','2016-11-11 08:43:41','2016-11-11 08:43:41',Resuelto,,
161111-358656,,Incidente importado desde SAC,,Telecobranzas,Usuario Importador,Telemarketing,,,Solucionado,,,,,AUS1 - AUTOMOTORES,863715,,424645,,,,,'2021-04-28 13:20:00','2016-11-11 08:43:41','2016-11-11 08:43:41',Atendido,,
161111-358663,,Incidente importado desde SAC,,Oficina Cordoba,Usuario Importador,Telemarketing,,,Solucionado,,,,,AUS1 - AUTOMOTORES,863722,,2068704,Daños materiales Cordoba,,,,'2021-04-28 13:20:00','2016-11-11 08:43:41','2016-11-11 08:43:41',Resuelto,,
161111-358668,,Incidente importado desde SAC,,Emisión Masivos,Usuario Importador,Telemarketing,,,Solucionado,,,,,HOM1 - SEGURO DEL HOGAR,863727,,1259928,Ampliación de Cobertura con inspección,,,,'2021-04-28 13:20:00','2016-11-11 08:43:42','2016-11-11 08:43:42',Resuelto,,
161111-358670,,Incidente importado desde SAC,,Emisión Masivos,Usuario Importador,Canal productor,,,Solucionado,,,,,AUS1 - AUTOMOTORES,863729,,6679790,No califica,,,,'2021-04-28 13:20:00','2016-11-11 08:43:42','2016-11-11 08:43:42',Resuelto,,
161111-358671,,Incidente importado desde SAC,,,Usuario Importador,Telemarketing,,,Solucionado,,,,,AUS1 - AUTOMOTORES,863730,,2113622,Cliente para retención,,,,'2021-04-28 13:20:00','2016-11-11 08:43:42','2016-11-11 08:43:42',Atendido,,
161111-358672,,Incidente importado desde SAC,,Inspecciones Autos,Usuario Importador,Telemarketing,,,Solucionado,,,,,AUS1 - AUTOMOTORES,863731,,5556661,Inspección por previa DDJJ,,,,'2021-04-28 13:20:00','2016-11-11 08:43:42','2016-11-11 08:43:42',Resuelto,,
161111-358675,,Incidente importado desde SAC,,Daños Materiales Autos,Usuario Importador,Telemarketing,,,Solucionado,,,,,AUS1 - AUTOMOTORES,863734,,6527656,Inspección por siniestros,,,,'2021-04-28 13:20:00','2016-11-11 08:43:42','2016-11-11 08:43:42',Resuelto,,
161111-358677,,Incidente importado desde SAC,,,Usuario Importador,Telemarketing,,,Solucionado,,,,,AUS1 - AUTOMOTORES,863736,,1729566,Cliente para retención,,,,'2021-04-28 13:20:00','2016-11-11 08:43:42','2016-11-11 08:43:42',Atendido,,
161111-358678,,Incidente importado desde SAC,,Emisión Masivos,Usuario Importador,Telemarketing,,,Solucionado,,,,,HOM1 - SEGURO DEL HOGAR,863737,,2609413,Corrección de propuesta,,,,'2021-04-28 13:20:00','2016-11-11 08:43:42','2016-11-11 08:43:42',Resuelto,,
161111-358684,,Incidente importado desde SAC,,Emisión Masivos,Usuario Importador,Telemarketing,,,Solucionado,,,,,AUS1 - AUTOMOTORES,863743,,4282465,Rechazos/ Reducción de cobertura,,,,'2021-04-28 13:20:00','2016-11-11 08:43:42','2016-11-11 08:43:42',No Procedente,,
161111-358687,,Incidente importado desde SAC,,Emisión Masivos,Usuario Importador,Carta,,,Solucionado,,,,,AUS1 - AUTOMOTORES,863746,,3513461,Venta,,,,'2021-04-28 13:20:00','2016-11-11 08:43:43','2016-11-11 08:43:43',Resuelto,,
161111-358688,,Incidente importado desde SAC,,Emisión Masivos,Usuario Importador,Telemarketing,,,Solucionado,,,,,AUS1 - AUTOMOTORES,863747,,4681585,Propuesta incompleta,,,,'2021-04-28 13:20:00','2016-11-11 08:43:43','2016-11-11 08:43:43',Resuelto,,
161111-358689,,Incidente importado desde SAC,,Cobranzas Efectivo,Usuario Importador,Telemarketing,,,Solucionado,,,,,AUS1 - AUTOMOTORES,863748,,5515746,Imputación de cobranzas - Automático,,,,'2021-04-28 13:20:00','2016-11-11 08:43:43','2016-11-11 08:43:43',Resuelto,,
161111-358690,,Incidente importado desde SAC,,Emisión Masivos,Usuario Importador,Telemarketing,,,Solucionado,,,,,AUS1 - AUTOMOTORES,863749,,6203311,Modificación datos personales,,,,'2021-04-28 13:20:00','2016-11-11 08:43:43','2016-11-11 08:43:43',Resuelto,,
161111-358691,,Incidente importado desde SAC,,Emisión Masivos,Usuario Importador,Telemarketing,,,Solucionado,,,,,AUS1 - AUTOMOTORES,863750,,7270372,Baja de póliza,,,,'2021-04-28 13:20:00','2016-11-11 08:43:43','2016-11-11 08:43:43',Resuelto,,
161111-358695,,Incidente importado desde SAC,,Gerencia Productores,Usuario Importador,Canal productor,,,Solucionado,,,,,INC1 - INCENDIO,863754,,3521412,Certificado de cobertura,,,,'2021-04-28 13:20:00','2016-11-11 08:43:43','2016-11-11 08:43:43',Resuelto,,
161111-358696,,Incidente importado desde SAC,,Emisión Masivos,Usuario Importador,Telemarketing,,,Solucionado,,,,,APR1 - AUTOMOTORES,863755,,3600124,Ampliación de Cobertura con inspección,,,,'2021-04-28 13:20:00','2016-11-11 08:43:44','2016-11-11 08:43:44',Resuelto,,
161111-358697,,Incidente importado desde SAC,,Mailing,Usuario Importador,Telemarketing,,,Solucionado,,,,,APR1 - AUTOMOTORES,863756,,3517004,Certificado de cobertura,,,,'2021-04-28 13:20:00','2016-11-11 08:43:44','2016-11-11 08:43:44',Resuelto,,
161111-358699,,Incidente importado desde SAC,,Mailing,Usuario Importador,Telemarketing,,,Solucionado,,,,,APR1 - AUTOMOTORES,863758,,4448423,Certificado de cobertura,,,,'2021-04-28 13:20:00','2016-11-11 08:43:44','2016-11-11 08:43:44',Resuelto,,
161111-358704,,Incidente importado desde SAC,,Drive in Lanus,Usuario Importador,Telemarketing,,,Solucionado,,,,,AUS1 - AUTOMOTORES,863763,,3716258,Daños materiales Interior Sur,,,,'2021-04-28 13:20:00','2016-11-11 08:43:44','2016-11-11 08:43:44',Resuelto,,
161111-358705,,Incidente importado desde SAC,,Mailing,Usuario Importador,Telemarketing,,,Solucionado,,,,,AUS1 - AUTOMOTORES,863764,,1417807,Certificado de cobertura,,,,'2021-04-28 13:20:00','2016-11-11 08:43:44','2016-11-11 08:43:44',Resuelto,,
161111-358706,,Incidente importado desde SAC,,Cleas,Usuario Importador,Telemarketing,,,Solucionado,,,,,APR1 - AUTOMOTORES,863765,,665208,Daños materiales Cleas,,,,'2021-04-28 13:20:00','2016-11-11 08:43:44','2016-11-11 08:43:44',Resuelto,,
161111-358708,,Incidente importado desde SAC,,Emisión Masivos,Usuario Importador,Telemarketing,,,Solucionado,,,,,AUS1 - AUTOMOTORES,863767,,2755851,Propuesta incompleta,,,,'2021-04-28 13:20:00','2016-11-11 08:43:44','2016-11-11 08:43:44',Resuelto,,
161111-358712,,Incidente importado desde SAC,,Emisión Masivos,Usuario Importador,Telemarketing,,,Solucionado,,,,,AUS1 - AUTOMOTORES,863771,,5742859,Modificaciones datos del producto,,,,'2021-04-28 13:20:00','2016-11-11 08:43:44','2016-11-11 08:43:44',Resuelto,,
161111-358721,,Incidente importado desde SAC,,Inspecciones Autos,Usuario Importador,Telemarketing,,,Solucionado,,,,,AUS1 - AUTOMOTORES,863780,,6016399,Inspección por previa DDJJ,,,,'2021-04-28 13:20:00','2016-11-11 08:43:45','2016-11-11 08:43:45',Resuelto,,
161111-358722,,Incidente importado desde SAC,,Emisión Masivos,Usuario Importador,Telemarketing,,,Solucionado,,,,,AUS1 - AUTOMOTORES,863781,,7139402,No califica,,,,'2021-04-28 13:20:00','2016-11-11 08:43:45','2016-11-11 08:43:45',Resuelto,,
161111-358724,,Incidente importado desde SAC,,Emisión Masivos,Usuario Importador,Telemarketing,,,Solucionado,,,,,AUS1 - AUTOMOTORES,863783,,2090576,4 cuotas con un descuento del 25 %,,,,'2021-04-28 13:20:00','2016-11-11 08:43:45','2016-11-11 08:43:45',Resuelto,,
161111-358725,,Incidente importado desde SAC,,Mailing,Usuario Importador,Telemarketing,,,Solucionado,,,,,AUS1 - AUTOMOTORES,863784,,2606255,Certificado de cobertura,,,,'2021-04-28 13:20:00','2016-11-11 08:43:45','2016-11-11 08:43:45',Resuelto,,
161111-358727,,Incidente importado desde SAC,,Oficina Mendoza,Usuario Importador,Telemarketing,,,Solucionado,,,,,APL1 - AUTOMOTORES PLANES,863786,,4376687,Daños materiales Mendoza,,,,'2021-04-28 13:20:00','2016-11-11 08:43:46','2016-11-11 08:43:46',Resuelto,,
161111-358732,,Incidente importado desde SAC,,Pago Telefonico,Usuario Importador,Telemarketing,,,Solucionado,,,,,AUS1 - AUTOMOTORES,863791,,7343949,Pago telefónico,,,,'2021-04-28 13:20:00','2016-11-11 08:43:46','2016-11-11 08:43:46',Resuelto,,
161111-358736,,Incidente importado desde SAC,,Daños Materiales Autos,Usuario Importador,Telemarketing,,,Solucionado,,,,,AUT1 - AUTOMOTORES,863795,,1322999,Denuncia daños materiales,,,,'2021-04-28 13:20:00','2016-11-11 08:43:46','2016-11-11 08:43:46',Resuelto,,
161111-358738,,Incidente importado desde SAC,,Telecobranzas,Usuario Importador,Telemarketing,,,Solucionado,,,,,AUS1 - AUTOMOTORES,863797,,3530857,Sin teléfono/Equivocado,,,,'2021-04-28 13:20:00','2016-11-11 08:43:46','2016-11-11 08:43:46',Atendido,,
161111-358739,,Incidente importado desde SAC,,,Usuario Importador,Telemarketing,,,Solucionado,,,,,APR1 - AUTOMOTORES,863798,,2879803,Daños materiales Cordoba,,,,'2021-04-28 13:20:00','2016-11-11 08:43:46','2016-11-11 08:43:46',Resuelto,,
161111-358740,,Incidente importado desde SAC,,Mailing,Usuario Importador,Telemarketing,,,Solucionado,,,,,AUS1 - AUTOMOTORES,863799,,3778271,Certificado de cobertura,,,,'2021-04-28 13:20:00','2016-11-11 08:43:46','2016-11-11 08:43:46',Atendido,,
161111-358742,,Incidente importado desde SAC,,Mailing,Usuario Importador,Comercial,,,Solucionado,,,,,HOM1 - SEGURO DEL HOGAR,863801,,6919956,Alta de póliza con inspección,,,,'2021-04-28 13:20:00','2016-11-11 08:43:47','2016-11-11 08:43:47',No Procedente,,
161111-358747,,Incidente importado desde SAC,,Mailing,Usuario Importador,Telemarketing,,,Solucionado,,,,,APR1 - AUTOMOTORES,863806,,2960800,Certificado de cobertura,,,,'2021-04-28 13:20:00','2016-11-11 08:43:47','2016-11-11 08:43:47',Resuelto,,
161111-358752,,Incidente importado desde SAC,,,Usuario Importador,Telemarketing,,,Solucionado,,,,,AUS1 - AUTOMOTORES,863811,,5549853,Cliente para retención,,,,'2021-04-28 13:20:00','2016-11-11 08:43:47','2016-11-11 08:43:47',Atendido,,
161111-358755,,Incidente importado desde SAC,,Mailing,Usuario Importador,Telemarketing,,,Solucionado,,,,,AUS1 - AUTOMOTORES,863814,,6509149,Certificado de cobertura,,,,'2021-04-28 13:20:00','2016-11-11 08:43:47','2016-11-11 08:43:47',Resuelto,,
161111-358758,,Incidente importado desde SAC,,Fleet Services,Usuario Importador,Telemarketing,,,Solucionado,,,,,AUS1 - AUTOMOTORES,863817,,3735999,Contacto del tercero,,,,'2021-04-28 13:20:00','2016-11-11 08:43:48','2016-11-11 08:43:48',Resuelto,,
161111-358759,,Incidente importado desde SAC,,Mailing,Usuario Importador,Carta Documento,,,Solucionado,,,,,APR1 - AUTOMOTORES,863818,,3456129,Certificado de cobertura,,,,'2021-04-28 13:20:00','2016-11-11 08:43:48','2016-11-11 08:43:48',Atendido,,
161111-358761,,Incidente importado desde SAC,,Emisión Masivos,Usuario Importador,Telemarketing,,,Solucionado,,,,,AUS1 - AUTOMOTORES,863820,,5336348,Excepción comercial altas,,,,'2021-04-28 13:20:00','2016-11-11 08:43:48','2016-11-11 08:43:48',Resuelto,,
161111-358762,,Incidente importado desde SAC,,Robo / Destruccion Total,Usuario Importador,Telemarketing,,,Solucionado,,,,,AUS1 - AUTOMOTORES,863821,,6031379,Destrucción Total,,,,'2021-04-28 13:20:00','2016-11-11 08:43:48','2016-11-11 08:43:48',Resuelto,,
161111-358764,,Incidente importado desde SAC,,Daños Materiales Autos,Usuario Importador,Carta Documento,,,Solucionado,,,,,APL1 - AUTOMOTORES PLANES,863823,,7239704,Modificaciones datos del producto,,,,'2021-04-28 13:20:00','2016-11-11 08:43:48','2016-11-11 08:43:48',Resuelto,,
161111-358766,,Incidente importado desde SAC,,,Usuario Importador,Telemarketing,,,Solucionado,,,,,AUS1 - AUTOMOTORES,863825,,4455761,Cliente para retención,,,,'2021-04-28 13:20:00','2016-11-11 08:43:48','2016-11-11 08:43:48',Atendido,,
161111-358770,,Incidente importado desde SAC,,Emisión Masivos,Usuario Importador,Telemarketing,,,Solucionado,,,,,AUS1 - AUTOMOTORES,863829,,7280909,4 cuotas con un descuento del 25 %,,,,'2021-04-28 13:20:00','2016-11-11 08:43:49','2016-11-11 08:43:49',Resuelto,,
161111-358773,,Incidente importado desde SAC,,Especialistas,Usuario Importador,Especialistas,,,Solucionado,,,,,AUS1 - AUTOMOTORES,863831,,2547467,Modificaciones datos del producto,,,,'2021-04-28 13:20:00','2016-11-11 08:43:49','2016-11-11 08:43:49',Resuelto,,
161111-358778,,Incidente importado desde SAC,,Cac,Usuario Importador,Telemarketing,,,Solucionado,,,,,HOM1 - SEGURO DEL HOGAR,863836,,3685620,Modificación de canal de cobro por única vez,,,,'2021-04-28 13:20:00','2016-11-11 08:43:49','2016-11-11 08:43:49',Resuelto,,
161111-358783,,Incidente importado desde SAC,,,Usuario Importador,Telemarketing,,,Solucionado,,,,,AUS1 - AUTOMOTORES,863840,,3086616,Cliente para retención,,,,'2021-04-28 13:20:00','2016-11-11 08:43:50','2016-11-11 08:43:50',Atendido,,
161111-358786,,Incidente importado desde SAC,,Cobranzas Automático,Usuario Importador,Comercial,,,Solucionado,,,,,HOM1 - SEGURO DEL HOGAR,863843,,3727068,No califica,,,,'2021-04-28 13:20:00','2016-11-11 08:43:51','2016-11-11 08:43:51',Resuelto,,
161111-358788,,Incidente importado desde SAC,,Emisión Masivos,Usuario Importador,Telemarketing,,,Solucionado,,,,,APR1 - AUTOMOTORES,863845,,2792493,Rechazos/ Reducción de cobertura,,,,'2021-04-28 13:20:00','2016-11-11 08:43:51','2016-11-11 08:43:51',Resuelto,,
161111-358789,,Incidente importado desde SAC,,Drive in Centro,Usuario Importador,Telemarketing,,,Solucionado,,,,,APL1 - AUTOMOTORES PLANES,863846,,5119532,Daños materiales Casa Central,,,,'2021-04-28 13:20:00','2016-11-11 08:43:51','2016-11-11 08:43:51',Resuelto,,
161111-358790,,Incidente importado desde SAC,,Emisión Masivos,Usuario Importador,Canal productor,,,Solucionado,,,,,HOM1 - SEGURO DEL HOGAR,863847,,1433821,Alta de póliza con inspección,,,,'2021-04-28 13:20:00','2016-11-11 08:43:51','2016-11-11 08:43:51',Resuelto,,
161111-358800,,Incidente importado desde SAC,,,Usuario Importador,Telemarketing,,,Solucionado,,,,,AUS1 - AUTOMOTORES,863857,,5662386,Cliente para retención,,,,'2021-04-28 13:20:00','2016-11-11 08:43:53','2016-11-11 08:43:53',Atendido,,
161111-358804,,Incidente importado desde SAC,,Daños Materiales Autos,Usuario Importador,Telemarketing,,,Solucionado,,,,,APR1 - AUTOMOTORES,863861,,3729466,Denuncia daños materiales,,,,'2021-04-28 13:20:00','2016-11-11 08:43:53','2016-11-11 08:43:53',Resuelto,,
161111-358814,,Incidente importado desde SAC,,Oficina Mendoza,Usuario Importador,Telemarketing,,,Solucionado,,,,,APR1 - AUTOMOTORES,863871,,2920539,Destrucción Total,,,,'2021-04-28 13:20:00','2016-11-11 08:43:54','2016-11-11 08:43:54',Resuelto,,
161111-358822,,Incidente importado desde SAC,,Emisión Masivos,Usuario Importador,Telemarketing,,,Solucionado,,,,,AUS1 - AUTOMOTORES,863879,,5604503,4 cuotas con un descuento del 25 %,,,,'2021-04-28 13:20:00','2016-11-11 08:43:55','2016-11-11 08:43:55',Resuelto,,
161111-358826,,Incidente importado desde SAC,,Emisión Masivos,Usuario Importador,Telemarketing,,,Solucionado,,,,,AUS1 - AUTOMOTORES,863883,,6374813,Baja de póliza,,,,'2021-04-28 13:20:00','2016-11-11 08:43:55','2016-11-11 08:43:55',Resuelto,,
161111-358830,,Incidente importado desde SAC,,Emisión Masivos,Usuario Importador,Telemarketing,,,Solucionado,,,,,AUS1 - AUTOMOTORES,863887,,3414783,4 cuotas con un descuento del 25 %,,,,'2021-04-28 13:20:00','2016-11-11 08:43:55','2016-11-11 08:43:55',Resuelto,,
161111-358831,,Incidente importado desde SAC,,Emisión Masivos,Usuario Importador,Carta,,,Solucionado,,,,,AUS1 - AUTOMOTORES,863888,,6134690,Venta,,,,'2021-04-28 13:20:00','2016-11-11 08:43:55','2016-11-11 08:43:55',Resuelto,,
161111-358833,,Incidente importado desde SAC,,Emisión Cartera Gral.,Usuario Importador,Telemarketing,,,Solucionado,,,,,AUS1 - AUTOMOTORES,863890,,7357245,Venta trailer,,,,'2021-04-28 13:20:00','2016-11-11 08:43:55','2016-11-11 08:43:55',Resuelto,,
161111-358839,,Incidente importado desde SAC,,Emisión Masivos,Usuario Importador,Telemarketing,,,Solucionado,,,,,APR1 - AUTOMOTORES,863896,,3427644,Ampliación de Cobertura con inspección,,,,'2021-04-28 13:20:00','2016-11-11 08:43:56','2016-11-11 08:43:56',Resuelto,,
161111-358841,,Incidente importado desde SAC,,Emisión Masivos,Usuario Importador,Telemarketing,,,Solucionado,,,,,HOM1 - SEGURO DEL HOGAR,863898,,4521704,Ampliación de Cobertura con inspección,,,,'2021-04-28 13:20:00','2016-11-11 08:43:56','2016-11-11 08:43:56',Resuelto,,
161111-358843,,Incidente importado desde SAC,,Emisión Masivos,Usuario Importador,Canal productor,,,Solucionado,,,,,AUS1 - AUTOMOTORES,863900,,4925666,Corrección de propuesta,,,,'2021-04-28 13:20:00','2016-11-11 08:43:56','2016-11-11 08:43:56',Resuelto,,
161111-358846,,Incidente importado desde SAC,,Emisión Masivos,Usuario Importador,Telemarketing,,,Solucionado,,,,,AUS1 - AUTOMOTORES,863903,,539459,Baja de póliza,,,,'2021-04-28 13:20:00','2016-11-11 08:43:57','2016-11-11 08:43:57',Resuelto,,
161111-358847,,Incidente importado desde SAC,,Emisión Masivos,Usuario Importador,Telemarketing,,,Solucionado,,,,,AUS1 - AUTOMOTORES,863904,,2856838,Baja de póliza,,,,'2021-04-28 13:20:00','2016-11-11 08:43:57','2016-11-11 08:43:57',Resuelto,,
161111-358851,,Incidente importado desde SAC,,Cac,Usuario Importador,Carta Documento,,,Solucionado,,,,,AUS1 - AUTOMOTORES,863908,,2966192,Imputación de cobranzas - Automático,,,,'2021-04-28 13:20:00','2016-11-11 08:43:57','2016-11-11 08:43:57',Resuelto,,
161111-358853,,Incidente importado desde SAC,,,Usuario Importador,Telemarketing,,,Solucionado,,,,,AUS1 - AUTOMOTORES,863910,,3151577,Cliente para retención,,,,'2021-04-28 13:20:00','2016-11-11 08:43:57','2016-11-11 08:43:57',Atendido,,
161111-358856,,Incidente importado desde SAC,,Inspecciones Autos,Usuario Importador,Telemarketing,,,Solucionado,,,,,AUS1 - AUTOMOTORES,863913,,2105086,Inspección por previa DDJJ,,,,'2021-04-28 13:20:00','2016-11-11 08:43:57','2016-11-11 08:43:57',Resuelto,,
161111-358861,,Incidente importado desde SAC,,Emisión Masivos,Usuario Importador,Especialistas,,,Solucionado,,,,,AUS1 - AUTOMOTORES,863918,,4109465,,,,,'2021-04-28 13:20:00','2016-11-11 08:43:57','2016-11-11 08:43:57',Resuelto,,
161111-358866,,Incidente importado desde SAC,,Cobranzas Automático,Usuario Importador,Carta Documento,,,Solucionado,,,,,AUI1 - AUTOMOTORES INSTITUCIONES,863923,,231188,Baja de póliza,,,,'2021-04-28 13:20:00','2016-11-11 08:43:58','2016-11-11 08:43:58',Resuelto,,
161111-358868,,Incidente importado desde SAC,,Mailing,Usuario Importador,Telemarketing,,,Solucionado,,,,,AUS1 - AUTOMOTORES,863925,,1198616,Certificado de cobertura,,,,'2021-04-28 13:20:00','2016-11-11 08:43:58','2016-11-11 08:43:58',Atendido,,
161111-358873,,Incidente importado desde SAC,,Inspecciones Autos,Usuario Importador,Telemarketing,,,Solucionado,,,,,AUS1 - AUTOMOTORES,863930,,3454748,Inspección por previa DDJJ,,,,'2021-04-28 13:20:00','2016-11-11 08:43:58','2016-11-11 08:43:58',Resuelto,,
161111-358875,,Incidente importado desde SAC,,Robo / Destruccion Total,Usuario Importador,Telemarketing,,,Solucionado,,,,,APL1 - AUTOMOTORES PLANES,863932,,1723315,Destrucción Total,,,,'2021-04-28 13:20:00','2016-11-11 08:43:58','2016-11-11 08:43:58',Resuelto,,
161111-358878,,Incidente importado desde SAC,,Emisión Masivos,Usuario Importador,Comercial,,,Solucionado,,,,,HOM1 - SEGURO DEL HOGAR,863935,,3862077,,,,,'2021-04-28 13:20:00','2016-11-11 08:43:59','2016-11-11 08:43:59',Resuelto,,
161111-358884,,Incidente importado desde SAC,,Telecobranzas,Usuario Importador,Telemarketing,,,Solucionado,,,,,AUS1 - AUTOMOTORES,863941,,3145689,,,,,'2021-04-28 13:20:00','2016-11-11 08:43:59','2016-11-11 08:43:59',Atendido,,
161111-358890,,Incidente importado desde SAC,,Emisión Masivos,Usuario Importador,Telemarketing,,,Solucionado,,,,,AUS1 - AUTOMOTORES,863947,,5521762,Baja de póliza,,,,'2021-04-28 13:20:00','2016-11-11 08:43:59','2016-11-11 08:43:59',Resuelto,,
161111-358894,,Incidente importado desde SAC,,Emisión Masivos,Usuario Importador,Telemarketing,,,Solucionado,,,,,AUS1 - AUTOMOTORES,863951,,6034946,Modificaciones datos del producto,,,,'2021-04-28 13:20:00','2016-11-11 08:43:59','2016-11-11 08:43:59',Resuelto,,
161111-358895,,Incidente importado desde SAC,,Fleet Services,Usuario Importador,Telemarketing,,,Solucionado,,,,,AUT1 - AUTOMOTORES,863952,,4341838,Contacto del tercero,,,,'2021-04-28 13:20:00','2016-11-11 08:44:00','2016-11-11 08:44:00',Resuelto,,
161111-358897,,Incidente importado desde SAC,,Emisión Masivos,Usuario Importador,Telemarketing,,,Solucionado,,,,,AUS1 - AUTOMOTORES,863954,,3859515,,,,,'2021-04-28 13:20:00','2016-11-11 08:44:00','2016-11-11 08:44:00',Resuelto,,
161111-358899,,Incidente importado desde SAC,,Mailing,Usuario Importador,Telemarketing,,,Solucionado,,,,,AUS1 - AUTOMOTORES,863956,,4364449,Ampliación de Cobertura con inspección,,,,'2021-04-28 13:20:00','2016-11-11 08:44:00','2016-11-11 08:44:00',No Procedente,,
161111-358901,,Incidente importado desde SAC,,Emisión Masivos,Usuario Importador,Telemarketing,,,Solucionado,,,,,AUS1 - AUTOMOTORES,863958,,7657129,Propuesta incompleta,,,,'2021-04-28 13:20:00','2016-11-11 08:44:00','2016-11-11 08:44:00',Resuelto,,
161111-358907,,Incidente importado desde SAC,,Emisión Masivos,Usuario Importador,Telemarketing,,,Solucionado,,,,,AUS1 - AUTOMOTORES,863964,,7144252,No califica,,,,'2021-04-28 13:20:00','2016-11-11 08:44:01','2016-11-11 08:44:01',Resuelto,,
161111-358908,,Incidente importado desde SAC,,Emisión Masivos,Usuario Importador,Comercial,,,Solucionado,,,,,AUI1 - AUTOMOTORES INSTITUCIONES,863965,,4816606,No califica,,,,'2021-04-28 13:20:00','2016-11-11 08:44:01','2016-11-11 08:44:01',Resuelto,,
161111-358909,,Incidente importado desde SAC,,Cac,Usuario Importador,Telemarketing,,,Solucionado,,,,,AUI1 - AUTOMOTORES INSTITUCIONES,863966,,5307016,Recotización,,,,'2021-04-28 13:20:00','2016-11-11 08:44:01','2016-11-11 08:44:01',Resuelto,,
161111-358913,,Incidente importado desde SAC,,Cac,Usuario Importador,Telemarketing,,,Solucionado,,,,,APR1 - AUTOMOTORES,863970,,7334145,Ampliación de Cobertura con inspección,,,,'2021-04-28 13:20:00','2016-11-11 08:44:01','2016-11-11 08:44:01',No Procedente,,
161111-358914,,Incidente importado desde SAC,,,Usuario Importador,Telemarketing,,,Solucionado,,,,,AUS1 - AUTOMOTORES,863971,,4471118,Cliente para retención,,,,'2021-04-28 13:20:00','2016-11-11 08:44:01','2016-11-11 08:44:01',Atendido,,
161111-358916,,Incidente importado desde SAC,,Lesiones,Usuario Importador,Telemarketing,,,Solucionado,,,,,AUA1 - AUTOMOTORES CARTERA GENERAL,863973,,7504182,Lesiones,,,,'2021-04-28 13:20:00','2016-11-11 08:44:01','2016-11-11 08:44:01',Resuelto,,
161111-358917,,Incidente importado desde SAC,,Emisión Masivos,Usuario Importador,Canal productor,,,Solucionado,,,,,AUS1 - AUTOMOTORES,863974,,373941,Corrección de propuesta,,,,'2021-04-28 13:20:00','2016-11-11 08:44:01','2016-11-11 08:44:01',Resuelto,,
161111-358918,,Incidente importado desde SAC,,Telecobranzas,Usuario Importador,Telemarketing,,,Solucionado,,,,,AUS1 - AUTOMOTORES,863975,,4781033,Mensaje,,,,'2021-04-28 13:20:00','2016-11-11 08:44:01','2016-11-11 08:44:01',Atendido,,
161111-358920,,Incidente importado desde SAC,,Emisión Masivos,Usuario Importador,Telemarketing,,,Solucionado,,,,,HOM1 - SEGURO DEL HOGAR,863977,,2816085,Alta de póliza con ddjj,,,,'2021-04-28 13:20:00','2016-11-11 08:44:01','2016-11-11 08:44:01',Resuelto,,
161111-358924,,Incidente importado desde SAC,,Emisión Masivos,Usuario Importador,Telemarketing,,,Solucionado,,,,,AUS1 - AUTOMOTORES,863981,,2910911,No califica,,,,'2021-04-28 13:20:00','2016-11-11 08:44:02','2016-11-11 08:44:02',Resuelto,,
161111-358926,,Incidente importado desde SAC,,Emisión Masivos,Usuario Importador,Carta,,,Solucionado,,,,,AUS1 - AUTOMOTORES,863983,,2188128,Baja de póliza,,,,'2021-04-28 13:20:00','2016-11-11 08:44:02','2016-11-11 08:44:02',Resuelto,,
161111-358928,,Incidente importado desde SAC,,Emisión Masivos,Usuario Importador,Telemarketing,,,Solucionado,,,,,AUS1 - AUTOMOTORES,863985,,1363704,8 cuotas con un descuento del 15 %,,,,'2021-04-28 13:20:00','2016-11-11 08:44:02','2016-11-11 08:44:02',Resuelto,,
161111-358930,,Incidente importado desde SAC,,Fleet Services,Usuario Importador,Telemarketing,,,Solucionado,,,,,AUI1 - AUTOMOTORES INSTITUCIONES,863987,,1330611,Contacto del tercero,,,,'2021-04-28 13:20:00','2016-11-11 08:44:02','2016-11-11 08:44:02',Resuelto,,
161111-358936,,Incidente importado desde SAC,,Emisión Masivos,Usuario Importador,Comercial,,,Solucionado,,,,,HOM1 - SEGURO DEL HOGAR,863993,,6674621,,,,,'2021-04-28 13:20:00','2016-11-11 08:44:04','2016-11-11 08:44:04',Resuelto,,
161111-358939,,Incidente importado desde SAC,,Emisión Masivos,Usuario Importador,Telemarketing,,,Solucionado,,,,,AUS1 - AUTOMOTORES,863996,,3753081,Baja de póliza,,,,'2021-04-28 13:20:00','2016-11-11 08:44:04','2016-11-11 08:44:04',Resuelto,,
161111-358940,,Incidente importado desde SAC,,Oficina Mendoza,Usuario Importador,Carta,,,Solucionado,,,,,HOM1 - SEGURO DEL HOGAR,863997,,1159597,Alta de póliza con inspección,,,,'2021-04-28 13:20:00','2016-11-11 08:44:04','2016-11-11 08:44:04',Resuelto,,
161111-358944,,Incidente importado desde SAC,,Mailing,Usuario Importador,Telemarketing,,,Solucionado,,,,,AUS1 - AUTOMOTORES,864001,,287752,Certificado de cobertura,,,,'2021-04-28 13:20:00','2016-11-11 08:44:04','2016-11-11 08:44:04',Resuelto,,
161111-358950,,Incidente importado desde SAC,,Emisión Masivos,Usuario Importador,Telemarketing,,,Solucionado,,,,,AUS1 - AUTOMOTORES,864007,,1932280,Rechazos/ Reducción de cobertura,,,,'2021-04-28 13:20:00','2016-11-11 08:44:06','2016-11-11 08:44:06',Resuelto,,
161111-358951,,Incidente importado desde SAC,,Pago Telefonico,Usuario Importador,Telemarketing,,,Solucionado,,,,,AUS1 - AUTOMOTORES,864008,,3614253,Pago telefónico,,,,'2021-04-28 13:20:00','2016-11-11 08:44:06','2016-11-11 08:44:06',Resuelto,,
161111-358954,,Incidente importado desde SAC,,Cac,Usuario Importador,Telemarketing,,,Solucionado,,,,,HOM1 - SEGURO DEL HOGAR,864011,,2714084,Rehabilitación de póliza sin Inspección,,,,'2021-04-28 13:20:00','2016-11-11 08:44:06','2016-11-11 08:44:06',Resuelto,,
161111-358956,,Incidente importado desde SAC,,Mailing,Usuario Importador,Canal productor,,,Solucionado,,,,,HOM1 - SEGURO DEL HOGAR,864013,,6837310,Certificado de cobertura,,,,'2021-04-28 13:20:00','2016-11-11 08:44:06','2016-11-11 08:44:06',Resuelto,,
161111-358960,,Incidente importado desde SAC,,Inspecciones Autos,Usuario Importador,Telemarketing,,,Solucionado,,,,,AUS1 - AUTOMOTORES,864017,,3866435,Inspección por previa DDJJ,,,,'2021-04-28 13:20:00','2016-11-11 08:44:06','2016-11-11 08:44:06',Resuelto,,
161111-358961,,Incidente importado desde SAC,,Emisión Masivos,Usuario Importador,Telemarketing,,,Solucionado,,,,,AUS1 - AUTOMOTORES,864018,,2739054,Baja de póliza,,,,'2021-04-28 13:20:00','2016-11-11 08:44:06','2016-11-11 08:44:06',Resuelto,,
161111-358964,,Incidente importado desde SAC,,Emisión Masivos,Usuario Importador,Comercial,,,Solucionado,,,,,AUS1 - AUTOMOTORES,864021,,1187001,,,,,'2021-04-28 13:20:00','2016-11-11 08:44:07','2016-11-11 08:44:07',Resuelto,,
161111-358965,,Incidente importado desde SAC,,Cac,Usuario Importador,Telemarketing,,,Solucionado,,,,,APR1 - AUTOMOTORES,864022,,3415619,Ampliación de Cobertura con inspección,,,,'2021-04-28 13:20:00','2016-11-11 08:44:07','2016-11-11 08:44:07',No Procedente,,
161111-358967,,Incidente importado desde SAC,,,Usuario Importador,Telemarketing,,,Solucionado,,,,,AUS1 - AUTOMOTORES,864024,,3558879,Cliente para retención,,,,'2021-04-28 13:20:00','2016-11-11 08:44:07','2016-11-11 08:44:07',Atendido,,
161111-358972,,Incidente importado desde SAC,,Emisión Masivos,Usuario Importador,Comercial,,,Solucionado,,,,,HOM1 - SEGURO DEL HOGAR,864029,,4487712,Modificación datos de hogar sin inspección,,,,'2021-04-28 13:20:00','2016-11-11 08:44:07','2016-11-11 08:44:07',Resuelto,,
161111-358974,,Incidente importado desde SAC,,,Usuario Importador,Telemarketing,,,Solucionado,,,,,AUS1 - AUTOMOTORES,864031,,5992034,Cliente para retención,,,,'2021-04-28 13:20:00','2016-11-11 08:44:07','2016-11-11 08:44:07',Atendido,,
161111-358975,,Incidente importado desde SAC,,Inspecciones Autos,Usuario Importador,Telemarketing,,,Solucionado,,,,,AUS1 - AUTOMOTORES,864032,,2993298,Rechazos/ Reducción de cobertura,,,,'2021-04-28 13:20:00','2016-11-11 08:44:07','2016-11-11 08:44:07',No Procedente,,
161111-358979,,Incidente importado desde SAC,,,Usuario Importador,Telemarketing,,,Solucionado,,,,,AUS1 - AUTOMOTORES,864036,,5114813,Cliente para retención,,,,'2021-04-28 13:20:00','2016-11-11 08:44:08','2016-11-11 08:44:08',Atendido,,
161111-358980,,Incidente importado desde SAC,,Emisión Masivos,Usuario Importador,Especialistas,,,Solucionado,,,,,AUS1 - AUTOMOTORES,864037,,5272732,Modificación medio de pago,,,,'2021-04-28 13:20:00','2016-11-11 08:44:08','2016-11-11 08:44:08',Resuelto,,
161111-358981,,Incidente importado desde SAC,,Emisión Masivos,Usuario Importador,Telemarketing,,,Solucionado,,,,,HOM1 - SEGURO DEL HOGAR,864038,,5528712,No califica,,,,'2021-04-28 13:20:00','2016-11-11 08:44:08','2016-11-11 08:44:08',Resuelto,,
161111-358982,,Incidente importado desde SAC,,Cobranzas Automático,Usuario Importador,Comercial,,,Solucionado,,,,,ATD1 - ROBO/USUAR.T.DEB-CRE,864039,,534681,No califica,,,,'2021-04-28 13:20:00','2016-11-11 08:44:08','2016-11-11 08:44:08',Resuelto,,
161111-358983,,Incidente importado desde SAC,,Oficina Cordoba,Usuario Importador,Telemarketing,,,Solucionado,,,,,APR1 - AUTOMOTORES,864040,,7312284,Denuncia daños materiales,,,,'2021-04-28 13:20:00','2016-11-11 08:44:08','2016-11-11 08:44:08',Resuelto,,
161111-358986,,Incidente importado desde SAC,,Fleet Services,Usuario Importador,Telemarketing,,,Solucionado,,,,,AUT1 - AUTOMOTORES,864043,,4565273,Contacto del tercero,,,,'2021-04-28 13:20:00','2016-11-11 08:44:08','2016-11-11 08:44:08',Resuelto,,
161111-358987,,Incidente importado desde SAC,,Inspecciones Autos,Usuario Importador,Telemarketing,,,Solucionado,,,,,AUS1 - AUTOMOTORES,864044,,5717794,Inspección por previa DDJJ,,,,'2021-04-28 13:20:00','2016-11-11 08:44:08','2016-11-11 08:44:08',Resuelto,,
161111-358990,,Incidente importado desde SAC,,Emisión Masivos,Usuario Importador,Telemarketing,,,Solucionado,,,,,HOM1 - SEGURO DEL HOGAR,864047,,593183,Baja de póliza,,,,'2021-04-28 13:20:00','2016-11-11 08:44:09','2016-11-11 08:44:09',Resuelto,,
161111-358991,,Incidente importado desde SAC,,Mailing,Usuario Importador,Telemarketing,,,Solucionado,,,,,AUS1 - AUTOMOTORES,864048,,6179440,Certificado de cobertura,,,,'2021-04-28 13:20:00','2016-11-11 08:44:09','2016-11-11 08:44:09',Atendido,,
161111-358997,,Incidente importado desde SAC,,Fleet Services,Usuario Importador,Telemarketing,,,Solucionado,,,,,AUS1 - AUTOMOTORES,864054,,3822032,Contacto del tercero,,,,'2021-04-28 13:20:00','2016-11-11 08:44:10','2016-11-11 08:44:10',Resuelto,,
161111-359002,,Incidente importado desde SAC,,,Usuario Importador,Telemarketing,,,Solucionado,,,,,AUS1 - AUTOMOTORES,864058,,4662332,Cliente para retención,,,,'2021-04-28 13:20:00','2016-11-11 08:44:10','2016-11-11 08:44:10',Atendido,,
161111-359009,,Incidente importado desde SAC,,,Usuario Importador,Telemarketing,,,Solucionado,,,,,AUS1 - AUTOMOTORES,864064,,5098937,Cliente para retención,,,,'2021-04-28 13:20:00','2016-11-11 08:44:12','2016-11-11 08:44:12',Atendido,,
161111-359014,,Incidente importado desde SAC,,Daños Materiales Autos,Usuario Importador,Telemarketing,,,Solucionado,,,,,AUT1 - AUTOMOTORES,864069,,3091270,Daños materiales Casa Central,,,,'2021-04-28 13:20:00','2016-11-11 08:44:12','2016-11-11 08:44:12',Resuelto,,
161111-359016,,Incidente importado desde SAC,,Inspecciones Autos,Usuario Importador,Telemarketing,,,Solucionado,,,,,AUS1 - AUTOMOTORES,864071,,3426981,Inspección por previa DDJJ,,,,'2021-04-28 13:20:00','2016-11-11 08:44:12','2016-11-11 08:44:12',Resuelto,,
161111-359018,,Incidente importado desde SAC,,Emisión Masivos,Usuario Importador,Telemarketing,,,Solucionado,,,,,HOM1 - SEGURO DEL HOGAR,864073,,4021085,Corrección de propuesta,,,,'2021-04-28 13:20:00','2016-11-11 08:44:13','2016-11-11 08:44:13',Resuelto,,
161111-359019,,Incidente importado desde SAC,,Emisión Masivos,Usuario Importador,Carta Documento,,,Solucionado,,,,,APR1 - AUTOMOTORES,864074,,4767546,Modificación datos personales,,,,'2021-04-28 13:20:00','2016-11-11 08:44:13','2016-11-11 08:44:13',Resuelto,,
161111-359025,,Incidente importado desde SAC,,Fleet Services,Usuario Importador,Telemarketing,,,Solucionado,,,,,AUS1 - AUTOMOTORES,864080,,5072330,Contacto del tercero,,,,'2021-04-28 13:20:00','2016-11-11 08:44:13','2016-11-11 08:44:13',Resuelto,,
161111-359028,,Incidente importado desde SAC,,Emisión Masivos,Usuario Importador,Telemarketing,,,Solucionado,,,,,AUS1 - AUTOMOTORES,864083,,3023365,No califica,,,,'2021-04-28 13:20:00','2016-11-11 08:44:13','2016-11-11 08:44:13',Resuelto,,
161111-359029,,Incidente importado desde SAC,,Emisión Masivos,Usuario Importador,Telemarketing,,,Solucionado,,,,,AUS1 - AUTOMOTORES,864084,,1191535,Baja de póliza,,,,'2021-04-28 13:20:00','2016-11-11 08:44:13','2016-11-11 08:44:13',Resuelto,,
161111-359031,,Incidente importado desde SAC,,Emisión Masivos,Usuario Importador,Telemarketing,,,Solucionado,,,,,AUS1 - AUTOMOTORES,864086,,3044259,4 cuotas con un descuento del 25 %,,,,'2021-04-28 13:20:00','2016-11-11 08:44:14','2016-11-11 08:44:14',Resuelto,,
161111-359036,,Incidente importado desde SAC,,Emisión Masivos,Usuario Importador,Telemarketing,,,Solucionado,,,,,AUS1 - AUTOMOTORES,864091,,3634227,4 cuotas con un descuento del 25 %,,,,'2021-04-28 13:20:00','2016-11-11 08:44:14','2016-11-11 08:44:14',Resuelto,,
161111-359038,,Incidente importado desde SAC,,Emisión Masivos,Usuario Importador,Carta,,,Solucionado,,,,,AUS1 - AUTOMOTORES,864093,,4871791,Baja de póliza,,,,'2021-04-28 13:20:00','2016-11-11 08:44:14','2016-11-11 08:44:14',Resuelto,,
161111-359044,,Incidente importado desde SAC,,Emisión Masivos,Usuario Importador,Telemarketing,,,Solucionado,,,,,AUS1 - AUTOMOTORES,864099,,2252665,Bonificación,,,,'2021-04-28 13:20:00','2016-11-11 08:44:15','2016-11-11 08:44:15',Resuelto,,
161111-359046,,Incidente importado desde SAC,,Emisión Masivos,Usuario Importador,Telemarketing,,,Solucionado,,,,,AUS1 - AUTOMOTORES,864101,,884772,Baja de póliza,,,,'2021-04-28 13:20:00','2016-11-11 08:44:15','2016-11-11 08:44:15',Resuelto,,
161111-359048,,Incidente importado desde SAC,,Drive in Ciudadela,Usuario Importador,Carta Documento,,,Solucionado,,,,,AUS1 - AUTOMOTORES,864103,,7100850,Daños materiales drive in Ciudadela,,,,'2021-04-28 13:20:00','2016-11-11 08:44:15','2016-11-11 08:44:15',No Procedente,,
161111-359053,,Incidente importado desde SAC,,Oficina Mendoza,Usuario Importador,Telemarketing,,,Solucionado,,,,,AUS1 - AUTOMOTORES,864108,,3486167,Daños materiales Mendoza,,,,'2021-04-28 13:20:00','2016-11-11 08:44:16','2016-11-11 08:44:16',Resuelto,,
161111-359054,,Incidente importado desde SAC,,Emisión Masivos,Usuario Importador,Comercial,,,Solucionado,,,,,AUS1 - AUTOMOTORES,864109,,3638903,Cambio de campaña,,,,'2021-04-28 13:20:00','2016-11-11 08:44:16','2016-11-11 08:44:16',Resuelto,,
161111-359057,,Incidente importado desde SAC,,,Usuario Importador,Telemarketing,,,Solucionado,,,,,AUS1 - AUTOMOTORES,864112,,3485028,Cliente para retención,,,,'2021-04-28 13:20:00','2016-11-11 08:44:16','2016-11-11 08:44:16',Atendido,,
161111-359058,,Incidente importado desde SAC,,Inspecciones Autos,Usuario Importador,Telemarketing,,,Solucionado,,,,,AUS1 - AUTOMOTORES,864113,,5133538,Inspección por previa DDJJ,,,,'2021-04-28 13:20:00','2016-11-11 08:44:17','2016-11-11 08:44:17',Resuelto,,
161111-359061,,Incidente importado desde SAC,,Emisión Masivos,Usuario Importador,Especialistas,,,Solucionado,,,,,AUS1 - AUTOMOTORES,864116,,510536,Baja de póliza,,,,'2021-04-28 13:20:00','2016-11-11 08:44:18','2016-11-11 08:44:18',Resuelto,,
161111-359063,,Incidente importado desde SAC,,Daños Materiales Interior Sur,Usuario Importador,Telemarketing,,,Solucionado,,,,,AUT1 - AUTOMOTORES,864118,,1417300,Daños materiales Interior Sur,,,,'2021-04-28 13:20:00','2016-11-11 08:44:19','2016-11-11 08:44:19',Resuelto,,
161111-359064,,Incidente importado desde SAC,,Mailing,Usuario Importador,Carta Documento,,,Solucionado,,,,,APR1 - AUTOMOTORES,864119,,3426041,Certificado de cobertura,,,,'2021-04-28 13:20:00','2016-11-11 08:44:19','2016-11-11 08:44:19',Resuelto,,
161111-359071,,Incidente importado desde SAC,,Emisión Masivos,Usuario Importador,Telemarketing,,,Solucionado,,,,,HOM1 - SEGURO DEL HOGAR,864126,,2769053,,,,,'2021-04-28 13:20:00','2016-11-11 08:44:20','2016-11-11 08:44:20',Resuelto,,
161111-359074,,Incidente importado desde SAC,,Lesiones,Usuario Importador,Telemarketing,,,Solucionado,,,,,AUA1 - AUTOMOTORES CARTERA GENERAL,864129,,3426190,Lesiones,,,,'2021-04-28 13:20:00','2016-11-11 08:44:21','2016-11-11 08:44:21',Resuelto,,
161111-359080,,Incidente importado desde SAC,,Cac,Usuario Importador,Telemarketing,,,Solucionado,,,,,AUS1 - AUTOMOTORES,864136,,7106254,Modificación de canal de cobro por única vez,,,,'2021-04-28 13:20:00','2016-11-11 08:44:22','2016-11-11 08:44:22',Resuelto,,
161111-359085,,Incidente importado desde SAC,,Mailing,Usuario Importador,Telemarketing,,,Solucionado,,,,,APR1 - AUTOMOTORES,864141,,3480937,Certificado de cobertura,,,,'2021-04-28 13:20:00','2016-11-11 08:44:22','2016-11-11 08:44:22',Resuelto,,
161111-359087,,Incidente importado desde SAC,,Emisión Masivos,Usuario Importador,Telemarketing,,,Solucionado,,,,,AUS1 - AUTOMOTORES,864143,,5190157,Venta,,,,'2021-04-28 13:20:00','2016-11-11 08:44:22','2016-11-11 08:44:22',Resuelto,,
161111-359088,,Incidente importado desde SAC,,Gerencia Clientes,Usuario Importador,Carta Documento,,,Solucionado,,,,,AUS1 - AUTOMOTORES,864144,,3416612,Baja de póliza,,,,'2021-04-28 13:20:00','2016-11-11 08:44:23','2016-11-11 08:44:23',Resuelto,,
161111-359089,,Incidente importado desde SAC,,,Usuario Importador,Telemarketing,,,Solucionado,,,,,AUS1 - AUTOMOTORES,864145,,6553959,Cliente para retención,,,,'2021-04-28 13:20:00','2016-11-11 08:44:23','2016-11-11 08:44:23',Atendido,,
161111-359092,,Incidente importado desde SAC,,Emisión Masivos,Usuario Importador,Telemarketing,,,Solucionado,,,,,AUS1 - AUTOMOTORES,864148,,6220270,Rechazos/ Reducción de cobertura,,,,'2021-04-28 13:20:00','2016-11-11 08:44:23','2016-11-11 08:44:23',Resuelto,,
161111-359095,,Incidente importado desde SAC,,Emisión Masivos,Usuario Importador,Telemarketing,,,Solucionado,,,,,AUS1 - AUTOMOTORES,864151,,5123665,Baja de póliza,,,,'2021-04-28 13:20:00','2016-11-11 08:44:23','2016-11-11 08:44:23',Resuelto,,
161111-359096,,Incidente importado desde SAC,,Emisión Masivos,Usuario Importador,Telemarketing,,,Solucionado,,,,,AUS1 - AUTOMOTORES,864152,,6451660,Baja de póliza,,,,'2021-04-28 13:20:00','2016-11-11 08:44:23','2016-11-11 08:44:23',Resuelto,,
161111-359097,,Incidente importado desde SAC,,Cac,Usuario Importador,Telemarketing,,,Solucionado,,,,,HOM1 - SEGURO DEL HOGAR,864153,,1735473,No califica,,,,'2021-04-28 13:20:00','2016-11-11 08:44:23','2016-11-11 08:44:23',No Procedente,,
161111-359098,,Incidente importado desde SAC,,Inspecciones Autos,Usuario Importador,Telemarketing,,,Solucionado,,,,,AUS1 - AUTOMOTORES,864154,,2769053,Inspección por previa DDJJ,,,,'2021-04-28 13:20:00','2016-11-11 08:44:23','2016-11-11 08:44:23',Resuelto,,
161111-359103,,Incidente importado desde SAC,,Cac,Usuario Importador,Telemarketing,,,Solucionado,,,,,APL1 - AUTOMOTORES PLANES,864159,,6860319,Instalación de dispositivo de rastreo,,,,'2021-04-28 13:20:00','2016-11-11 08:44:24','2016-11-11 08:44:24',Anulado,,
161111-359105,,Incidente importado desde SAC,,Emisión Masivos,Usuario Importador,Telemarketing,,,Solucionado,,,,,AUS1 - AUTOMOTORES,864161,,4062005,4 cuotas con un descuento del 25 %,,,,'2021-04-28 13:20:00','2016-11-11 08:44:24','2016-11-11 08:44:24',Resuelto,,
161111-359111,,Incidente importado desde SAC,,Mailing,Usuario Importador,Carta Documento,,,Solucionado,,,,,APL1 - AUTOMOTORES PLANES,864167,,3390323,Certificado de cobertura,,,,'2021-04-28 13:20:00','2016-11-11 08:44:24','2016-11-11 08:44:24',Resuelto,,
161111-359112,,Incidente importado desde SAC,,Fleet Services,Usuario Importador,Telemarketing,,,Solucionado,,,,,AUT1 - AUTOMOTORES,864168,,5863914,Contacto del tercero,,,,'2021-04-28 13:20:00','2016-11-11 08:44:24','2016-11-11 08:44:24',Resuelto,,
161111-359115,,Incidente importado desde SAC,,Mailing,Usuario Importador,Telemarketing,,,Solucionado,,,,,AUS1 - AUTOMOTORES,864171,,5369621,Certificado de cobertura,,,,'2021-04-28 13:20:00','2016-11-11 08:44:25','2016-11-11 08:44:25',Atendido,,
161111-359120,,Incidente importado desde SAC,,Pago Telefonico,Usuario Importador,Telemarketing,,,Solucionado,,,,,AUS1 - AUTOMOTORES,864176,,5551210,Pago telefónico,,,,'2021-04-28 13:20:00','2016-11-11 08:44:25','2016-11-11 08:44:25',Resuelto,,
161111-359122,,Incidente importado desde SAC,,Cac,Usuario Importador,Telemarketing,,,Solucionado,,,,,HOM1 - SEGURO DEL HOGAR,864178,,7309047,Endosos CAC,,,,'2021-04-28 13:20:00','2016-11-11 08:44:25','2016-11-11 08:44:25',Anulado,,
161111-359127,,Incidente importado desde SAC,,Emisión Masivos,Usuario Importador,Telemarketing,,,Solucionado,,,,,AUS1 - AUTOMOTORES,864183,,3112298,Baja de póliza,,,,'2021-04-28 13:20:00','2016-11-11 08:44:26','2016-11-11 08:44:26',Resuelto,,
161111-359128,,Incidente importado desde SAC,,Mailing,Usuario Importador,Canal productor,,,Solucionado,,,,,CON1 - INTEGRAL CONSORCIO,864184,,1430350,Certificado de cobertura,,,,'2021-04-28 13:20:00','2016-11-11 08:44:26','2016-11-11 08:44:26',Resuelto,,
161111-355218,,Respuesta automática: AVISO IMPORTANTE,Clientes,Telecobranzas,,E-Mail,,Consulta,Solucionado,,,30974,,AUS1 - AUTOMOTORES,860281,,7305779,Reenvío al cobro,,,,'2016-11-24 09:14:19','2016-11-11 08:38:41','2016-11-24 09:14:19',Resuelto,,
161111-355236,,AVISO IMPORTANTE,Clientes,Telecobranzas,,E-Mail,,Consulta,Solucionado,,,2989,,AUS1 - AUTOMOTORES,860298,,7192259,Reenvío al cobro,,,,'2016-11-23 09:35:20','2016-11-11 08:38:44','2016-11-23 09:28:08',Atendido,,
161111-359125,,Incidente importado desde SAC,,Cac,Usuario Importador,Carta Documento,,Consulta,Solucionado,,,,,AUS1 - AUTOMOTORES,864181,,3255253,Certificado de cobertura,,,,'2016-11-11 08:44:26','2016-11-11 08:44:26','2016-11-11 08:44:26',Atendido,,
161111-359119,,Incidente importado desde SAC,,Suscripción AutoScoring,Usuario Importador,Telemarketing,,Disconformidad,Solucionado,,,,,APL1 - AUTOMOTORES PLANES,864175,,6310328,Aumento de precio,,,,'2016-11-11 08:44:25','2016-11-11 08:44:25','2016-11-11 08:44:25',Atendido,,
161111-359123,,Incidente importado desde SAC,,Cac,Usuario Importador,Telemarketing,,Consulta,Solucionado,,,,,HOM1 - SEGURO DEL HOGAR,864179,,3392595,Post - Denuncia,,,,'2016-11-11 08:44:25','2016-11-11 08:44:25','2016-11-11 08:44:25',Atendido,,
161111-359101,,Incidente importado desde SAC,,Emisión Masivos,Usuario Importador,Telemarketing,,Consulta,Solucionado,,,,,AUS1 - AUTOMOTORES,864157,,3637443,Baja de póliza,,,,'2016-11-11 08:44:24','2016-11-11 08:44:24','2016-11-11 08:44:24',Atendido,,
161111-359102,,Incidente importado desde SAC,,Gerencia Clientes,Usuario Importador,Telemarketing,,Consulta,Solucionado,,,,,AUA1 - AUTOMOTORES CARTERA GENERAL,864158,,2408406,Certificado de cobertura,,,,'2016-11-11 08:44:24','2016-11-11 08:44:24','2016-11-11 08:44:24',Atendido,,
161111-359106,,Incidente importado desde SAC,,Cac,Usuario Importador,Telemarketing,,Consulta,Solucionado,,,,,AUS1 - AUTOMOTORES,864162,,5334525,Post - Denuncia,,,,'2016-11-11 08:44:24','2016-11-11 08:44:24','2016-11-11 08:44:24',Atendido,,
161111-359107,,Incidente importado desde SAC,,Cac,Usuario Importador,Carta Documento,,Consulta,Solucionado,,,,,AUS1 - AUTOMOTORES,864163,,3798529,Imputación de cobranzas - Automático,,,,'2016-11-11 08:44:24','2016-11-11 08:44:24','2016-11-11 08:44:24',Atendido,,
161111-359110,,Incidente importado desde SAC,,Cac,Usuario Importador,Telemarketing,,Consulta,Solucionado,,,,,APR1 - AUTOMOTORES,864166,,4204383,Modificaciones datos del producto,,,,'2016-11-11 08:44:24','2016-11-11 08:44:24','2016-11-11 08:44:24',Atendido,,
161111-359113,,Incidente importado desde SAC,,Cac,Usuario Importador,Telemarketing,,Consulta,Solucionado,,,,,APR1 - AUTOMOTORES,864169,,3727945,Post - Denuncia,,,,'2016-11-11 08:44:24','2016-11-11 08:44:24','2016-11-11 08:44:24',Atendido,,
161111-359093,,Incidente importado desde SAC,,Cac,Usuario Importador,Carta Documento,,Consulta,Solucionado,,,,,AUS1 - AUTOMOTORES,864149,,7825613,Reducción de cobertura,,,,'2016-11-11 08:44:23','2016-11-11 08:44:23','2016-11-11 08:44:23',Atendido,,
161111-359094,,Incidente importado desde SAC,,Cac,Usuario Importador,Telemarketing,,Consulta,Solucionado,,,,,AUS1 - AUTOMOTORES,864150,,6537158,Facturación,,,,'2016-11-11 08:44:23','2016-11-11 08:44:23','2016-11-11 08:44:23',Atendido,,
161111-359100,,Incidente importado desde SAC,,Cac,Usuario Importador,Telemarketing,,Consulta,Solucionado,,,,,AUS1 - AUTOMOTORES,864156,,6006276,Facturación,,,,'2016-11-11 08:44:23','2016-11-11 08:44:23','2016-11-11 08:44:23',Atendido,,
161111-358779,,,,Cac,Daniela Simari,Llamada entrante,,Consulta,Solucionado,,,36270,,ICO1 - INTEGR.COMERCIO,864133,,2941306,Condiciones de póliza,,,,'2016-11-11 08:44:22','2016-11-11 08:44:22','2016-11-11 08:44:22',Atendido,,
161111-359082,,Incidente importado desde SAC,,Cac,Usuario Importador,Telemarketing,,Consulta,Solucionado,,,,,APR1 - AUTOMOTORES,864138,,4292455,Modificaciones datos del producto,,,,'2016-11-11 08:44:22','2016-11-11 08:44:22','2016-11-11 08:44:22',Atendido,,
161111-359086,,Incidente importado desde SAC,,Mailing,Usuario Importador,Telemarketing,,Reclamo,Solucionado,,,,,HOM1 - SEGURO DEL HOGAR,864142,,1755811,Certificado de cobertura,,,,'2016-11-11 08:44:22','2016-11-11 08:44:22','2016-11-11 08:44:22',Resuelto,,
161111-359072,,Incidente importado desde SAC,,Cac,Usuario Importador,Telemarketing,,Consulta,Solucionado,,,,,AUS1 - AUTOMOTORES,864127,,3970512,Post - Denuncia,,,,'2016-11-11 08:44:21','2016-11-11 08:44:21','2016-11-11 08:44:21',Atendido,,
161111-359073,,Incidente importado desde SAC,,Cac,Usuario Importador,Telemarketing,,Consulta,Solucionado,,,,,AUS1 - AUTOMOTORES,864128,,6202947,Facturación,,,,'2016-11-11 08:44:21','2016-11-11 08:44:21','2016-11-11 08:44:21',Atendido,,
161111-359078,,Incidente importado desde SAC,,Gerencia Clientes,Usuario Importador,Telemarketing,,Reclamo,Solucionado,,,,,HOM1 - SEGURO DEL HOGAR,864134,,501491,Venta con anomalías,,,,'2016-11-11 08:44:21','2016-11-11 08:44:21','2016-11-11 08:44:21',Resuelto,,
161111-359067,,Incidente importado desde SAC,,Cac,Usuario Importador,Carta Documento,,Consulta,Solucionado,,,,,AUS1 - AUTOMOTORES,864122,,382185,Facturación,,,,'2016-11-11 08:44:20','2016-11-11 08:44:20','2016-11-11 08:44:20',Atendido,,
161111-359070,,Incidente importado desde SAC,,Cac,Usuario Importador,Telemarketing,,Consulta,Solucionado,,,,,AUS1 - AUTOMOTORES,864125,,4330368,Facturación,,,,'2016-11-11 08:44:20','2016-11-11 08:44:20','2016-11-11 08:44:20',Atendido,,
161111-359065,,Incidente importado desde SAC,,Cac,Usuario Importador,Telemarketing,,Consulta,Solucionado,,,,,AUS1 - AUTOMOTORES,864120,,1375074,Facturación,,,,'2016-11-11 08:44:19','2016-11-11 08:44:19','2016-11-11 08:44:19',Atendido,,
161111-359062,,Incidente importado desde SAC,,Cac,Usuario Importador,Telemarketing,,Consulta,Solucionado,,,,,APR1 - AUTOMOTORES,864117,,3207768,Denuncia daños materiales,,,,'2016-11-11 08:44:18','2016-11-11 08:44:18','2016-11-11 08:44:18',Atendido,,
161111-359040,,Incidente importado desde SAC,,Cac,Usuario Importador,Telemarketing,,Consulta,Solucionado,,,,,AUS1 - AUTOMOTORES,864095,,2600634,Facturación,,,,'2016-11-11 08:44:15','2016-11-11 08:44:15','2016-11-11 08:44:15',Atendido,,
161111-359045,,Incidente importado desde SAC,,Cac,Usuario Importador,Telemarketing,,Consulta,Solucionado,,,,,APR1 - AUTOMOTORES,864100,,3389847,Facturación,,,,'2016-11-11 08:44:15','2016-11-11 08:44:15','2016-11-11 08:44:15',Atendido,,
161111-359032,,Incidente importado desde SAC,,Cac,Usuario Importador,Telemarketing,,Consulta,Solucionado,,,,,AUS1 - AUTOMOTORES,864087,,3004257,Facturación,,,,'2016-11-11 08:44:14','2016-11-11 08:44:14','2016-11-11 08:44:14',Atendido,,
161111-359034,,Incidente importado desde SAC,,Cac,Usuario Importador,Carta Documento,,Consulta,Solucionado,,,,,AUS1 - AUTOMOTORES,864089,,3520098,Facturación,,,,'2016-11-11 08:44:14','2016-11-11 08:44:14','2016-11-11 08:44:14',Atendido,,
161111-359035,,Incidente importado desde SAC,,Cac,Usuario Importador,Telemarketing,,Consulta,Solucionado,,,,,AUS1 - AUTOMOTORES,864090,,1283615,Facturación,,,,'2016-11-11 08:44:14','2016-11-11 08:44:14','2016-11-11 08:44:14',Atendido,,
161111-359021,,Incidente importado desde SAC,,Cac,Usuario Importador,Telemarketing,,Consulta,Solucionado,,,,,APR1 - AUTOMOTORES,864076,,3330808,Certificado de cobertura,,,,'2016-11-11 08:44:13','2016-11-11 08:44:13','2016-11-11 08:44:13',Atendido,,
161111-359022,,Incidente importado desde SAC,,Cac,Usuario Importador,Carta Documento,,Consulta,Solucionado,,,,,HOM1 - SEGURO DEL HOGAR,864077,,1942756,Facturación,,,,'2016-11-11 08:44:13','2016-11-11 08:44:13','2016-11-11 08:44:13',Atendido,,
161111-359010,,Incidente importado desde SAC,,Cac,Usuario Importador,Telemarketing,,Consulta,Solucionado,,,,,APR1 - AUTOMOTORES,864065,,5314668,Modificaciones datos del producto,,,,'2016-11-11 08:44:12','2016-11-11 08:44:12','2016-11-11 08:44:12',Atendido,,
161111-359011,,Incidente importado desde SAC,,Cac,Usuario Importador,Telemarketing,,Consulta,Solucionado,,,,,HOM1 - SEGURO DEL HOGAR,864066,,3508137,Modificación datos personales,,,,'2016-11-11 08:44:12','2016-11-11 08:44:12','2016-11-11 08:44:12',Atendido,,
161111-359013,,Incidente importado desde SAC,,Cac,Usuario Importador,Telemarketing,,Consulta,Solucionado,,,,,AUS1 - AUTOMOTORES,864068,,135661,Post - Denuncia,,,,'2016-11-11 08:44:12','2016-11-11 08:44:12','2016-11-11 08:44:12',Atendido,,
161111-359015,,Incidente importado desde SAC,,Cac,Usuario Importador,Telemarketing,,Consulta,Solucionado,,,,,EGE1 - EXT.GARANTIA ELECTRO,864070,,7842435,Atenc. Serv. Tecn (Stro ext. de gtías),,,,'2016-11-11 08:44:12','2016-11-11 08:44:12','2016-11-11 08:44:12',Atendido,,
161111-359017,,Incidente importado desde SAC,,Drive in Libertador,Usuario Importador,Carta Documento,,Consulta,Solucionado,,,,,AUT1 - AUTOMOTORES,864072,,2884803,Siniestro Jet,,,,'2016-11-11 08:44:12','2016-11-11 08:44:12','2016-11-11 08:44:12',Resuelto,,
161111-358995,,Incidente importado desde SAC,,Cac,Usuario Importador,Telemarketing,,Consulta,Solucionado,,,,,HOM1 - SEGURO DEL HOGAR,864052,,6934982,Post - Denuncia,,,,'2016-11-11 08:44:10','2016-11-11 08:44:10','2016-11-11 08:44:10',Atendido,,
161111-358996,,Incidente importado desde SAC,,Cac,Usuario Importador,Carta Documento,,Consulta,Solucionado,,,,,APR1 - AUTOMOTORES,864053,,3392515,Certificado de cobertura,,,,'2016-11-11 08:44:10','2016-11-11 08:44:10','2016-11-11 08:44:10',Atendido,,
161111-358998,,Incidente importado desde SAC,,Cac,Usuario Importador,Telemarketing,,Consulta,Solucionado,,,,,AUT1 - AUTOMOTORES,864055,,4802263,Denuncia daños materiales,,,,'2016-11-11 08:44:10','2016-11-11 08:44:10','2016-11-11 08:44:10',Atendido,,
161111-359001,,Incidente importado desde SAC,,Gerencia Clientes,Usuario Importador,Carta Documento,,Consulta,Solucionado,,,,,AUA1 - AUTOMOTORES CARTERA GENERAL,864057,,1848920,Certificado de cobertura,,,,'2016-11-11 08:44:10','2016-11-11 08:44:10','2016-11-11 08:44:10',Atendido,,
161111-358993,,Incidente importado desde SAC,,Cac,Usuario Importador,Telemarketing,,Consulta,Solucionado,,,,,AUS1 - AUTOMOTORES,864050,,1071418,Servicio de grúa,,,,'2016-11-11 08:44:09','2016-11-11 08:44:09','2016-11-11 08:44:09',Atendido,,
161111-358966,,Incidente importado desde SAC,,Cac,Usuario Importador,Telemarketing,,Consulta,Solucionado,,,,,HOM1 - SEGURO DEL HOGAR,864023,,901511,Facturación,,,,'2016-11-11 08:44:07','2016-11-11 08:44:07','2016-11-11 08:44:07',Atendido,,
161111-358970,,Incidente importado desde SAC,,Cac,Usuario Importador,Carta Documento,,Consulta,Solucionado,,,,,AUS1 - AUTOMOTORES,864027,,5322601,Certificado de cobertura,,,,'2016-11-11 08:44:07','2016-11-11 08:44:07','2016-11-11 08:44:07',Atendido,,
161111-358971,,Incidente importado desde SAC,,Cac,Usuario Importador,Carta Documento,,Consulta,Solucionado,,,,,AUI1 - AUTOMOTORES INSTITUCIONES,864028,,2019828,Certificado de cobertura,,,,'2016-11-11 08:44:07','2016-11-11 08:44:07','2016-11-11 08:44:07',Atendido,,
161111-358976,,Incidente importado desde SAC,,Cac,Usuario Importador,Telemarketing,,Consulta,Solucionado,,,,,HOM1 - SEGURO DEL HOGAR,864033,,2204190,Denuncia Riesgos Varios,,,,'2016-11-11 08:44:07','2016-11-11 08:44:07','2016-11-11 08:44:07',Atendido,,
161111-358977,,Incidente importado desde SAC,,Cac,Usuario Importador,Carta Documento,,Consulta,Solucionado,,,,,ATD1 - ROBO/USUAR.T.DEB-CRE,864034,,594853,Baja de póliza,,,,'2016-11-11 08:44:07','2016-11-11 08:44:07','2016-11-11 08:44:07',Atendido,,
161111-358978,,Incidente importado desde SAC,,Cac,Usuario Importador,Carta Documento,,Consulta,Solucionado,,,,,AUS1 - AUTOMOTORES,864035,,5315142,Inspección por previa,,,,'2016-11-11 08:44:07','2016-11-11 08:44:07','2016-11-11 08:44:07',Atendido,,
161111-358952,,Incidente importado desde SAC,,Cleas,Usuario Importador,Carta,,Consulta,Solucionado,,,,,AUT1 - AUTOMOTORES,864009,,3366414,Siniestro Jet,,,,'2016-11-11 08:44:06','2016-11-11 08:44:06','2016-11-11 08:44:06',Resuelto,,
161111-358955,,Incidente importado desde SAC,,Cac,Usuario Importador,Telemarketing,,Consulta,Solucionado,,,,,HOM1 - SEGURO DEL HOGAR,864012,,4093513,Denuncia Riesgos Varios,,,,'2016-11-11 08:44:06','2016-11-11 08:44:06','2016-11-11 08:44:06',Atendido,,
161111-358947,,Incidente importado desde SAC,,Cac,Usuario Importador,Carta Documento,,Consulta,Solucionado,,,,,AUI1 - AUTOMOTORES INSTITUCIONES,864004,,5331677,Facturación,,,,'2016-11-11 08:44:05','2016-11-11 08:44:05','2016-11-11 08:44:05',Atendido,,
161111-358949,,Incidente importado desde SAC,,Cac,Usuario Importador,Telemarketing,,Consulta,Solucionado,,,,,AUS1 - AUTOMOTORES,864006,,1855792,Post - Denuncia,,,,'2016-11-11 08:44:05','2016-11-11 08:44:05','2016-11-11 08:44:05',Atendido,,
161111-358938,,Incidente importado desde SAC,,Fleet Services,Usuario Importador,Telemarketing,,Consulta,Solucionado,,,,,APL1 - AUTOMOTORES PLANES,863995,,3637079,Contacto del tercero,,,,'2016-11-11 08:44:04','2016-11-11 08:44:04','2016-11-11 08:44:04',Atendido,,
161111-358941,,Incidente importado desde SAC,,Cac,Usuario Importador,Carta Documento,,Consulta,Solucionado,,,,,AUS1 - AUTOMOTORES,863998,,6479996,Inspección por previa,,,,'2016-11-11 08:44:04','2016-11-11 08:44:04','2016-11-11 08:44:04',Atendido,,
161111-358943,,Incidente importado desde SAC,,Cac,Usuario Importador,Telemarketing,,Consulta,Solucionado,,,,,AUS1 - AUTOMOTORES,864000,,2377634,Facturación,,,,'2016-11-11 08:44:04','2016-11-11 08:44:04','2016-11-11 08:44:04',Atendido,,
161111-358931,,Incidente importado desde SAC,,Cac,Usuario Importador,Carta Documento,,Consulta,Solucionado,,,,,AUS1 - AUTOMOTORES,863988,,1015612,Certificado de cobertura,,,,'2016-11-11 08:44:03','2016-11-11 08:44:03','2016-11-11 08:44:03',Atendido,,
161111-358932,,Incidente importado desde SAC,,Fleet Services,Usuario Importador,Telemarketing,,Consulta,Solucionado,,,,,AUA1 - AUTOMOTORES CARTERA GENERAL,863989,,1054769,Contacto del tercero,,,,'2016-11-11 08:44:03','2016-11-11 08:44:03','2016-11-11 08:44:03',Atendido,,
161111-358935,,Incidente importado desde SAC,,Cac,Usuario Importador,Telemarketing,,Consulta,Solucionado,,,,,AUS1 - AUTOMOTORES,863992,,4580381,Facturación,,,,'2016-11-11 08:44:03','2016-11-11 08:44:03','2016-11-11 08:44:03',Atendido,,
161111-358923,,Incidente importado desde SAC,,Fleet Services,Usuario Importador,Telemarketing,,Consulta,Solucionado,,,,,AUT1 - AUTOMOTORES,863980,,6665797,Contacto del tercero,,,,'2016-11-11 08:44:02','2016-11-11 08:44:02','2016-11-11 08:44:02',Atendido,,
161111-358925,,Incidente importado desde SAC,,Gerencia Clientes,Usuario Importador,Telemarketing,,Disconformidad,Solucionado,,,,,APL1 - AUTOMOTORES PLANES,863982,,1399298,Facturación,,,,'2016-11-11 08:44:02','2016-11-11 08:44:02','2016-11-11 08:44:02',Atendido,,
161111-358927,,Incidente importado desde SAC,,Oficina Rosario,Usuario Importador,Telemarketing,,Accion Proactiva,Solucionado,,,,,HOM1 - SEGURO DEL HOGAR,863984,,3737921,Irregularidad siniestro - Acción Proactiva,,,,'2016-11-11 08:44:02','2016-11-11 08:44:02','2016-11-11 08:44:02',Resuelto,,
161111-358929,,Incidente importado desde SAC,,Cac,Usuario Importador,Telemarketing,,Consulta,Solucionado,,,,,AUS1 - AUTOMOTORES,863986,,7835844,Facturación,,,,'2016-11-11 08:44:02','2016-11-11 08:44:02','2016-11-11 08:44:02',Atendido,,
161111-358910,,Incidente importado desde SAC,,Cac,Usuario Importador,Telemarketing,,Consulta,Solucionado,,,,,AUI1 - AUTOMOTORES INSTITUCIONES,863967,,1380230,Denuncia daños materiales,,,,'2016-11-11 08:44:01','2016-11-11 08:44:01','2016-11-11 08:44:01',Atendido,,
161111-358919,,Incidente importado desde SAC,,Cac,Usuario Importador,Telemarketing,,Consulta,Solucionado,,,,,APL1 - AUTOMOTORES PLANES,863976,,2045805,Post - Denuncia,,,,'2016-11-11 08:44:01','2016-11-11 08:44:01','2016-11-11 08:44:01',Atendido,,
161111-358922,,Incidente importado desde SAC,,Emisión Masivos,Usuario Importador,Telemarketing,,Consulta,Solucionado,,,,,AUS1 - AUTOMOTORES,863979,,3296907,Baja de póliza,,,,'2016-11-11 08:44:01','2016-11-11 08:44:01','2016-11-11 08:44:01',Atendido,,
161111-358900,,Incidente importado desde SAC,,Cac,Usuario Importador,Telemarketing,,Consulta,Solucionado,,,,,AUS1 - AUTOMOTORES,863957,,1359256,Post - Denuncia,,,,'2016-11-11 08:44:00','2016-11-11 08:44:00','2016-11-11 08:44:00',Atendido,,
161111-358902,,Incidente importado desde SAC,,Cac,Usuario Importador,Telemarketing,,Consulta,Solucionado,,,,,AUS1 - AUTOMOTORES,863959,,4439730,Post - Denuncia,,,,'2016-11-11 08:44:00','2016-11-11 08:44:00','2016-11-11 08:44:00',Atendido,,
161111-358906,,Incidente importado desde SAC,,,Usuario Importador,Telemarketing,,Consulta,Solucionado,,,,,AUI1 - AUTOMOTORES INSTITUCIONES,863963,,3404938,Baja de póliza,,,,'2016-11-11 08:44:00','2016-11-11 08:44:00','2016-11-11 08:44:00',Atendido,,
161111-358880,,Incidente importado desde SAC,,Cac,Usuario Importador,Carta Documento,,Consulta,Solucionado,,,,,HOM1 - SEGURO DEL HOGAR,863937,,6974001,Certificado de cobertura,,,,'2016-11-11 08:43:59','2016-11-11 08:43:59','2016-11-11 08:43:59',Atendido,,
161111-358881,,Incidente importado desde SAC,,Fleet Services,Usuario Importador,Telemarketing,,Consulta,Solucionado,,,,,APR1 - AUTOMOTORES,863938,,4777114,Contacto del tercero,,,,'2016-11-11 08:43:59','2016-11-11 08:43:59','2016-11-11 08:43:59',Atendido,,
161111-358886,,Incidente importado desde SAC,,Fleet Services,Usuario Importador,Telemarketing,,Consulta,Solucionado,,,,,AUS1 - AUTOMOTORES,863943,,2005945,Contacto del tercero,,,,'2016-11-11 08:43:59','2016-11-11 08:43:59','2016-11-11 08:43:59',Atendido,,
161111-358889,,Incidente importado desde SAC,,Cac,Usuario Importador,Telemarketing,,Consulta,Solucionado,,,,,AUS1 - AUTOMOTORES,863946,,6494364,Facturación,,,,'2016-11-11 08:43:59','2016-11-11 08:43:59','2016-11-11 08:43:59',Atendido,,
161111-358891,,Incidente importado desde SAC,,Mailing,Usuario Importador,Telemarketing,,Reclamo,Solucionado,,,,,AUS1 - AUTOMOTORES,863948,,3787099,Certificado de cobertura,,,,'2016-11-11 08:43:59','2016-11-11 08:43:59','2016-11-11 08:43:59',Resuelto,,
161111-358893,,Incidente importado desde SAC,,Cac,Usuario Importador,Telemarketing,,Consulta,Solucionado,,,,,APL1 - AUTOMOTORES PLANES,863950,,5251629,Post - Denuncia,,,,'2016-11-11 08:43:59','2016-11-11 08:43:59','2016-11-11 08:43:59',Atendido,,
161111-358864,,Incidente importado desde SAC,,Cac,Usuario Importador,Telemarketing,,Consulta,Solucionado,,,,,APR1 - AUTOMOTORES,863921,,3463820,Modificaciones datos del producto,,,,'2016-11-11 08:43:58','2016-11-11 08:43:58','2016-11-11 08:43:58',Atendido,,
161111-358867,,Incidente importado desde SAC,,Gerencia Clientes,Usuario Importador,Telemarketing,,Reclamo,Solucionado,,,,,AUS1 - AUTOMOTORES,863924,,3178178,Venta con anomalías,,,,'2016-11-11 08:43:58','2016-11-11 08:43:58','2016-11-11 08:43:58',No Procedente,,
161111-358869,,Incidente importado desde SAC,,Cac,Usuario Importador,Carta Documento,,Consulta,Solucionado,,,,,AUS1 - AUTOMOTORES,863926,,4554171,Certificado de cobertura,,,,'2016-11-11 08:43:58','2016-11-11 08:43:58','2016-11-11 08:43:58',Atendido,,
161111-358870,,Incidente importado desde SAC,,Cac,Usuario Importador,Telemarketing,,Reclamo,Solucionado,,,,,HOM1 - SEGURO DEL HOGAR,863927,,7647513,Facturación,,,,'2016-11-11 08:43:58','2016-11-11 08:43:58','2016-11-11 08:43:58',No Procedente,,
161111-358876,,Incidente importado desde SAC,,Cac,Usuario Importador,Telemarketing,,Consulta,Solucionado,,,,,APR1 - AUTOMOTORES,863933,,3452664,Modificaciones datos del producto,,,,'2016-11-11 08:43:58','2016-11-11 08:43:58','2016-11-11 08:43:58',Atendido,,
161111-358850,,Incidente importado desde SAC,,Fleet Services,Usuario Importador,Telemarketing,,Consulta,Solucionado,,,,,AUS1 - AUTOMOTORES,863907,,6301472,Contacto del tercero,,,,'2016-11-11 08:43:57','2016-11-11 08:43:57','2016-11-11 08:43:57',Atendido,,
161111-358855,,Incidente importado desde SAC,,Cac,Usuario Importador,Telemarketing,,Consulta,Solucionado,,,,,APR1 - AUTOMOTORES,863912,,2919514,Post - Denuncia,,,,'2016-11-11 08:43:57','2016-11-11 08:43:57','2016-11-11 08:43:57',Atendido,,
161111-358858,,Incidente importado desde SAC,,Daños Materiales Autos,Usuario Importador,Carta,,Consulta,Solucionado,,,,,AUT1 - AUTOMOTORES,863915,,1322999,Siniestro Jet,,,,'2016-11-11 08:43:57','2016-11-11 08:43:57','2016-11-11 08:43:57',Resuelto,,
161111-358859,,Incidente importado desde SAC,,Cac,Usuario Importador,Telemarketing,,Consulta,Solucionado,,,,,AUS1 - AUTOMOTORES,863916,,2967908,Post - Denuncia,,,,'2016-11-11 08:43:57','2016-11-11 08:43:57','2016-11-11 08:43:57',Atendido,,
161111-358860,,Incidente importado desde SAC,,Gerencia Clientes,Usuario Importador,Telemarketing,,Reclamo,Solucionado,,,,,ATD1 - ROBO/USUAR.T.DEB-CRE,863917,,1347873,Venta con anomalías,,,,'2016-11-11 08:43:57','2016-11-11 08:43:57','2016-11-11 08:43:57',Resuelto,,
161111-358837,,Incidente importado desde SAC,,Cac,Usuario Importador,Carta Documento,,Consulta,Solucionado,,,,,AUI1 - AUTOMOTORES INSTITUCIONES,863894,,1221410,Facturación,,,,'2016-11-11 08:43:56','2016-11-11 08:43:56','2016-11-11 08:43:56',Atendido,,
161111-358840,,Incidente importado desde SAC,,Cac,Usuario Importador,Telemarketing,,Consulta,Solucionado,,,,,AUS1 - AUTOMOTORES,863897,,3428406,Facturación,,,,'2016-11-11 08:43:56','2016-11-11 08:43:56','2016-11-11 08:43:56',Atendido,,
161111-358809,,Incidente importado desde SAC,,Cac,Usuario Importador,Telemarketing,,Consulta,Solucionado,,,,,AUS1 - AUTOMOTORES,863866,,7812899,Post - Denuncia,,,,'2016-11-11 08:43:54','2016-11-11 08:43:54','2016-11-11 08:43:54',Atendido,,
161111-358810,,Incidente importado desde SAC,,Cac,Usuario Importador,Telemarketing,,Consulta,Solucionado,,,,,ATD1 - ROBO/USUAR.T.DEB-CRE,863867,,1729607,Baja de póliza,,,,'2016-11-11 08:43:54','2016-11-11 08:43:54','2016-11-11 08:43:54',Atendido,,
161111-358811,,Incidente importado desde SAC,,Cac,Usuario Importador,Telemarketing,,Consulta,Solucionado,,,,,AUS1 - AUTOMOTORES,863868,,5322675,Facturación,,,,'2016-11-11 08:43:54','2016-11-11 08:43:54','2016-11-11 08:43:54',Atendido,,
161111-358818,,Incidente importado desde SAC,,Cac,Usuario Importador,Telemarketing,,Consulta,Solucionado,,,,,APL1 - AUTOMOTORES PLANES,863875,,1016618,Post - Denuncia,,,,'2016-11-11 08:43:54','2016-11-11 08:43:54','2016-11-11 08:43:54',Atendido,,
161111-358820,,Incidente importado desde SAC,,Cac,Usuario Importador,Telemarketing,,Consulta,Solucionado,,,,,HOM1 - SEGURO DEL HOGAR,863877,,1419554,Post - Denuncia,,,,'2016-11-11 08:43:54','2016-11-11 08:43:54','2016-11-11 08:43:54',Atendido,,
161111-358794,,Incidente importado desde SAC,,Cac,Usuario Importador,Telemarketing,,Consulta,Solucionado,,,,,AUS1 - AUTOMOTORES,863851,,6611427,Post - Denuncia,,,,'2016-11-11 08:43:53','2016-11-11 08:43:53','2016-11-11 08:43:53',Atendido,,
161111-358795,,Incidente importado desde SAC,,Cac,Usuario Importador,Carta Documento,,Consulta,Solucionado,,,,,AUI1 - AUTOMOTORES INSTITUCIONES,863852,,2694468,Certificado de cobertura,,,,'2016-11-11 08:43:53','2016-11-11 08:43:53','2016-11-11 08:43:53',Atendido,,
161111-358792,,Incidente importado desde SAC,,Cac,Usuario Importador,Telemarketing,,Consulta,Solucionado,,,,,AUS1 - AUTOMOTORES,863849,,2563802,Denuncia daños materiales,,,,'2016-11-11 08:43:52','2016-11-11 08:43:52','2016-11-11 08:43:52',Atendido,,
161111-358785,,Incidente importado desde SAC,,Cac,Usuario Importador,Carta Documento,,Consulta,Solucionado,,,,,AUI1 - AUTOMOTORES INSTITUCIONES,863842,,6753689,Certificado de cobertura,,,,'2016-11-11 08:43:51','2016-11-11 08:43:51','2016-11-11 08:43:51',Atendido,,
161111-358782,,Incidente importado desde SAC,,Cac,Usuario Importador,Telemarketing,,Consulta,Solucionado,,,,,HOM1 - SEGURO DEL HOGAR,863839,,5624196,Facturación,,,,'2016-11-11 08:43:50','2016-11-11 08:43:50','2016-11-11 08:43:50',Atendido,,
161111-358772,,Incidente importado desde SAC,,Gerencia Clientes,Usuario Importador,Telemarketing,,Reclamo,Solucionado,,,,,AUS1 - AUTOMOTORES,863830,,3450998,Venta con anomalías,,,,'2016-11-11 08:43:49','2016-11-11 08:43:49','2016-11-11 08:43:49',Resuelto,,
161111-358775,,Incidente importado desde SAC,,Mailing,Usuario Importador,Telemarketing,,Reclamo,Solucionado,,,,,AUS1 - AUTOMOTORES,863833,,3760599,Cupón de pago,,,,'2016-11-11 08:43:49','2016-11-11 08:43:49','2016-11-11 08:43:49',Resuelto,,
161111-358776,,Incidente importado desde SAC,,Cac,Usuario Importador,Carta Documento,,Consulta,Solucionado,,,,,AUS1 - AUTOMOTORES,863834,,159280,Facturación,,,,'2016-11-11 08:43:49','2016-11-11 08:43:49','2016-11-11 08:43:49',Atendido,,
161111-358757,,Incidente importado desde SAC,,Emisión Masivos,Usuario Importador,Carta,,Consulta,Solucionado,,,,,APR1 - AUTOMOTORES,863816,,3316164,Siniestro Jet (Cobertura),,,,'2016-11-11 08:43:48','2016-11-11 08:43:48','2016-11-11 08:43:48',Resuelto,,
161111-358765,,Incidente importado desde SAC,,Cac,Usuario Importador,Carta Documento,,Consulta,Solucionado,,,,,EGE1 - EXT.GARANTIA ELECTRO,863824,,2540146,Certificado de cobertura,,,,'2016-11-11 08:43:48','2016-11-11 08:43:48','2016-11-11 08:43:48',Atendido,,
161111-358741,,Incidente importado desde SAC,,Cac,Usuario Importador,Telemarketing,,Consulta,Solucionado,,,,,HOM1 - SEGURO DEL HOGAR,863800,,1085585,Facturación,,,,'2016-11-11 08:43:47','2016-11-11 08:43:47','2016-11-11 08:43:47',Atendido,,
161111-358744,,Incidente importado desde SAC,,Emisión Masivos,Usuario Importador,Telemarketing,,Consulta,Solucionado,,,,,AUS1 - AUTOMOTORES,863803,,5404759,Baja de póliza,,,,'2016-11-11 08:43:47','2016-11-11 08:43:47','2016-11-11 08:43:47',Atendido,,
161111-358745,,Incidente importado desde SAC,,Cac,Usuario Importador,Telemarketing,,Consulta,Solucionado,,,,,AUS1 - AUTOMOTORES,863804,,949384,Inclusión/Exclusión Co-titular,,,,'2016-11-11 08:43:47','2016-11-11 08:43:47','2016-11-11 08:43:47',Atendido,,
161111-358746,,Incidente importado desde SAC,,Cac,Usuario Importador,Telemarketing,,Consulta,Solucionado,,,,,AUS1 - AUTOMOTORES,863805,,6215424,Facturación,,,,'2016-11-11 08:43:47','2016-11-11 08:43:47','2016-11-11 08:43:47',Atendido,,
161111-358754,,Incidente importado desde SAC,,Emisión Masivos,Usuario Importador,Telemarketing,,Consulta,Solucionado,,,,,AUS1 - AUTOMOTORES,863813,,381308,Baja de póliza,,,,'2016-11-11 08:43:47','2016-11-11 08:43:47','2016-11-11 08:43:47',Atendido,,
161111-358729,,Incidente importado desde SAC,,Robo / Destruccion Total,Usuario Importador,Carta,,Consulta,Solucionado,,,,,AUT1 - AUTOMOTORES,863788,,2742020,Siniestro Jet,,,,'2016-11-11 08:43:46','2016-11-11 08:43:46','2016-11-11 08:43:46',Resuelto,,
161111-358731,,Incidente importado desde SAC,,Cac,Usuario Importador,Carta Documento,,Consulta,Solucionado,,,,,AUS1 - AUTOMOTORES,863790,,4498904,Certificado de cobertura,,,,'2016-11-11 08:43:46','2016-11-11 08:43:46','2016-11-11 08:43:46',Atendido,,
161111-358717,,Incidente importado desde SAC,,Cac,Usuario Importador,Telemarketing,,Consulta,Solucionado,,,,,HOC1 - SEGURO DEL HOGAR,863776,,1296406,Facturación,,,,'2016-11-11 08:43:45','2016-11-11 08:43:45','2016-11-11 08:43:45',Atendido,,
161111-358719,,Incidente importado desde SAC,,Fleet Services,Usuario Importador,Telemarketing,,Consulta,Solucionado,,,,,AUS1 - AUTOMOTORES,863778,,2656393,Contacto del tercero,,,,'2016-11-11 08:43:45','2016-11-11 08:43:45','2016-11-11 08:43:45',Atendido,,
161111-358720,,Incidente importado desde SAC,,,Usuario Importador,Telemarketing,,Reclamo,Solucionado,,,,,AUS1 - AUTOMOTORES,863779,,2235508,Daños materiales Cordoba,,,,'2016-11-11 08:43:45','2016-11-11 08:43:45','2016-11-11 08:43:45',Resuelto,,
161111-358703,,Incidente importado desde SAC,,Cac,Usuario Importador,Telemarketing,,Consulta,Solucionado,,,,,AUS1 - AUTOMOTORES,863762,,3466830,Facturación,,,,'2016-11-11 08:43:44','2016-11-11 08:43:44','2016-11-11 08:43:44',Atendido,,
161111-358707,,Incidente importado desde SAC,,Cac,Usuario Importador,Telemarketing,,Consulta,Solucionado,,,,,ATD1 - ROBO/USUAR.T.DEB-CRE,863766,,3372217,Baja de póliza,,,,'2016-11-11 08:43:44','2016-11-11 08:43:44','2016-11-11 08:43:44',Atendido,,
161111-358714,,Incidente importado desde SAC,,Cac,Usuario Importador,Telemarketing,,Consulta,Solucionado,,,,,AUS1 - AUTOMOTORES,863773,,1272558,Denuncia daños materiales,,,,'2016-11-11 08:43:44','2016-11-11 08:43:44','2016-11-11 08:43:44',Atendido,,
161111-358686,,Incidente importado desde SAC,,Cac,Usuario Importador,Telemarketing,,Consulta,Solucionado,,,,,APR1 - AUTOMOTORES,863745,,6965321,Post - Denuncia,,,,'2016-11-11 08:43:43','2016-11-11 08:43:43','2016-11-11 08:43:43',Atendido,,
161111-358694,,Incidente importado desde SAC,,Cac,Usuario Importador,Telemarketing,,Consulta,Solucionado,,,,,AUS1 - AUTOMOTORES,863753,,7559394,Facturación,,,,'2016-11-11 08:43:43','2016-11-11 08:43:43','2016-11-11 08:43:43',Atendido,,
161111-358669,,Incidente importado desde SAC,,Cac,Usuario Importador,Telemarketing,,Consulta,Solucionado,,,,,AUS1 - AUTOMOTORES,863728,,513464,Post - Denuncia,,,,'2016-11-11 08:43:42','2016-11-11 08:43:42','2016-11-11 08:43:42',Atendido,,
161111-358680,,Incidente importado desde SAC,,Cac,Usuario Importador,Llamada entrante,,Consulta,Solucionado,,,,,APL1 - AUTOMOTORES PLANES,863739,,2039563,Certificado de cobertura,,,,'2016-11-11 08:43:42','2016-11-11 08:43:42','2016-11-11 08:43:42',Atendido,,
161111-358681,,Incidente importado desde SAC,,Gerencia Clientes,Usuario Importador,Carta Documento,,Consulta,Solucionado,,,,,AUA1 - AUTOMOTORES CARTERA GENERAL,863740,,1288672,Certificado de cobertura,,,,'2016-11-11 08:43:42','2016-11-11 08:43:42','2016-11-11 08:43:42',Atendido,,
161111-358683,,Incidente importado desde SAC,,Cac,Usuario Importador,Telemarketing,,Consulta,Solucionado,,,,,AUS1 - AUTOMOTORES,863742,,5173639,Post - Denuncia,,,,'2016-11-11 08:43:42','2016-11-11 08:43:42','2016-11-11 08:43:42',Atendido,,
161111-358651,,Incidente importado desde SAC,,Cac,Usuario Importador,Telemarketing,,Consulta,Solucionado,,,,,AUA1 - AUTOMOTORES CARTERA GENERAL,863710,,7696152,Denuncia daños materiales,,,,'2016-11-11 08:43:41','2016-11-11 08:43:41','2016-11-11 08:43:41',Atendido,,
161111-358654,,Incidente importado desde SAC,,Cac,Usuario Importador,Telemarketing,,Consulta,Solucionado,,,,,AUT1 - AUTOMOTORES,863713,,4442256,Facturación,,,,'2016-11-11 08:43:41','2016-11-11 08:43:41','2016-11-11 08:43:41',Atendido,,
161111-358660,,Incidente importado desde SAC,,Lesiones,Usuario Importador,Carta,,Consulta,Solucionado,,,,,AUA1 - AUTOMOTORES CARTERA GENERAL,863719,,1822348,Siniestro Jet,,,,'2016-11-11 08:43:41','2016-11-11 08:43:41','2016-11-11 08:43:41',Resuelto,,
161111-358662,,Incidente importado desde SAC,,Cac,Usuario Importador,Telemarketing,,Consulta,Solucionado,,,,,AUS1 - AUTOMOTORES,863721,,7479809,Facturación,,,,'2016-11-11 08:43:41','2016-11-11 08:43:41','2016-11-11 08:43:41',Atendido,,
161111-358664,,Incidente importado desde SAC,,Cac,Usuario Importador,Telemarketing,,Consulta,Solucionado,,,,,AUS1 - AUTOMOTORES,863723,,2421040,Facturación,,,,'2016-11-11 08:43:41','2016-11-11 08:43:41','2016-11-11 08:43:41',Atendido,,
161111-358646,,Incidente importado desde SAC,,Cac,Usuario Importador,Telemarketing,,Consulta,Solucionado,,,,,AUS1 - AUTOMOTORES,863705,,4468591,Denuncia daños materiales,,,,'2016-11-11 08:43:40','2016-11-11 08:43:40','2016-11-11 08:43:40',Atendido,,
161111-358650,,Incidente importado desde SAC,,Cac,Usuario Importador,Carta Documento,,Consulta,Solucionado,,,,,AUS1 - AUTOMOTORES,863709,,7784858,Post - Denuncia,,,,'2016-11-11 08:43:40','2016-11-11 08:43:40','2016-11-11 08:43:40',Atendido,,
161111-358633,,Incidente importado desde SAC,,Mailing,Usuario Importador,Telemarketing,,Reclamo,Solucionado,,,,,AUS1 - AUTOMOTORES,863692,,4978841,Certificado de cobertura,,,,'2016-11-11 08:43:39','2016-11-11 08:43:39','2016-11-11 08:43:39',Resuelto,,
161111-358634,,Incidente importado desde SAC,,Cac,Usuario Importador,Telemarketing,,Consulta,Solucionado,,,,,AUS1 - AUTOMOTORES,863693,,4458605,Facturación,,,,'2016-11-11 08:43:39','2016-11-11 08:43:39','2016-11-11 08:43:39',Atendido,,
161111-358636,,Incidente importado desde SAC,,Gerencia Clientes,Usuario Importador,Telemarketing,,Reclamo,Solucionado,,,,,HOM1 - SEGURO DEL HOGAR,863695,,3433443,Venta con anomalías,,,,'2016-11-11 08:43:39','2016-11-11 08:43:39','2016-11-11 08:43:39',No Procedente,,
161111-358639,,Incidente importado desde SAC,,Cac,Usuario Importador,Telemarketing,,Consulta,Solucionado,,,,,AUI1 - AUTOMOTORES INSTITUCIONES,863698,,3388996,Post - Denuncia,,,,'2016-11-11 08:43:39','2016-11-11 08:43:39','2016-11-11 08:43:39',Atendido,,
161111-358626,,Incidente importado desde SAC,,Cac,Usuario Importador,Telemarketing,,Consulta,Solucionado,,,,,AUS1 - AUTOMOTORES,863685,,7054419,Post - Denuncia,,,,'2016-11-11 08:43:38','2016-11-11 08:43:38','2016-11-11 08:43:38',Atendido,,
161111-358629,,Incidente importado desde SAC,,Cac,Usuario Importador,Telemarketing,,Consulta,Solucionado,,,,,APR1 - AUTOMOTORES,863688,,3334033,Modificaciones datos del producto,,,,'2016-11-11 08:43:38','2016-11-11 08:43:38','2016-11-11 08:43:38',Atendido,,
161111-358604,,Incidente importado desde SAC,,Cac,Usuario Importador,Telemarketing,,Consulta,Solucionado,,,,,AUS1 - AUTOMOTORES,863663,,5367895,Post - Denuncia,,,,'2016-11-11 08:43:35','2016-11-11 08:43:35','2016-11-11 08:43:35',Atendido,,
161111-358605,,Incidente importado desde SAC,,Cac,Usuario Importador,Telemarketing,,Consulta,Solucionado,,,,,AUS1 - AUTOMOTORES,863664,,7704101,Post - Denuncia,,,,'2016-11-11 08:43:35','2016-11-11 08:43:35','2016-11-11 08:43:35',Atendido,,
161111-358609,,Incidente importado desde SAC,,Emisión Masivos,Usuario Importador,Telemarketing,,Consulta,Solucionado,,,,,AUS1 - AUTOMOTORES,863668,,4479142,Baja de póliza,,,,'2016-11-11 08:43:35','2016-11-11 08:43:35','2016-11-11 08:43:35',Atendido,,
161111-358611,,Incidente importado desde SAC,,Emisión Masivos,Usuario Importador,Telemarketing,,Consulta,Solucionado,,,,,AUS1 - AUTOMOTORES,863670,,6822049,Baja de póliza,,,,'2016-11-11 08:43:35','2016-11-11 08:43:35','2016-11-11 08:43:35',Atendido,,
161111-358615,,Incidente importado desde SAC,,Cac,Usuario Importador,Telemarketing,,Consulta,Solucionado,,,,,AUS1 - AUTOMOTORES,863674,,7714541,Facturación,,,,'2016-11-11 08:43:35','2016-11-11 08:43:35','2016-11-11 08:43:35',Atendido,,
161111-358590,,Incidente importado desde SAC,,UPF,Usuario Importador,Telemarketing,,Accion Proactiva,Solucionado,,,,,AUS1 - AUTOMOTORES,863649,,3035021,Irregularidad siniestro - Acción Proactiva,,,,'2016-11-11 08:43:34','2016-11-11 08:43:34','2016-11-11 08:43:34',Resuelto,,
161111-358594,,Incidente importado desde SAC,,Cac,Usuario Importador,Telemarketing,,Consulta,Solucionado,,,,,APL1 - AUTOMOTORES PLANES,863653,,4363040,Post - Denuncia,,,,'2016-11-11 08:43:34','2016-11-11 08:43:34','2016-11-11 08:43:34',Atendido,,
161111-358599,,Incidente importado desde SAC,,Cac,Usuario Importador,Telemarketing,,Consulta,Solucionado,,,,,APL1 - AUTOMOTORES PLANES,863658,,3145636,Modificaciones datos del producto,,,,'2016-11-11 08:43:34','2016-11-11 08:43:34','2016-11-11 08:43:34',Atendido,,
161111-358571,,Incidente importado desde SAC,,Fleet Services,Usuario Importador,Telemarketing,,Consulta,Solucionado,,,,,AUT1 - AUTOMOTORES,863630,,4480531,Contacto del tercero,,,,'2016-11-11 08:43:33','2016-11-11 08:43:33','2016-11-11 08:43:33',Atendido,,
161111-358580,,Incidente importado desde SAC,,Cac,Usuario Importador,Telemarketing,,Consulta,Solucionado,,,,,AUS1 - AUTOMOTORES,863639,,7258404,Facturación,,,,'2016-11-11 08:43:33','2016-11-11 08:43:33','2016-11-11 08:43:33',Atendido,,
161111-358582,,Incidente importado desde SAC,,Cac,Usuario Importador,Telemarketing,,Reclamo,Solucionado,,,,,AUS1 - AUTOMOTORES,863641,,512532,Cupón de pago,,,,'2016-11-11 08:43:33','2016-11-11 08:43:33','2016-11-11 08:43:33',No Procedente,,
161111-358560,,Incidente importado desde SAC,,Cac,Usuario Importador,Carta Documento,,Consulta,Solucionado,,,,,APR1 - AUTOMOTORES,863619,,2289754,Denuncia daños materiales,,,,'2016-11-11 08:43:32','2016-11-11 08:43:32','2016-11-11 08:43:32',Atendido,,
161111-358561,,Incidente importado desde SAC,,Cac,Usuario Importador,Telemarketing,,Consulta,Solucionado,,,,,APR1 - AUTOMOTORES,863620,,3389592,Post - Denuncia,,,,'2016-11-11 08:43:32','2016-11-11 08:43:32','2016-11-11 08:43:32',Atendido,,
161111-358563,,Incidente importado desde SAC,,Cac,Usuario Importador,Carta Documento,,Consulta,Solucionado,,,,,AUS1 - AUTOMOTORES,863622,,3413275,Certificado de cobertura,,,,'2016-11-11 08:43:32','2016-11-11 08:43:32','2016-11-11 08:43:32',Atendido,,
161111-358567,,Incidente importado desde SAC,,Cac,Usuario Importador,Telemarketing,,Consulta,Solucionado,,,,,AUS1 - AUTOMOTORES,863626,,1822758,Facturación,,,,'2016-11-11 08:43:32','2016-11-11 08:43:32','2016-11-11 08:43:32',Atendido,,
161111-358546,,Incidente importado desde SAC,,Cac,Usuario Importador,Carta Documento,,Consulta,Solucionado,,,,,AUS1 - AUTOMOTORES,863605,,427855,Modificación datos personales,,,,'2016-11-11 08:43:31','2016-11-11 08:43:31','2016-11-11 08:43:31',Atendido,,
161111-358549,,Incidente importado desde SAC,,Mailing,Usuario Importador,Telemarketing,,Reclamo,Solucionado,,,,,APR1 - AUTOMOTORES,863608,,3403543,Certificado de cobertura,,,,'2016-11-11 08:43:31','2016-11-11 08:43:31','2016-11-11 08:43:31',Resuelto,,
161111-358551,,Incidente importado desde SAC,,Cac,Usuario Importador,Carta Documento,,Consulta,Solucionado,,,,,HOM1 - SEGURO DEL HOGAR,863610,,3453251,Certificado de cobertura,,,,'2016-11-11 08:43:31','2016-11-11 08:43:31','2016-11-11 08:43:31',Atendido,,
161111-358553,,Incidente importado desde SAC,,Emisión Masivos,Usuario Importador,Telemarketing,,Consulta,Solucionado,,,,,AUS1 - AUTOMOTORES,863612,,7614550,Baja de póliza,,,,'2016-11-11 08:43:31','2016-11-11 08:43:31','2016-11-11 08:43:31',Atendido,,
161111-358556,,Incidente importado desde SAC,,Emisión Masivos,Usuario Importador,Telemarketing,,Consulta,Solucionado,,,,,HOM1 - SEGURO DEL HOGAR,863615,,2204424,Baja de póliza,,,,'2016-11-11 08:43:31','2016-11-11 08:43:31','2016-11-11 08:43:31',Atendido,,
161111-358529,,Incidente importado desde SAC,,Cac,Usuario Importador,Llamada entrante,,Consulta,Solucionado,,,,,APR1 - AUTOMOTORES,863588,,5591263,Certificado de cobertura,,,,'2016-11-11 08:43:30','2016-11-11 08:43:30','2016-11-11 08:43:30',Atendido,,
161111-358532,,Incidente importado desde SAC,,Cac,Usuario Importador,Telemarketing,,Consulta,Solucionado,,,,,AUS1 - AUTOMOTORES,863591,,7674692,Servicio de grúa,,,,'2016-11-11 08:43:30','2016-11-11 08:43:30','2016-11-11 08:43:30',Atendido,,
161111-358533,,Incidente importado desde SAC,,Cac,Usuario Importador,Telemarketing,,Consulta,Solucionado,,,,,AUS1 - AUTOMOTORES,863592,,2970128,Post - Denuncia,,,,'2016-11-11 08:43:30','2016-11-11 08:43:30','2016-11-11 08:43:30',Atendido,,
161111-358541,,Incidente importado desde SAC,,Cac,Usuario Importador,Telemarketing,,Consulta,Solucionado,,,,,AUS1 - AUTOMOTORES,863600,,3209254,Facturación,,,,'2016-11-11 08:43:30','2016-11-11 08:43:30','2016-11-11 08:43:30',Atendido,,
161111-358518,,Incidente importado desde SAC,,Cac,Usuario Importador,Carta Documento,,Consulta,Solucionado,,,,,HOM1 - SEGURO DEL HOGAR,863577,,4080794,Post - Denuncia,,,,'2016-11-11 08:43:29','2016-11-11 08:43:29','2016-11-11 08:43:29',Atendido,,
161111-358521,,Incidente importado desde SAC,,Cac,Usuario Importador,Telemarketing,,Consulta,Solucionado,,,,,AUS1 - AUTOMOTORES,863580,,4088816,Facturación,,,,'2016-11-11 08:43:29','2016-11-11 08:43:29','2016-11-11 08:43:29',Atendido,,
161111-358524,,Incidente importado desde SAC,,Cac,Usuario Importador,Telemarketing,,Consulta,Solucionado,,,,,APR1 - AUTOMOTORES,863583,,2840567,Facturación,,,,'2016-11-11 08:43:29','2016-11-11 08:43:29','2016-11-11 08:43:29',Atendido,,
161111-358511,,Incidente importado desde SAC,,Robo / Destruccion Total,Usuario Importador,Carta,,Consulta,Solucionado,,,,,AUT1 - AUTOMOTORES,863570,,1416204,Siniestro Jet,,,,'2016-11-11 08:43:28','2016-11-11 08:43:28','2016-11-11 08:43:28',Resuelto,,
161111-358499,,Incidente importado desde SAC,,Cac,Usuario Importador,Carta Documento,,Consulta,Solucionado,,,,,HOM1 - SEGURO DEL HOGAR,863558,,1308300,Condiciones de póliza,,,,'2016-11-11 08:43:27','2016-11-11 08:43:27','2016-11-11 08:43:27',Atendido,,
161111-358507,,Incidente importado desde SAC,,Cac,Usuario Importador,Telemarketing,,Consulta,Solucionado,,,,,AUS1 - AUTOMOTORES,863566,,6855905,Facturación,,,,'2016-11-11 08:43:27','2016-11-11 08:43:27','2016-11-11 08:43:27',Atendido,,
161111-358485,,Incidente importado desde SAC,,Cac,Usuario Importador,Telemarketing,,Consulta,Solucionado,,,,,APR1 - AUTOMOTORES,863544,,3409023,Certificado de cobertura,,,,'2016-11-11 08:43:26','2016-11-11 08:43:26','2016-11-11 08:43:26',Atendido,,
161111-358487,,Incidente importado desde SAC,,Cac,Usuario Importador,Telemarketing,,Consulta,Solucionado,,,,,AUS1 - AUTOMOTORES,863546,,3397400,Facturación,,,,'2016-11-11 08:43:26','2016-11-11 08:43:26','2016-11-11 08:43:26',Atendido,,
161111-358489,,Incidente importado desde SAC,,Gerencia Clientes,Usuario Importador,Llamada entrante,,Consulta,Solucionado,,,,,ICO1 - INTEGR.COMERCIO,863548,,1355866,Certificado de cobertura,,,,'2016-11-11 08:43:26','2016-11-11 08:43:26','2016-11-11 08:43:26',Atendido,,
161111-358490,,Incidente importado desde SAC,,Cac,Usuario Importador,Carta Documento,,Consulta,Solucionado,,,,,AUS1 - AUTOMOTORES,863549,,7136157,Condiciones de póliza,,,,'2016-11-11 08:43:26','2016-11-11 08:43:26','2016-11-11 08:43:26',Atendido,,
161111-358491,,Incidente importado desde SAC,,Cac,Usuario Importador,Telemarketing,,Consulta,Solucionado,,,,,APL1 - AUTOMOTORES PLANES,863550,,5528916,Endosos CAC,,,,'2016-11-11 08:43:26','2016-11-11 08:43:26','2016-11-11 08:43:26',Atendido,,
161111-358493,,Incidente importado desde SAC,,Emisión Masivos,Usuario Importador,Telemarketing,,Consulta,Solucionado,,,,,AUS1 - AUTOMOTORES,863552,,4808639,Baja de póliza,,,,'2016-11-11 08:43:26','2016-11-11 08:43:26','2016-11-11 08:43:26',Atendido,,
161111-358476,,Incidente importado desde SAC,,Cac,Usuario Importador,Telemarketing,,Consulta,Solucionado,,,,,AUS1 - AUTOMOTORES,863535,,5738725,Baja de póliza,,,,'2016-11-11 08:43:25','2016-11-11 08:43:25','2016-11-11 08:43:25',Atendido,,
161111-358479,,Incidente importado desde SAC,,Cac,Usuario Importador,Telemarketing,,Consulta,Solucionado,,,,,APL1 - AUTOMOTORES PLANES,863538,,3503898,Post - Denuncia,,,,'2016-11-11 08:43:25','2016-11-11 08:43:25','2016-11-11 08:43:25',Atendido,,
161111-358471,,Incidente importado desde SAC,,Cac,Usuario Importador,Carta Documento,,Consulta,Solucionado,,,,,AUI1 - AUTOMOTORES INSTITUCIONES,863530,,2705879,Certificado de cobertura,,,,'2016-11-11 08:43:24','2016-11-11 08:43:24','2016-11-11 08:43:24',Atendido,,
161111-358472,,Incidente importado desde SAC,,Emisión Masivos,Usuario Importador,Carta Documento,,Consulta,Solucionado,,,,,AUS1 - AUTOMOTORES,863531,,5909365,Baja de póliza,,,,'2016-11-11 08:43:24','2016-11-11 08:43:24','2016-11-11 08:43:24',Atendido,,
161111-358474,,Incidente importado desde SAC,,Cac,Usuario Importador,Telemarketing,,Consulta,Solucionado,,,,,APR1 - AUTOMOTORES,863533,,441604,Modificaciones datos del producto,,,,'2016-11-11 08:43:24','2016-11-11 08:43:24','2016-11-11 08:43:24',Atendido,,
161111-358458,,Incidente importado desde SAC,,Gerencia Clientes,Usuario Importador,Telemarketing,,Reclamo,Solucionado,,,,,HOM1 - SEGURO DEL HOGAR,863517,,3703503,ZURICH,,,,'2016-11-11 08:43:22','2016-11-11 08:43:22','2016-11-11 08:43:22',No Procedente,,
161111-358463,,Incidente importado desde SAC,,Cac,Usuario Importador,Telemarketing,,Consulta,Solucionado,,,,,APR1 - AUTOMOTORES,863522,,3534312,Certificado de cobertura,,,,'2016-11-11 08:43:22','2016-11-11 08:43:22','2016-11-11 08:43:22',Atendido,,
161111-358467,,Incidente importado desde SAC,,Cac,Usuario Importador,Carta Documento,,Consulta,Solucionado,,,,,AUI1 - AUTOMOTORES INSTITUCIONES,863526,,6912023,Denuncia daños materiales,,,,'2016-11-11 08:43:22','2016-11-11 08:43:22','2016-11-11 08:43:22',Atendido,,
161111-358438,,Incidente importado desde SAC,,Cac,Usuario Importador,Telemarketing,,Consulta,Solucionado,,,,,AUT1 - AUTOMOTORES,863497,,6499242,Facturación,,,,'2016-11-11 08:43:21','2016-11-11 08:43:21','2016-11-11 08:43:21',Atendido,,
161111-358439,,Incidente importado desde SAC,,Cac,Usuario Importador,Carta Documento,,Consulta,Solucionado,,,,,AUS1 - AUTOMOTORES,863498,,4437166,Certificado de cobertura,,,,'2016-11-11 08:43:21','2016-11-11 08:43:21','2016-11-11 08:43:21',Atendido,,
161111-358440,,Incidente importado desde SAC,,Cac,Usuario Importador,Telemarketing,,Consulta,Solucionado,,,,,APL1 - AUTOMOTORES PLANES,863499,,5317826,Post - Denuncia,,,,'2016-11-11 08:43:21','2016-11-11 08:43:21','2016-11-11 08:43:21',Atendido,,
161111-358442,,Incidente importado desde SAC,,Emisión Cartera Gral.,Usuario Importador,Telemarketing,,Consulta,Solucionado,,,,,ATD1 - ROBO/USUAR.T.DEB-CRE,863501,,608752,Baja de póliza,,,,'2016-11-11 08:43:21','2016-11-11 08:43:21','2016-11-11 08:43:21',Atendido,,
161111-358448,,Incidente importado desde SAC,,Cac,Usuario Importador,Telemarketing,,Consulta,Solucionado,,,,,AUS1 - AUTOMOTORES,863507,,3130260,Facturación,,,,'2016-11-11 08:43:21','2016-11-11 08:43:21','2016-11-11 08:43:21',Atendido,,
161111-358449,,Incidente importado desde SAC,,Cac,Usuario Importador,Telemarketing,,Consulta,Solucionado,,,,,AUI1 - AUTOMOTORES INSTITUCIONES,863508,,1346370,Facturación,,,,'2016-11-11 08:43:21','2016-11-11 08:43:21','2016-11-11 08:43:21',Atendido,,
161111-358450,,Incidente importado desde SAC,,Cac,Usuario Importador,Telemarketing,,Consulta,Solucionado,,,,,AUS1 - AUTOMOTORES,863509,,5176349,Post - Denuncia,,,,'2016-11-11 08:43:21','2016-11-11 08:43:21','2016-11-11 08:43:21',Atendido,,
161111-358453,,Incidente importado desde SAC,,Cac,Usuario Importador,Telemarketing,,Consulta,Solucionado,,,,,AUS1 - AUTOMOTORES,863512,,1756036,Facturación,,,,'2016-11-11 08:43:21','2016-11-11 08:43:21','2016-11-11 08:43:21',Atendido,,
161111-358454,,Incidente importado desde SAC,,Mailing,Usuario Importador,Telemarketing,,Reclamo,Solucionado,,,,,AUS1 - AUTOMOTORES,863513,,1394852,Cupón de pago,,,,'2016-11-11 08:43:21','2016-11-11 08:43:21','2016-11-11 08:43:21',Resuelto,,
161111-358428,,Incidente importado desde SAC,,Cac,Usuario Importador,Telemarketing,,Consulta,Solucionado,,,,,HOM1 - SEGURO DEL HOGAR,863487,,386463,Facturación,,,,'2016-11-11 08:43:20','2016-11-11 08:43:20','2016-11-11 08:43:20',Atendido,,
161111-358429,,Incidente importado desde SAC,,Cac,Usuario Importador,Carta Documento,,Consulta,Solucionado,,,,,AUS1 - AUTOMOTORES,863488,,4608142,Cupón de pago,,,,'2016-11-11 08:43:20','2016-11-11 08:43:20','2016-11-11 08:43:20',Atendido,,
161111-358432,,Incidente importado desde SAC,,Cac,Usuario Importador,Telemarketing,,Consulta,Solucionado,,,,,AUS1 - AUTOMOTORES,863491,,4236370,Bonificación,,,,'2016-11-11 08:43:20','2016-11-11 08:43:20','2016-11-11 08:43:20',Atendido,,
161111-358437,,Incidente importado desde SAC,,Gerencia Clientes,Usuario Importador,Telemarketing,,Disconformidad,Solucionado,,,,,AUS1 - AUTOMOTORES,863496,,5325853,Condiciones de póliza,,,,'2016-11-11 08:43:20','2016-11-11 08:43:20','2016-11-11 08:43:20',Resuelto,,
161111-358418,,Incidente importado desde SAC,,Fleet Services,Usuario Importador,Telemarketing,,Consulta,Solucionado,,,,,AUA1 - AUTOMOTORES CARTERA GENERAL,863477,,1427695,Contacto del tercero,,,,'2016-11-11 08:43:19','2016-11-11 08:43:19','2016-11-11 08:43:19',Atendido,,
161111-358421,,Incidente importado desde SAC,,Cac,Usuario Importador,Telemarketing,,Consulta,Solucionado,,,,,AUS1 - AUTOMOTORES,863480,,487073,Facturación,,,,'2016-11-11 08:43:19','2016-11-11 08:43:19','2016-11-11 08:43:19',Atendido,,
161111-358400,,Incidente importado desde SAC,,Cac,Usuario Importador,Telemarketing,,Consulta,Solucionado,,,,,AUS1 - AUTOMOTORES,863459,,3930418,Facturación,,,,'2016-11-11 08:43:18','2016-11-11 08:43:18','2016-11-11 08:43:18',Atendido,,
161111-358403,,Incidente importado desde SAC,,Oficina Mendoza,Usuario Importador,Telemarketing,,Accion Proactiva,Solucionado,,,,,APR1 - AUTOMOTORES,863462,,3599506,Irregularidad siniestro - Acción Proactiva,,,,'2016-11-11 08:43:18','2016-11-11 08:43:18','2016-11-11 08:43:18',Resuelto,,
161111-358404,,Incidente importado desde SAC,,Cac,Usuario Importador,Telemarketing,,Consulta,Solucionado,,,,,AUS1 - AUTOMOTORES,863463,,3327357,Post - Denuncia,,,,'2016-11-11 08:43:18','2016-11-11 08:43:18','2016-11-11 08:43:18',Atendido,,
161111-358405,,Incidente importado desde SAC,,Cac,Usuario Importador,Carta Documento,,Consulta,Solucionado,,,,,AUS1 - AUTOMOTORES,863464,,5277831,Certificado de cobertura,,,,'2016-11-11 08:43:18','2016-11-11 08:43:18','2016-11-11 08:43:18',Atendido,,
161111-358411,,Incidente importado desde SAC,,Cac,Usuario Importador,Telemarketing,,Consulta,Solucionado,,,,,AUS1 - AUTOMOTORES,863470,,6243332,Reducción de cobertura,,,,'2016-11-11 08:43:18','2016-11-11 08:43:18','2016-11-11 08:43:18',Atendido,,
161111-358414,,Incidente importado desde SAC,,Cac,Usuario Importador,Carta Documento,,Consulta,Solucionado,,,,,HOM1 - SEGURO DEL HOGAR,863473,,4451333,Cupón de pago,,,,'2016-11-11 08:43:18','2016-11-11 08:43:18','2016-11-11 08:43:18',Atendido,,
161111-358417,,Incidente importado desde SAC,,Cac,Usuario Importador,Carta Documento,,Consulta,Solucionado,,,,,AUI1 - AUTOMOTORES INSTITUCIONES,863476,,3481836,Certificado de cobertura,,,,'2016-11-11 08:43:18','2016-11-11 08:43:18','2016-11-11 08:43:18',Atendido,,
161111-358388,,Incidente importado desde SAC,,Emisión Masivos,Usuario Importador,Telemarketing,,Consulta,Solucionado,,,,,AUS1 - AUTOMOTORES,863447,,3701218,Baja de póliza,,,,'2016-11-11 08:43:17','2016-11-11 08:43:17','2016-11-11 08:43:17',Atendido,,
161111-358390,,Incidente importado desde SAC,,Cac,Usuario Importador,Carta Documento,,Consulta,Solucionado,,,,,APR1 - AUTOMOTORES,863449,,3711219,Modificaciones datos del producto,,,,'2016-11-11 08:43:17','2016-11-11 08:43:17','2016-11-11 08:43:17',Atendido,,
161111-358393,,Incidente importado desde SAC,,Cac,Usuario Importador,Telemarketing,,Consulta,Solucionado,,,,,APR1 - AUTOMOTORES,863452,,3200119,Facturación,,,,'2016-11-11 08:43:17','2016-11-11 08:43:17','2016-11-11 08:43:17',Atendido,,
161111-358394,,Incidente importado desde SAC,,Cac,Usuario Importador,Telemarketing,,Consulta,Solucionado,,,,,AUS1 - AUTOMOTORES,863453,,6031086,Condiciones de póliza,,,,'2016-11-11 08:43:17','2016-11-11 08:43:17','2016-11-11 08:43:17',Atendido,,
161111-358396,,Incidente importado desde SAC,,Cac,Usuario Importador,Carta Documento,,Consulta,Solucionado,,,,,AUI1 - AUTOMOTORES INSTITUCIONES,863455,,1334286,Facturación,,,,'2016-11-11 08:43:17','2016-11-11 08:43:17','2016-11-11 08:43:17',Atendido,,
161111-358397,,Incidente importado desde SAC,,Cac,Usuario Importador,Carta Documento,,Consulta,Solucionado,,,,,AUS1 - AUTOMOTORES,863456,,3614850,Condiciones de póliza,,,,'2016-11-11 08:43:17','2016-11-11 08:43:17','2016-11-11 08:43:17',Atendido,,
161111-358368,,Incidente importado desde SAC,,Cac,Usuario Importador,Telemarketing,,Consulta,Solucionado,,,,,AUS1 - AUTOMOTORES,863427,,1775766,Denuncia daños materiales,,,,'2016-11-11 08:43:16','2016-11-11 08:43:16','2016-11-11 08:43:16',Atendido,,
161111-358370,,Incidente importado desde SAC,,Cac,Usuario Importador,Telemarketing,,Consulta,Solucionado,,,,,AUS1 - AUTOMOTORES,863429,,4338716,Facturación,,,,'2016-11-11 08:43:16','2016-11-11 08:43:16','2016-11-11 08:43:16',Atendido,,
161111-358377,,Incidente importado desde SAC,,Cac,Usuario Importador,Telemarketing,,Consulta,Solucionado,,,,,APL1 - AUTOMOTORES PLANES,863436,,2961089,Facturación,,,,'2016-11-11 08:43:16','2016-11-11 08:43:16','2016-11-11 08:43:16',Atendido,,
161111-358380,,Incidente importado desde SAC,,Emisión Masivos,Usuario Importador,Telemarketing,,Consulta,Solucionado,,,,,HOM1 - SEGURO DEL HOGAR,863439,,5187457,Baja de póliza,,,,'2016-11-11 08:43:16','2016-11-11 08:43:16','2016-11-11 08:43:16',Atendido,,
161111-358381,,Incidente importado desde SAC,,Cac,Usuario Importador,Telemarketing,,Consulta,Solucionado,,,,,AUS1 - AUTOMOTORES,863440,,630017,Facturación,,,,'2016-11-11 08:43:16','2016-11-11 08:43:16','2016-11-11 08:43:16',Atendido,,
161111-358383,,Incidente importado desde SAC,,Cac,Usuario Importador,Telemarketing,,Consulta,Solucionado,,,,,APL1 - AUTOMOTORES PLANES,863442,,3688385,Post - Denuncia,,,,'2016-11-11 08:43:16','2016-11-11 08:43:16','2016-11-11 08:43:16',Atendido,,
161111-358384,,Incidente importado desde SAC,,Cac,Usuario Importador,Telemarketing,,Consulta,Solucionado,,,,,APL1 - AUTOMOTORES PLANES,863443,,3508788,Modificaciones datos del producto,,,,'2016-11-11 08:43:16','2016-11-11 08:43:16','2016-11-11 08:43:16',Atendido,,
161111-358385,,Incidente importado desde SAC,,Cac,Usuario Importador,Telemarketing,,Consulta,Solucionado,,,,,AUS1 - AUTOMOTORES,863444,,4769131,Facturación,,,,'2016-11-11 08:43:16','2016-11-11 08:43:16','2016-11-11 08:43:16',Atendido,,
161111-358365,,Incidente importado desde SAC,,Cac,Usuario Importador,Telemarketing,,Consulta,Solucionado,,,,,AUS1 - AUTOMOTORES,863424,,6846273,Condiciones de póliza,,,,'2016-11-11 08:43:15','2016-11-11 08:43:15','2016-11-11 08:43:15',Atendido,,
161111-358346,,Incidente importado desde SAC,,Gerencia Clientes,Usuario Importador,Carta Documento,,Accion Proactiva,Solucionado,,,,,APR1 - AUTOMOTORES,863406,,4273234,Uso Interno SAA - Acción Proactiva,,,,'2016-11-11 08:43:14','2016-11-11 08:43:14','2016-11-11 08:43:14',Resuelto,,
161111-358347,,Incidente importado desde SAC,,Cac,Usuario Importador,Carta Documento,,Consulta,Solucionado,,,,,AUS1 - AUTOMOTORES,863407,,3758100,Facturación,,,,'2016-11-11 08:43:14','2016-11-11 08:43:14','2016-11-11 08:43:14',Atendido,,
161111-358350,,Incidente importado desde SAC,,Cac,Usuario Importador,Carta Documento,,Consulta,Solucionado,,,,,AUS1 - AUTOMOTORES,863409,,5613822,Post - Denuncia,,,,'2016-11-11 08:43:14','2016-11-11 08:43:14','2016-11-11 08:43:14',Atendido,,
161111-358351,,Incidente importado desde SAC,,Cac,Usuario Importador,Carta Documento,,Consulta,Solucionado,,,,,HOM1 - SEGURO DEL HOGAR,863410,,320880,Facturación,,,,'2016-11-11 08:43:14','2016-11-11 08:43:14','2016-11-11 08:43:14',Atendido,,
161111-358353,,Incidente importado desde SAC,,Cac,Usuario Importador,Telemarketing,,Consulta,Solucionado,,,,,APR1 - AUTOMOTORES,863412,,2495077,Post - Denuncia,,,,'2016-11-11 08:43:14','2016-11-11 08:43:14','2016-11-11 08:43:14',Atendido,,
161111-358324,,Incidente importado desde SAC,,Cac,Usuario Importador,Telemarketing,,Consulta,Solucionado,,,,,AUS1 - AUTOMOTORES,863384,,1838034,Baja de póliza,,,,'2016-11-11 08:43:13','2016-11-11 08:43:13','2016-11-11 08:43:13',Atendido,,
161111-358327,,Incidente importado desde SAC,,Cac,Usuario Importador,Telemarketing,,Consulta,Solucionado,,,,,AUS1 - AUTOMOTORES,863387,,3946334,Bonificación,,,,'2016-11-11 08:43:13','2016-11-11 08:43:13','2016-11-11 08:43:13',Atendido,,
161111-358328,,Incidente importado desde SAC,,Cac,Usuario Importador,Telemarketing,,Consulta,Solucionado,,,,,AUS1 - AUTOMOTORES,863388,,1373356,Post - Denuncia,,,,'2016-11-11 08:43:13','2016-11-11 08:43:13','2016-11-11 08:43:13',Atendido,,
161111-358334,,Incidente importado desde SAC,,Fleet Services,Usuario Importador,Telemarketing,,Reclamo,Solucionado,,,,,AUT1 - AUTOMOTORES,863394,,6252361,Contacto del tercero,,,,'2016-11-11 08:43:13','2016-11-11 08:43:13','2016-11-11 08:43:13',Resuelto,,
161111-358340,,Incidente importado desde SAC,,Cac,Usuario Importador,Telemarketing,,Consulta,Solucionado,,,,,AUS1 - AUTOMOTORES,863400,,7168836,Facturación,,,,'2016-11-11 08:43:13','2016-11-11 08:43:13','2016-11-11 08:43:13',Atendido,,
161111-358316,,Incidente importado desde SAC,,Cac,Usuario Importador,Carta Documento,,Consulta,Solucionado,,,,,AUS1 - AUTOMOTORES,863376,,2574059,Certificado de cobertura,,,,'2016-11-11 08:43:12','2016-11-11 08:43:12','2016-11-11 08:43:12',Atendido,,
161111-358318,,Incidente importado desde SAC,,Cac,Usuario Importador,Carta Documento,,Consulta,Solucionado,,,,,APR1 - AUTOMOTORES,863378,,3623478,Modificaciones datos del producto,,,,'2016-11-11 08:43:12','2016-11-11 08:43:12','2016-11-11 08:43:12',Atendido,,
161111-358320,,Incidente importado desde SAC,,Oficina Mendoza,Usuario Importador,Carta,,Consulta,Solucionado,,,,,AUT1 - AUTOMOTORES,863380,,1322999,Siniestro Jet,,,,'2016-11-11 08:43:12','2016-11-11 08:43:12','2016-11-11 08:43:12',Resuelto,,
161111-358310,,Incidente importado desde SAC,,Cac,Usuario Importador,Telemarketing,,Consulta,Solucionado,,,,,AUS1 - AUTOMOTORES,863370,,6710056,Condiciones de póliza,,,,'2016-11-11 08:43:11','2016-11-11 08:43:11','2016-11-11 08:43:11',Atendido,,
161111-358311,,Incidente importado desde SAC,,Daños Materiales Interior Sur,Usuario Importador,Telemarketing,,Reclamo,Solucionado,,,,,AUS1 - AUTOMOTORES,863371,,7199583,Daños materiales Interior Sur,,,,'2016-11-11 08:43:11','2016-11-11 08:43:11','2016-11-11 08:43:11',Resuelto,,
161111-358308,,Incidente importado desde SAC,,Cac,Usuario Importador,Telemarketing,,Consulta,Solucionado,,,,,AUS1 - AUTOMOTORES,863368,,3031215,Condiciones de póliza,,,,'2016-11-11 08:43:10','2016-11-11 08:43:10','2016-11-11 08:43:10',Atendido,,
161111-358303,,Incidente importado desde SAC,,Fleet Services,Usuario Importador,Telemarketing,,Consulta,Solucionado,,,,,AUS1 - AUTOMOTORES,863364,,2923688,Contacto del tercero,,,,'2016-11-11 08:43:09','2016-11-11 08:43:09','2016-11-11 08:43:09',Atendido,,
161111-358290,,Incidente importado desde SAC,,Gerencia Clientes,Usuario Importador,Telemarketing,,Reclamo,Solucionado,,,,,AUS1 - AUTOMOTORES,863351,,1408901,Venta con anomalías,,,,'2016-11-11 08:43:08','2016-11-11 08:43:08','2016-11-11 08:43:08',No Procedente,,
161111-358297,,Incidente importado desde SAC,,Cac,Usuario Importador,Telemarketing,,Consulta,Solucionado,,,,,AUT1 - AUTOMOTORES,863358,,3495281,Facturación,,,,'2016-11-11 08:43:08','2016-11-11 08:43:08','2016-11-11 08:43:08',Atendido,,
161111-358276,,Incidente importado desde SAC,,Cac,Usuario Importador,Telemarketing,,Consulta,Solucionado,,,,,AUS1 - AUTOMOTORES,863337,,5642838,Post - Denuncia,,,,'2016-11-11 08:43:07','2016-11-11 08:43:07','2016-11-11 08:43:07',Atendido,,
161111-358279,,Incidente importado desde SAC,,Emisión Masivos,Usuario Importador,Carta Documento,,Consulta,Solucionado,,,,,HOM1 - SEGURO DEL HOGAR,863340,,6780590,Baja de póliza,,,,'2016-11-11 08:43:07','2016-11-11 08:43:07','2016-11-11 08:43:07',Atendido,,
161111-358281,,Incidente importado desde SAC,,Cac,Usuario Importador,Telemarketing,,Consulta,Solucionado,,,,,APR1 - AUTOMOTORES,863342,,4316704,Modificaciones datos del producto,,,,'2016-11-11 08:43:07','2016-11-11 08:43:07','2016-11-11 08:43:07',Atendido,,
161111-358269,,Incidente importado desde SAC,,Oficina Rosario,Usuario Importador,Carta,,Consulta,Solucionado,,,,,AUT1 - AUTOMOTORES,863330,,162191,Siniestro Jet,,,,'2016-11-11 08:43:06','2016-11-11 08:43:06','2016-11-11 08:43:06',Resuelto,,
161111-358271,,Incidente importado desde SAC,,Cac,Usuario Importador,Telemarketing,,Reclamo,Solucionado,,,,,AUS1 - AUTOMOTORES,863332,,5625244,Cupón de pago,,,,'2016-11-11 08:43:06','2016-11-11 08:43:06','2016-11-11 08:43:06',Resuelto,,
161111-358243,,Incidente importado desde SAC,,Cac,Usuario Importador,Telemarketing,,Consulta,Solucionado,,,,,AUS1 - AUTOMOTORES,863304,,4051485,Facturación,,,,'2016-11-11 08:43:05','2016-11-11 08:43:05','2016-11-11 08:43:05',Atendido,,
161111-358244,,Incidente importado desde SAC,,Cac,Usuario Importador,Carta Documento,,Consulta,Solucionado,,,,,AUA1 - AUTOMOTORES CARTERA GENERAL,863305,,5802243,Denuncia daños materiales,,,,'2016-11-11 08:43:05','2016-11-11 08:43:05','2016-11-11 08:43:05',Atendido,,
161111-358248,,Incidente importado desde SAC,,Cac,Usuario Importador,Telemarketing,,Consulta,Solucionado,,,,,APR1 - AUTOMOTORES,863309,,3506283,Modificaciones datos del producto,,,,'2016-11-11 08:43:05','2016-11-11 08:43:05','2016-11-11 08:43:05',Atendido,,
161111-358252,,Incidente importado desde SAC,,Cac,Usuario Importador,Telemarketing,,Consulta,Solucionado,,,,,AUS1 - AUTOMOTORES,863313,,1756960,Facturación,,,,'2016-11-11 08:43:05','2016-11-11 08:43:05','2016-11-11 08:43:05',Atendido,,
161111-358254,,Incidente importado desde SAC,,Fleet Services,Usuario Importador,Carta Documento,,Consulta,Solucionado,,,,,AUT1 - AUTOMOTORES,863315,,2373038,Siniestro Jet,,,,'2016-11-11 08:43:05','2016-11-11 08:43:05','2016-11-11 08:43:05',Resuelto,,
161111-358255,,Incidente importado desde SAC,,Gerencia Clientes,Usuario Importador,Telemarketing,,Reclamo,Solucionado,,,,,AUS1 - AUTOMOTORES,863316,,4945739,ZURICH,,,,'2016-11-11 08:43:05','2016-11-11 08:43:05','2016-11-11 08:43:05',Resuelto,,
161111-358231,,Incidente importado desde SAC,,Cac,Usuario Importador,Telemarketing,,Consulta,Solucionado,,,,,AUS1 - AUTOMOTORES,863292,,7805305,Facturación,,,,'2016-11-11 08:43:04','2016-11-11 08:43:04','2016-11-11 08:43:04',Atendido,,
161111-358233,,Incidente importado desde SAC,,Fleet Services,Usuario Importador,Telemarketing,,Consulta,Solucionado,,,,,AUT1 - AUTOMOTORES,863294,,1327256,Contacto del tercero,,,,'2016-11-11 08:43:04','2016-11-11 08:43:04','2016-11-11 08:43:04',Atendido,,
161111-358238,,Incidente importado desde SAC,,Cac,Usuario Importador,Telemarketing,,Consulta,Solucionado,,,,,HOM1 - SEGURO DEL HOGAR,863299,,2327198,Post - Denuncia,,,,'2016-11-11 08:43:04','2016-11-11 08:43:04','2016-11-11 08:43:04',Atendido,,
161111-358211,,Incidente importado desde SAC,,Cac,Usuario Importador,Telemarketing,,Consulta,Solucionado,,,,,AUA1 - AUTOMOTORES CARTERA GENERAL,863272,,7023065,Denuncia daños materiales,,,,'2016-11-11 08:43:03','2016-11-11 08:43:03','2016-11-11 08:43:03',Atendido,,
161111-358217,,Incidente importado desde SAC,,Cac,Usuario Importador,Telemarketing,,Consulta,Solucionado,,,,,AUS1 - AUTOMOTORES,863278,,7817734,Certificado de cobertura,,,,'2016-11-11 08:43:03','2016-11-11 08:43:03','2016-11-11 08:43:03',Atendido,,
161111-358224,,Incidente importado desde SAC,,Cac,Usuario Importador,Telemarketing,,Consulta,Solucionado,,,,,HOM1 - SEGURO DEL HOGAR,863285,,1061784,Ampliación de Cobertura con inspección,,,,'2016-11-11 08:43:03','2016-11-11 08:43:03','2016-11-11 08:43:03',Atendido,,
161111-358227,,Incidente importado desde SAC,,Fleet Services,Usuario Importador,Telemarketing,,Consulta,Solucionado,,,,,AUA1 - AUTOMOTORES CARTERA GENERAL,863288,,4689773,Contacto del tercero,,,,'2016-11-11 08:43:03','2016-11-11 08:43:03','2016-11-11 08:43:03',Atendido,,
161111-358228,,Incidente importado desde SAC,,Cac,Usuario Importador,Telemarketing,,Consulta,Solucionado,,,,,AUS1 - AUTOMOTORES,863289,,6629267,Post - Denuncia,,,,'2016-11-11 08:43:03','2016-11-11 08:43:03','2016-11-11 08:43:03',Atendido,,
161111-358199,,Incidente importado desde SAC,,Cac,Usuario Importador,Telemarketing,,Consulta,Solucionado,,,,,AUS1 - AUTOMOTORES,863259,,1838635,Post - Denuncia,,,,'2016-11-11 08:43:02','2016-11-11 08:43:02','2016-11-11 08:43:02',Atendido,,
161111-358200,,Incidente importado desde SAC,,Mailing,Usuario Importador,Telemarketing,,Reclamo,Solucionado,,,,,AUS1 - AUTOMOTORES,863260,,1170594,Cupón de pago,,,,'2016-11-11 08:43:02','2016-11-11 08:43:02','2016-11-11 08:43:02',Resuelto,,
161111-357691,,,,Emisión Masivos,Fiorella Beltrami,Canal productor,,Consulta,Solucionado,,,45828,,AUS1 - AUTOMOTORES,863261,,3306617,Venta,,,,'2016-11-11 08:43:02','2016-11-11 08:43:02','2016-11-11 08:43:02',Atendido,,
161111-358205,,Incidente importado desde SAC,,Gerencia Clientes,Usuario Importador,Telemarketing,,Consulta,Solucionado,,,,,AUA1 - AUTOMOTORES CARTERA GENERAL,863266,,5317312,Certificado de cobertura,,,,'2016-11-11 08:43:02','2016-11-11 08:43:02','2016-11-11 08:43:02',Atendido,,
161111-358183,,Incidente importado desde SAC,,Cac,Usuario Importador,Telemarketing,,Consulta,Solucionado,,,,,AUT1 - AUTOMOTORES,863243,,1242269,Facturación,,,,'2016-11-11 08:43:01','2016-11-11 08:43:01','2016-11-11 08:43:01',Atendido,,
161111-358191,,Incidente importado desde SAC,,Cac,Usuario Importador,Carta Documento,,Consulta,Solucionado,,,,,AUS1 - AUTOMOTORES,863251,,1386246,Certificado de cobertura,,,,'2016-11-11 08:43:01','2016-11-11 08:43:01','2016-11-11 08:43:01',Atendido,,
161111-358193,,Incidente importado desde SAC,,Cac,Usuario Importador,Telemarketing,,Consulta,Solucionado,,,,,AUS1 - AUTOMOTORES,863253,,2461235,Facturación,,,,'2016-11-11 08:43:01','2016-11-11 08:43:01','2016-11-11 08:43:01',Atendido,,
161111-358195,,Incidente importado desde SAC,,Emisión Masivos,Usuario Importador,Carta Documento,,Consulta,Solucionado,,,,,RCP1 - R.C.PATRONAL,863255,,3405349,,,,,'2016-11-11 08:43:01','2016-11-11 08:43:01','2016-11-11 08:43:01',Atendido,,
161111-358167,,Incidente importado desde SAC,,Cac,Usuario Importador,Telemarketing,,Consulta,Solucionado,,,,,AUS1 - AUTOMOTORES,863227,,3474595,Facturación,,,,'2016-11-11 08:43:00','2016-11-11 08:43:00','2016-11-11 08:43:00',Atendido,,
161111-358171,,Incidente importado desde SAC,,Cac,Usuario Importador,Telemarketing,,Consulta,Solucionado,,,,,AUI1 - AUTOMOTORES INSTITUCIONES,863231,,3381887,Condiciones de póliza,,,,'2016-11-11 08:43:00','2016-11-11 08:43:00','2016-11-11 08:43:00',Atendido,,
161111-358172,,Incidente importado desde SAC,,Emisión Masivos,Usuario Importador,Telemarketing,,Consulta,Solucionado,,,,,AUS1 - AUTOMOTORES,863232,,7090949,Baja de póliza,,,,'2016-11-11 08:43:00','2016-11-11 08:43:00','2016-11-11 08:43:00',Atendido,,
161111-358173,,Incidente importado desde SAC,,Legales no Siniestros,Usuario Importador,Entes Reguladores,,Consulta,Solucionado,,,,,AUS1 - AUTOMOTORES,863233,,2613233,,,,,'2016-11-11 08:43:00','2016-11-11 08:43:00','2016-11-11 08:43:00',Resuelto,,
161111-358178,,Incidente importado desde SAC,,Cac,Usuario Importador,Telemarketing,,Consulta,Solucionado,,,,,AUS1 - AUTOMOTORES,863238,,5602598,Post - Denuncia,,,,'2016-11-11 08:43:00','2016-11-11 08:43:00','2016-11-11 08:43:00',Atendido,,
161111-358157,,Incidente importado desde SAC,,Gerencia Clientes,Usuario Importador,Telemarketing,,Consulta,Solucionado,,,,,AUA1 - AUTOMOTORES CARTERA GENERAL,863217,,4745989,Certificado de cobertura,,,,'2016-11-11 08:42:59','2016-11-11 08:42:59','2016-11-11 08:42:59',Atendido,,
161111-358159,,Incidente importado desde SAC,,Cac,Usuario Importador,Carta Documento,,Consulta,Solucionado,,,,,AUS1 - AUTOMOTORES,863219,,2389174,Certificado de cobertura,,,,'2016-11-11 08:42:59','2016-11-11 08:42:59','2016-11-11 08:42:59',Atendido,,
161111-358162,,Incidente importado desde SAC,,Cac,Usuario Importador,Telemarketing,,Consulta,Solucionado,,,,,AUS1 - AUTOMOTORES,863222,,5227981,Facturación,,,,'2016-11-11 08:42:59','2016-11-11 08:42:59','2016-11-11 08:42:59',Atendido,,
161111-358165,,Incidente importado desde SAC,,Emisión Masivos,Usuario Importador,Telemarketing,,Consulta,Solucionado,,,,,HOM1 - SEGURO DEL HOGAR,863225,,4790623,Baja de póliza,,,,'2016-11-11 08:42:59','2016-11-11 08:42:59','2016-11-11 08:42:59',Atendido,,
161111-358166,,Incidente importado desde SAC,,Cac,Usuario Importador,Telemarketing,,Consulta,Solucionado,,,,,AUS1 - AUTOMOTORES,863226,,5842710,Post - Denuncia,,,,'2016-11-11 08:42:59','2016-11-11 08:42:59','2016-11-11 08:42:59',Atendido,,
161111-358148,,Incidente importado desde SAC,,Oficina Cordoba,Usuario Importador,Telemarketing,,Disconformidad,Solucionado,,,,,HOM1 - SEGURO DEL HOGAR,863208,,2066870,Con resolución de siniestro - Disconformidad,,,,'2016-11-11 08:42:57','2016-11-11 08:42:57','2016-11-11 08:42:57',Resuelto,,
161111-358152,,Incidente importado desde SAC,,Cac,Usuario Importador,Telemarketing,,Consulta,Solucionado,,,,,APL1 - AUTOMOTORES PLANES,863212,,3526012,Facturación,,,,'2016-11-11 08:42:57','2016-11-11 08:42:57','2016-11-11 08:42:57',Atendido,,
161111-358145,,Incidente importado desde SAC,,Cac,Usuario Importador,Telemarketing,,Consulta,Solucionado,,,,,AUS1 - AUTOMOTORES,863205,,3414823,Cupón de pago,,,,'2016-11-11 08:42:56','2016-11-11 08:42:56','2016-11-11 08:42:56',Atendido,,
161111-358146,,Incidente importado desde SAC,,Cac,Usuario Importador,Telemarketing,,Consulta,Solucionado,,,,,AUS1 - AUTOMOTORES,863206,,1166378,Post - Denuncia,,,,'2016-11-11 08:42:56','2016-11-11 08:42:56','2016-11-11 08:42:56',Atendido,,
161111-358130,,Incidente importado desde SAC,,Cac,Usuario Importador,Telemarketing,,Consulta,Solucionado,,,,,AUS1 - AUTOMOTORES,863190,,3394161,Post - Denuncia,,,,'2016-11-11 08:42:55','2016-11-11 08:42:55','2016-11-11 08:42:55',Atendido,,
161111-358135,,Incidente importado desde SAC,,Cac,Usuario Importador,Telemarketing,,Consulta,Solucionado,,,,,HOC1 - SEGURO DEL HOGAR,863195,,4423547,Facturación,,,,'2016-11-11 08:42:55','2016-11-11 08:42:55','2016-11-11 08:42:55',Atendido,,
161111-358140,,Incidente importado desde SAC,,Cac,Usuario Importador,Telemarketing,,Consulta,Solucionado,,,,,APL1 - AUTOMOTORES PLANES,863200,,3526621,Post - Denuncia,,,,'2016-11-11 08:42:55','2016-11-11 08:42:55','2016-11-11 08:42:55',Atendido,,
161111-358141,,Incidente importado desde SAC,,Cac,Usuario Importador,Telemarketing,,Consulta,Solucionado,,,,,AUS1 - AUTOMOTORES,863201,,4177595,Facturación,,,,'2016-11-11 08:42:55','2016-11-11 08:42:55','2016-11-11 08:42:55',Atendido,,
161111-358144,,Incidente importado desde SAC,,Gerencia Clientes,Usuario Importador,Telemarketing,,Reclamo,Solucionado,,,,,ATD1 - ROBO/USUAR.T.DEB-CRE,863204,,530800,Venta con anomalías,,,,'2016-11-11 08:42:55','2016-11-11 08:42:55','2016-11-11 08:42:55',Resuelto,,
161111-358118,,Incidente importado desde SAC,,Gerencia Clientes,Usuario Importador,Telemarketing,,Consulta,Solucionado,,,,,AUA1 - AUTOMOTORES CARTERA GENERAL,863178,,7306272,Certificado de cobertura,,,,'2016-11-11 08:42:54','2016-11-11 08:42:54','2016-11-11 08:42:54',Atendido,,
161111-358127,,Incidente importado desde SAC,,Cac,Usuario Importador,Telemarketing,,Consulta,Solucionado,,,,,AUS1 - AUTOMOTORES,863187,,7356223,Facturación,,,,'2016-11-11 08:42:54','2016-11-11 08:42:54','2016-11-11 08:42:54',Atendido,,
161111-358103,,Incidente importado desde SAC,,Cac,Usuario Importador,Telemarketing,,Consulta,Solucionado,,,,,AUS1 - AUTOMOTORES,863163,,3524513,Facturación,,,,'2016-11-11 08:42:53','2016-11-11 08:42:53','2016-11-11 08:42:53',Atendido,,
161111-358113,,Incidente importado desde SAC,,Cac,Usuario Importador,Telemarketing,,Consulta,Solucionado,,,,,AUS1 - AUTOMOTORES,863173,,2914117,Facturación,,,,'2016-11-11 08:42:53','2016-11-11 08:42:53','2016-11-11 08:42:53',Atendido,,
161111-358087,,Incidente importado desde SAC,,Cac,Usuario Importador,Telemarketing,,Consulta,Solucionado,,,,,AUS1 - AUTOMOTORES,863147,,4919899,Certificado de cobertura,,,,'2016-11-11 08:42:52','2016-11-11 08:42:52','2016-11-11 08:42:52',Atendido,,
161111-358089,,Incidente importado desde SAC,,Cac,Usuario Importador,Telemarketing,,Consulta,Solucionado,,,,,AUA1 - AUTOMOTORES CARTERA GENERAL,863149,,1322964,Cartera general,,,,'2016-11-11 08:42:52','2016-11-11 08:42:52','2016-11-11 08:42:52',Atendido,,
161111-358095,,Incidente importado desde SAC,,Cac,Usuario Importador,Telemarketing,,Consulta,Solucionado,,,,,APL1 - AUTOMOTORES PLANES,863155,,1807023,Post - Denuncia,,,,'2016-11-11 08:42:52','2016-11-11 08:42:52','2016-11-11 08:42:52',Atendido,,
161111-358067,,Incidente importado desde SAC,,Cac,Usuario Importador,Telemarketing,,Consulta,Solucionado,,,,,APR1 - AUTOMOTORES,863127,,6227585,Modificaciones datos del producto,,,,'2016-11-11 08:42:51','2016-11-11 08:42:51','2016-11-11 08:42:51',Atendido,,
161111-358069,,Incidente importado desde SAC,,Cac,Usuario Importador,Carta Documento,,Consulta,Solucionado,,,,,AUS1 - AUTOMOTORES,863129,,2260640,Facturación,,,,'2016-11-11 08:42:51','2016-11-11 08:42:51','2016-11-11 08:42:51',Atendido,,
161111-358071,,Incidente importado desde SAC,,Mailing,Usuario Importador,Telemarketing,,Reclamo,Solucionado,,,,,AUS1 - AUTOMOTORES,863131,,3907251,Cupón de pago,,,,'2016-11-11 08:42:51','2016-11-11 08:42:51','2016-11-11 08:42:51',Resuelto,,
161111-358073,,Incidente importado desde SAC,,Emisión Masivos,Usuario Importador,Telemarketing,,Consulta,Solucionado,,,,,AUS1 - AUTOMOTORES,863133,,3029634,Baja de póliza,,,,'2016-11-11 08:42:51','2016-11-11 08:42:51','2016-11-11 08:42:51',Atendido,,
161111-358078,,Incidente importado desde SAC,,Lesiones,Usuario Importador,Carta,,Consulta,Solucionado,,,,,APL1 - AUTOMOTORES PLANES,863138,,3392429,Siniestro Jet (Cobertura),,,,'2016-11-11 08:42:51','2016-11-11 08:42:51','2016-11-11 08:42:51',Resuelto,,
161111-358081,,Incidente importado desde SAC,,Cac,Usuario Importador,Telemarketing,,Consulta,Solucionado,,,,,AUS1 - AUTOMOTORES,863141,,2857968,Post - Denuncia,,,,'2016-11-11 08:42:51','2016-11-11 08:42:51','2016-11-11 08:42:51',Atendido,,
161111-358082,,Incidente importado desde SAC,,Cac,Usuario Importador,Telemarketing,,Consulta,Solucionado,,,,,HOM1 - SEGURO DEL HOGAR,863142,,5061196,Facturación,,,,'2016-11-11 08:42:51','2016-11-11 08:42:51','2016-11-11 08:42:51',Atendido,,
161111-358083,,Incidente importado desde SAC,,Cac,Usuario Importador,Telemarketing,,Consulta,Solucionado,,,,,APR1 - AUTOMOTORES,863143,,3591734,Post - Denuncia,,,,'2016-11-11 08:42:51','2016-11-11 08:42:51','2016-11-11 08:42:51',Atendido,,
161111-358053,,Incidente importado desde SAC,,Cac,Usuario Importador,Carta Documento,,Consulta,Solucionado,,,,,AUI1 - AUTOMOTORES INSTITUCIONES,863113,,4588328,Certificado de cobertura,,,,'2016-11-11 08:42:50','2016-11-11 08:42:50','2016-11-11 08:42:50',Atendido,,
161111-358057,,Incidente importado desde SAC,,Cac,Usuario Importador,Telemarketing,,Consulta,Solucionado,,,,,AUS1 - AUTOMOTORES,863117,,2399226,Facturación,,,,'2016-11-11 08:42:50','2016-11-11 08:42:50','2016-11-11 08:42:50',Atendido,,
161111-358058,,Incidente importado desde SAC,,Cac,Usuario Importador,Telemarketing,,Consulta,Solucionado,,,,,HOM1 - SEGURO DEL HOGAR,863118,,2257877,Facturación,,,,'2016-11-11 08:42:50','2016-11-11 08:42:50','2016-11-11 08:42:50',Atendido,,
161111-358063,,Incidente importado desde SAC,,Cac,Usuario Importador,Telemarketing,,Consulta,Solucionado,,,,,AUS1 - AUTOMOTORES,863123,,6238679,Facturación,,,,'2016-11-11 08:42:50','2016-11-11 08:42:50','2016-11-11 08:42:50',Atendido,,
161111-358065,,Incidente importado desde SAC,,Emisión Masivos,Usuario Importador,Telemarketing,,Consulta,Solucionado,,,,,AUS1 - AUTOMOTORES,863125,,6138818,Baja de póliza,,,,'2016-11-11 08:42:50','2016-11-11 08:42:50','2016-11-11 08:42:50',Atendido,,
161111-358039,,Incidente importado desde SAC,,Cac,Usuario Importador,Telemarketing,,Consulta,Solucionado,,,,,AUS1 - AUTOMOTORES,863100,,3249273,Facturación,,,,'2016-11-11 08:42:49','2016-11-11 08:42:49','2016-11-11 08:42:49',Atendido,,
161111-358043,,Incidente importado desde SAC,,Cac,Usuario Importador,Telemarketing,,Reclamo,Solucionado,,,,,APR1 - AUTOMOTORES,863103,,5632700,Demora en alta de póliza,,,,'2016-11-11 08:42:49','2016-11-11 08:42:49','2016-11-11 08:42:49',No Procedente,,
161111-358047,,Incidente importado desde SAC,,Cac,Usuario Importador,Carta Documento,,Consulta,Solucionado,,,,,APR1 - AUTOMOTORES,863107,,2707607,Post - Denuncia,,,,'2016-11-11 08:42:49','2016-11-11 08:42:49','2016-11-11 08:42:49',Atendido,,
161111-358048,,Incidente importado desde SAC,,Cac,Usuario Importador,Telemarketing,,Consulta,Solucionado,,,,,AUS1 - AUTOMOTORES,863108,,4364759,Post - Denuncia,,,,'2016-11-11 08:42:49','2016-11-11 08:42:49','2016-11-11 08:42:49',Atendido,,
161111-358020,,Incidente importado desde SAC,,Cac,Usuario Importador,Carta Documento,,Consulta,Solucionado,,,,,AUA1 - AUTOMOTORES CARTERA GENERAL,863081,,3374838,Cartera general,,,,'2016-11-11 08:42:48','2016-11-11 08:42:48','2016-11-11 08:42:48',Atendido,,
161111-358021,,Incidente importado desde SAC,,Cac,Usuario Importador,Carta Documento,,Consulta,Solucionado,,,,,ATD1 - ROBO/USUAR.T.DEB-CRE,863082,,4988773,Baja de póliza,,,,'2016-11-11 08:42:48','2016-11-11 08:42:48','2016-11-11 08:42:48',Atendido,,
161111-358030,,Incidente importado desde SAC,,Cac,Usuario Importador,Telemarketing,,Consulta,Solucionado,,,,,AUS1 - AUTOMOTORES,863091,,1191423,Facturación,,,,'2016-11-11 08:42:48','2016-11-11 08:42:48','2016-11-11 08:42:48',Atendido,,
161111-358032,,Incidente importado desde SAC,,Cac,Usuario Importador,Carta Documento,,Consulta,Solucionado,,,,,AUI1 - AUTOMOTORES INSTITUCIONES,863093,,2019828,Certificado de cobertura,,,,'2016-11-11 08:42:48','2016-11-11 08:42:48','2016-11-11 08:42:48',Atendido,,
161111-358033,,Incidente importado desde SAC,,Cac,Usuario Importador,Telemarketing,,Consulta,Solucionado,,,,,HOM1 - SEGURO DEL HOGAR,863094,,6742266,Post - Denuncia,,,,'2016-11-11 08:42:48','2016-11-11 08:42:48','2016-11-11 08:42:48',Atendido,,
161111-358006,,Incidente importado desde SAC,,Cac,Usuario Importador,Carta Documento,,Consulta,Solucionado,,,,,AUS1 - AUTOMOTORES,863067,,2853706,Certificado de cobertura,,,,'2016-11-11 08:42:47','2016-11-11 08:42:47','2016-11-11 08:42:47',Atendido,,
161111-358011,,Incidente importado desde SAC,,Cac,Usuario Importador,Telemarketing,,Consulta,Solucionado,,,,,APL1 - AUTOMOTORES PLANES,863072,,3604617,Facturación,,,,'2016-11-11 08:42:47','2016-11-11 08:42:47','2016-11-11 08:42:47',Atendido,,
161111-358012,,Incidente importado desde SAC,,Cac,Usuario Importador,Telemarketing,,Consulta,Solucionado,,,,,AUI1 - AUTOMOTORES INSTITUCIONES,863073,,2817053,Facturación,,,,'2016-11-11 08:42:47','2016-11-11 08:42:47','2016-11-11 08:42:47',Atendido,,
161111-357997,,Incidente importado desde SAC,,Cac,Usuario Importador,Telemarketing,,Consulta,Solucionado,,,,,AUS1 - AUTOMOTORES,863058,,3160104,Facturación,,,,'2016-11-11 08:42:46','2016-11-11 08:42:46','2016-11-11 08:42:46',Atendido,,
161111-358003,,Incidente importado desde SAC,,Cac,Usuario Importador,Telemarketing,,Consulta,Solucionado,,,,,HOM1 - SEGURO DEL HOGAR,863064,,4166221,Post - Denuncia,,,,'2016-11-11 08:42:46','2016-11-11 08:42:46','2016-11-11 08:42:46',Atendido,,
161111-357994,,Incidente importado desde SAC,,Cac,Usuario Importador,Carta Documento,,Consulta,Solucionado,,,,,AUS1 - AUTOMOTORES,863055,,4394417,Inspección por previa,,,,'2016-11-11 08:42:45','2016-11-11 08:42:45','2016-11-11 08:42:45',Atendido,,
161111-357986,,Incidente importado desde SAC,,Cac,Usuario Importador,Telemarketing,,Consulta,Solucionado,,,,,AUS1 - AUTOMOTORES,863047,,4865856,Post - Denuncia,,,,'2016-11-11 08:42:44','2016-11-11 08:42:44','2016-11-11 08:42:44',Atendido,,
161111-357990,,Incidente importado desde SAC,,Gerencia Clientes,Usuario Importador,Entes Reguladores,,Accion Proactiva,Solucionado,,,,,APL1 - AUTOMOTORES PLANES,863051,,4366905,Uso Interno SAA - Acción Proactiva,,,,'2016-11-11 08:42:44','2016-11-11 08:42:44','2016-11-11 08:42:44',Resuelto,,
161111-357976,,Incidente importado desde SAC,,Cac,Usuario Importador,Telemarketing,,Consulta,Solucionado,,,,,AUI1 - AUTOMOTORES INSTITUCIONES,863037,,720522,Post - Denuncia,,,,'2016-11-11 08:42:43','2016-11-11 08:42:43','2016-11-11 08:42:43',Atendido,,
161111-357979,,Incidente importado desde SAC,,Cac,Usuario Importador,Telemarketing,,Consulta,Solucionado,,,,,AUS1 - AUTOMOTORES,863040,,3630999,Facturación,,,,'2016-11-11 08:42:43','2016-11-11 08:42:43','2016-11-11 08:42:43',Atendido,,
161111-357982,,Incidente importado desde SAC,,Fleet Services,Usuario Importador,Telemarketing,,Consulta,Solucionado,,,,,AUA1 - AUTOMOTORES CARTERA GENERAL,863043,,1432717,Contacto del tercero,,,,'2016-11-11 08:42:43','2016-11-11 08:42:43','2016-11-11 08:42:43',Atendido,,
161111-357983,,Incidente importado desde SAC,,Cac,Usuario Importador,Telemarketing,,Consulta,Solucionado,,,,,APR1 - AUTOMOTORES,863044,,6853353,Certificado de cobertura,,,,'2016-11-11 08:42:43','2016-11-11 08:42:43','2016-11-11 08:42:43',Atendido,,
161111-357984,,Incidente importado desde SAC,,Cac,Usuario Importador,Telemarketing,,Consulta,Solucionado,,,,,AUT1 - AUTOMOTORES,863045,,1746806,Facturación,,,,'2016-11-11 08:42:43','2016-11-11 08:42:43','2016-11-11 08:42:43',Atendido,,
161111-357964,,Incidente importado desde SAC,,Cac,Usuario Importador,Telemarketing,,Consulta,Solucionado,,,,,AUS1 - AUTOMOTORES,863025,,550608,Cupón de pago,,,,'2016-11-11 08:42:42','2016-11-11 08:42:42','2016-11-11 08:42:42',Atendido,,
161111-357967,,Incidente importado desde SAC,,Cac,Usuario Importador,Telemarketing,,Consulta,Solucionado,,,,,AUS1 - AUTOMOTORES,863028,,6908340,Condiciones de póliza,,,,'2016-11-11 08:42:42','2016-11-11 08:42:42','2016-11-11 08:42:42',Atendido,,
161111-357973,,Incidente importado desde SAC,,Mailing,Usuario Importador,Telemarketing,,Reclamo,Solucionado,,,,,AUS1 - AUTOMOTORES,863034,,3438506,Cupón de pago,,,,'2016-11-11 08:42:42','2016-11-11 08:42:42','2016-11-11 08:42:42',Resuelto,,
161111-357946,,Incidente importado desde SAC,,Gerencia Clientes,Usuario Importador,Telemarketing,,Reclamo,Solucionado,,,,,HOM1 - SEGURO DEL HOGAR,863007,,4498423,Venta con anomalías,,,,'2016-11-11 08:42:41','2016-11-11 08:42:41','2016-11-11 08:42:41',Resuelto,,
161111-357956,,Incidente importado desde SAC,,Mailing,Usuario Importador,Telemarketing,,Reclamo,Solucionado,,,,,APL1 - AUTOMOTORES PLANES,863017,,6127183,Certificado de cobertura,,,,'2016-11-11 08:42:41','2016-11-11 08:42:41','2016-11-11 08:42:41',Resuelto,,
161111-357930,,Incidente importado desde SAC,,Cac,Usuario Importador,Telemarketing,,Consulta,Solucionado,,,,,AUS1 - AUTOMOTORES,862991,,6689015,Facturación,,,,'2016-11-11 08:42:40','2016-11-11 08:42:40','2016-11-11 08:42:40',Atendido,,
161111-357931,,Incidente importado desde SAC,,Mailing,Usuario Importador,Telemarketing,,Reclamo,Solucionado,,,,,AUS1 - AUTOMOTORES,862992,,7171523,Certificado de cobertura,,,,'2016-11-11 08:42:40','2016-11-11 08:42:40','2016-11-11 08:42:40',Resuelto,,
161111-357932,,Incidente importado desde SAC,,Cac,Usuario Importador,Telemarketing,,Consulta,Solucionado,,,,,AUS1 - AUTOMOTORES,862993,,3530138,Post - Denuncia,,,,'2016-11-11 08:42:40','2016-11-11 08:42:40','2016-11-11 08:42:40',Atendido,,
161111-357933,,Incidente importado desde SAC,,Cac,Usuario Importador,Telemarketing,,Consulta,Solucionado,,,,,AUS1 - AUTOMOTORES,862994,,1339164,Reintegro - Automático,,,,'2016-11-11 08:42:40','2016-11-11 08:42:40','2016-11-11 08:42:40',Atendido,,
161111-357913,,Incidente importado desde SAC,,Cac,Usuario Importador,Telemarketing,,Consulta,Solucionado,,,,,AUS1 - AUTOMOTORES,862974,,1825604,Condiciones de póliza,,,,'2016-11-11 08:42:39','2016-11-11 08:42:39','2016-11-11 08:42:39',Atendido,,
161111-357927,,Incidente importado desde SAC,,Emisión Masivos,Usuario Importador,Telemarketing,,Consulta,Solucionado,,,,,AUS1 - AUTOMOTORES,862988,,3773550,Baja de póliza,,,,'2016-11-11 08:42:39','2016-11-11 08:42:39','2016-11-11 08:42:39',Atendido,,
161111-357928,,Incidente importado desde SAC,,Cac,Usuario Importador,Carta Documento,,Consulta,Solucionado,,,,,AUS1 - AUTOMOTORES,862989,,1390430,Certificado de cobertura,,,,'2016-11-11 08:42:39','2016-11-11 08:42:39','2016-11-11 08:42:39',Atendido,,
161111-357905,,Incidente importado desde SAC,,Cac,Usuario Importador,Telemarketing,,Consulta,Solucionado,,,,,ATD1 - ROBO/USUAR.T.DEB-CRE,862966,,3827622,Baja de póliza,,,,'2016-11-11 08:42:38','2016-11-11 08:42:38','2016-11-11 08:42:38',Atendido,,
161111-357906,,Incidente importado desde SAC,,Cac,Usuario Importador,Telemarketing,,Consulta,Solucionado,,,,,AUS1 - AUTOMOTORES,862967,,3758623,Facturación,,,,'2016-11-11 08:42:38','2016-11-11 08:42:38','2016-11-11 08:42:38',Atendido,,
161111-357909,,Incidente importado desde SAC,,Cac,Usuario Importador,Llamada entrante,,Consulta,Solucionado,,,,,APL1 - AUTOMOTORES PLANES,862970,,3526784,Modificaciones datos del producto,,,,'2016-11-11 08:42:38','2016-11-11 08:42:38','2016-11-11 08:42:38',Atendido,,
161111-357880,,Incidente importado desde SAC,,Gerencia Clientes,Usuario Importador,Telemarketing,,Accion Proactiva,Solucionado,,,,,APL1 - AUTOMOTORES PLANES,862942,,3494080,Uso Interno SAA - Acción Proactiva,,,,'2016-11-11 08:42:37','2016-11-11 08:42:37','2016-11-11 08:42:37',Resuelto,,
161111-357882,,Incidente importado desde SAC,,Emisión Masivos,Usuario Importador,Telemarketing,,Consulta,Solucionado,,,,,AUS1 - AUTOMOTORES,862944,,3477636,Baja de póliza,,,,'2016-11-11 08:42:37','2016-11-11 08:42:37','2016-11-11 08:42:37',Atendido,,
161111-357887,,Incidente importado desde SAC,,Cac,Usuario Importador,Telemarketing,,Consulta,Solucionado,,,,,HOM1 - SEGURO DEL HOGAR,862948,,6195541,Facturación,,,,'2016-11-11 08:42:37','2016-11-11 08:42:37','2016-11-11 08:42:37',Atendido,,
161111-357889,,Incidente importado desde SAC,,Cac,Usuario Importador,Carta Documento,,Consulta,Solucionado,,,,,ATD1 - ROBO/USUAR.T.DEB-CRE,862950,,594853,Baja de póliza,,,,'2016-11-11 08:42:37','2016-11-11 08:42:37','2016-11-11 08:42:37',Atendido,,
161111-357892,,Incidente importado desde SAC,,Cac,Usuario Importador,Carta Documento,,Consulta,Solucionado,,,,,HOM1 - SEGURO DEL HOGAR,862953,,4856812,Facturación,,,,'2016-11-11 08:42:37','2016-11-11 08:42:37','2016-11-11 08:42:37',Atendido,,
161111-357868,,Incidente importado desde SAC,,Cac,Usuario Importador,Telemarketing,,Consulta,Solucionado,,,,,AUS1 - AUTOMOTORES,862931,,369676,Denuncia daños materiales,,,,'2016-11-11 08:42:36','2016-11-11 08:42:36','2016-11-11 08:42:36',Atendido,,
161111-357871,,Incidente importado desde SAC,,Cac,Usuario Importador,Telemarketing,,Consulta,Solucionado,,,,,ATD1 - ROBO/USUAR.T.DEB-CRE,862934,,3006490,Baja de póliza,,,,'2016-11-11 08:42:36','2016-11-11 08:42:36','2016-11-11 08:42:36',Atendido,,
161111-357872,,Incidente importado desde SAC,,Emisión Masivos,Usuario Importador,Telemarketing,,Consulta,Solucionado,,,,,AUS1 - AUTOMOTORES,862935,,3594398,Baja de póliza,,,,'2016-11-11 08:42:36','2016-11-11 08:42:36','2016-11-11 08:42:36',Atendido,,
161111-357847,,Incidente importado desde SAC,,Fleet Services,Usuario Importador,Telemarketing,,Consulta,Solucionado,,,,,AUT1 - AUTOMOTORES,862910,,7306272,Contacto del tercero,,,,'2016-11-11 08:42:34','2016-11-11 08:42:34','2016-11-11 08:42:34',Atendido,,
161111-357857,,Incidente importado desde SAC,,Emisión Cartera Gral.,Usuario Importador,Telemarketing,,Consulta,Solucionado,,,,,AUT1 - AUTOMOTORES,862920,,450517,Baja de póliza,,,,'2016-11-11 08:42:34','2016-11-11 08:42:34','2016-11-11 08:42:34',Atendido,,
161111-357837,,Incidente importado desde SAC,,Gerencia Clientes,Usuario Importador,Telemarketing,,Reclamo,Solucionado,,,,,TRV2 - SEGURO DEL VIAJERO,862900,,4140638,Venta con anomalías,,,,'2016-11-11 08:42:33','2016-11-11 08:42:33','2016-11-11 08:42:33',Resuelto,,
161111-357842,,Incidente importado desde SAC,,Daños Materiales Autos,Usuario Importador,Carta,,Consulta,Solucionado,,,,,AUT1 - AUTOMOTORES,862905,,6487479,Siniestro Jet,,,,'2016-11-11 08:42:33','2016-11-11 08:42:33','2016-11-11 08:42:33',Resuelto,,
161111-357827,,Incidente importado desde SAC,,Cac,Usuario Importador,Telemarketing,,Consulta,Solucionado,,,,,AUS1 - AUTOMOTORES,862891,,7309248,Post - Denuncia,,,,'2016-11-11 08:42:32','2016-11-11 08:42:32','2016-11-11 08:42:32',Atendido,,
161111-357828,,Incidente importado desde SAC,,Cac,Usuario Importador,Telemarketing,,Consulta,Solucionado,,,,,AUS1 - AUTOMOTORES,862892,,3252208,Facturación,,,,'2016-11-11 08:42:32','2016-11-11 08:42:32','2016-11-11 08:42:32',Atendido,,
161111-357829,,Incidente importado desde SAC,,Cac,Usuario Importador,Telemarketing,,Consulta,Solucionado,,,,,AUS1 - AUTOMOTORES,862893,,2686802,Post - Denuncia,,,,'2016-11-11 08:42:32','2016-11-11 08:42:32','2016-11-11 08:42:32',Atendido,,
161111-357832,,Incidente importado desde SAC,,Cac,Usuario Importador,Carta Documento,,Consulta,Solucionado,,,,,APR1 - AUTOMOTORES,862896,,2743726,Certificado de cobertura,,,,'2016-11-11 08:42:32','2016-11-11 08:42:32','2016-11-11 08:42:32',Atendido,,
161111-357816,,Incidente importado desde SAC,,Cac,Usuario Importador,Carta Documento,,Consulta,Solucionado,,,,,APL1 - AUTOMOTORES PLANES,862880,,3774069,Post - Denuncia,,,,'2016-11-11 08:42:30','2016-11-11 08:42:30','2016-11-11 08:42:30',Atendido,,
161111-357818,,Incidente importado desde SAC,,Cac,Usuario Importador,Telemarketing,,Consulta,Solucionado,,,,,AUS1 - AUTOMOTORES,862882,,5912359,Condiciones de póliza,,,,'2016-11-11 08:42:30','2016-11-11 08:42:30','2016-11-11 08:42:30',Atendido,,
161111-357806,,Incidente importado desde SAC,,Mailing,Usuario Importador,Carta Documento,,Reclamo,Solucionado,,,,,AUS1 - AUTOMOTORES,862870,,3721480,Certificado de cobertura,,,,'2016-11-11 08:42:29','2016-11-11 08:42:29','2016-11-11 08:42:29',Resuelto,,
161111-357813,,Incidente importado desde SAC,,Cac,Usuario Importador,Telemarketing,,Consulta,Solucionado,,,,,APR1 - AUTOMOTORES,862877,,6817531,Denuncia Robos,,,,'2016-11-11 08:42:29','2016-11-11 08:42:29','2016-11-11 08:42:29',Atendido,,
161111-357799,,Incidente importado desde SAC,,Emisión Masivos,Usuario Importador,Telemarketing,,Accion Proactiva,Solucionado,,,,,AUS1 - AUTOMOTORES,862863,,4841821,Irregularidad siniestro - Acción Proactiva,,,,'2016-11-11 08:42:28','2016-11-11 08:42:28','2016-11-11 08:42:28',Resuelto,,
161111-357801,,Incidente importado desde SAC,,Cac,Usuario Importador,Carta Documento,,Consulta,Solucionado,,,,,APR1 - AUTOMOTORES,862865,,3100024,Certificado de cobertura,,,,'2016-11-11 08:42:28','2016-11-11 08:42:28','2016-11-11 08:42:28',Atendido,,
161111-357775,,Incidente importado desde SAC,,Cac,Usuario Importador,Carta Documento,,Consulta,Solucionado,,,,,AUS1 - AUTOMOTORES,862839,,7848553,Certificado de cobertura,,,,'2016-11-11 08:42:27','2016-11-11 08:42:27','2016-11-11 08:42:27',Atendido,,
161111-357778,,Incidente importado desde SAC,,Emisión Masivos,Usuario Importador,Telemarketing,,Consulta,Solucionado,,,,,AUS1 - AUTOMOTORES,862842,,3075809,Baja de póliza,,,,'2016-11-11 08:42:27','2016-11-11 08:42:27','2016-11-11 08:42:27',Atendido,,
161111-357779,,Incidente importado desde SAC,,Cac,Usuario Importador,Telemarketing,,Consulta,Solucionado,,,,,APR1 - AUTOMOTORES,862843,,327527,Post - Denuncia,,,,'2016-11-11 08:42:27','2016-11-11 08:42:27','2016-11-11 08:42:27',Atendido,,
161111-357783,,Incidente importado desde SAC,,Cac,Usuario Importador,Telemarketing,,Consulta,Solucionado,,,,,AUS1 - AUTOMOTORES,862847,,6511558,Certificado de cobertura,,,,'2016-11-11 08:42:27','2016-11-11 08:42:27','2016-11-11 08:42:27',Atendido,,
161111-357765,,Incidente importado desde SAC,,Fleet Services,Usuario Importador,Telemarketing,,Consulta,Solucionado,,,,,AUS1 - AUTOMOTORES,862829,,7388236,Contacto del tercero,,,,'2016-11-11 08:42:26','2016-11-11 08:42:26','2016-11-11 08:42:26',Resuelto,,
161111-357768,,Incidente importado desde SAC,,Emisión Masivos,Usuario Importador,Telemarketing,,Consulta,Solucionado,,,,,AUS1 - AUTOMOTORES,862832,,4633198,Baja de póliza,,,,'2016-11-11 08:42:26','2016-11-11 08:42:26','2016-11-11 08:42:26',Atendido,,
161111-357771,,Incidente importado desde SAC,,Cac,Usuario Importador,Telemarketing,,Consulta,Solucionado,,,,,HOM1 - SEGURO DEL HOGAR,862835,,2110528,Ampliación de Cobertura con inspección,,,,'2016-11-11 08:42:26','2016-11-11 08:42:26','2016-11-11 08:42:26',Atendido,,
161111-357752,,Incidente importado desde SAC,,Cac,Usuario Importador,Telemarketing,,Consulta,Solucionado,,,,,AUS1 - AUTOMOTORES,862816,,4996243,Post - Denuncia,,,,'2016-11-11 08:42:25','2016-11-11 08:42:25','2016-11-11 08:42:25',Atendido,,
161111-357754,,Incidente importado desde SAC,,Cac,Usuario Importador,Telemarketing,,Consulta,Solucionado,,,,,AUS1 - AUTOMOTORES,862818,,998234,Facturación,,,,'2016-11-11 08:42:25','2016-11-11 08:42:25','2016-11-11 08:42:25',Atendido,,
161111-357739,,Incidente importado desde SAC,,Daños Materiales Autos,Usuario Importador,Telemarketing,,Disconformidad,Solucionado,,,,,AUS1 - AUTOMOTORES,862803,,1319673,Con resolución de siniestro - Disconformidad,,,,'2016-11-11 08:42:24','2016-11-11 08:42:24','2016-11-11 08:42:24',Atendido,,
161111-357741,,Incidente importado desde SAC,,Cac,Usuario Importador,Telemarketing,,Consulta,Solucionado,,,,,AUS1 - AUTOMOTORES,862805,,6684335,Post - Denuncia,,,,'2016-11-11 08:42:24','2016-11-11 08:42:24','2016-11-11 08:42:24',Atendido,,
161111-357742,,Incidente importado desde SAC,,Cac,Usuario Importador,Telemarketing,,Consulta,Solucionado,,,,,AUS1 - AUTOMOTORES,862806,,566294,Facturación,,,,'2016-11-11 08:42:24','2016-11-11 08:42:24','2016-11-11 08:42:24',Atendido,,
161111-357743,,Incidente importado desde SAC,,Cac,Usuario Importador,Telemarketing,,Consulta,Solucionado,,,,,APR1 - AUTOMOTORES,862807,,4001041,Modificaciones datos del producto,,,,'2016-11-11 08:42:24','2016-11-11 08:42:24','2016-11-11 08:42:24',Atendido,,
161111-357721,,Incidente importado desde SAC,,Fleet Services,Usuario Importador,Telemarketing,,Consulta,Solucionado,,,,,AUA1 - AUTOMOTORES CARTERA GENERAL,862785,,705311,Contacto del tercero,,,,'2016-11-11 08:42:23','2016-11-11 08:42:23','2016-11-11 08:42:23',Atendido,,
161111-357726,,Incidente importado desde SAC,,Cac,Usuario Importador,Telemarketing,,Consulta,Solucionado,,,,,AUS1 - AUTOMOTORES,862790,,3398494,Facturación,,,,'2016-11-11 08:42:23','2016-11-11 08:42:23','2016-11-11 08:42:23',Atendido,,
161111-357727,,Incidente importado desde SAC,,Cac,Usuario Importador,Telemarketing,,Consulta,Solucionado,,,,,APL1 - AUTOMOTORES PLANES,862791,,7110357,Facturación,,,,'2016-11-11 08:42:23','2016-11-11 08:42:23','2016-11-11 08:42:23',Atendido,,
161111-357729,,Incidente importado desde SAC,,Fleet Services,Usuario Importador,Telemarketing,,Consulta,Solucionado,,,,,AUA1 - AUTOMOTORES CARTERA GENERAL,862793,,5190187,Contacto del tercero,,,,'2016-11-11 08:42:23','2016-11-11 08:42:23','2016-11-11 08:42:23',Atendido,,
161111-357730,,Incidente importado desde SAC,,Cac,Usuario Importador,Telemarketing,,Consulta,Solucionado,,,,,APR1 - AUTOMOTORES,862794,,2855009,Post - Denuncia,,,,'2016-11-11 08:42:23','2016-11-11 08:42:23','2016-11-11 08:42:23',Atendido,,
161111-357733,,Incidente importado desde SAC,,Emisión Masivos,Usuario Importador,Telemarketing,,Accion Proactiva,Solucionado,,,,,HOM1 - SEGURO DEL HOGAR,862797,,1408771,Irregularidad siniestro - Acción Proactiva,,,,'2016-11-11 08:42:23','2016-11-11 08:42:23','2016-11-11 08:42:23',Resuelto,,
161111-357736,,Incidente importado desde SAC,,Gerencia Clientes,Usuario Importador,Carta Documento,,Consulta,Solucionado,,,,,AUT1 - AUTOMOTORES,862800,,4553139,Certificado de cobertura,,,,'2016-11-11 08:42:23','2016-11-11 08:42:23','2016-11-11 08:42:23',Atendido,,
161111-357707,,Incidente importado desde SAC,,Cac,Usuario Importador,Telemarketing,,Consulta,Solucionado,,,,,ATD1 - ROBO/USUAR.T.DEB-CRE,862771,,2300323,Baja de póliza,,,,'2016-11-11 08:42:22','2016-11-11 08:42:22','2016-11-11 08:42:22',Atendido,,
161111-357698,,Incidente importado desde SAC,,Cac,Usuario Importador,Telemarketing,,Consulta,Solucionado,,,,,AUS1 - AUTOMOTORES,862762,,7423099,Facturación,,,,'2016-11-11 08:42:21','2016-11-11 08:42:21','2016-11-11 08:42:21',Atendido,,
161111-357678,,Incidente importado desde SAC,,Emisión Masivos,Usuario Importador,Telemarketing,,Consulta,Solucionado,,,,,RCP1 - R.C.PATRONAL,862743,,3446773,,,,,'2016-11-11 08:42:20','2016-11-11 08:42:20','2016-11-11 08:42:20',Atendido,,
161111-357682,,Incidente importado desde SAC,,Cac,Usuario Importador,Telemarketing,,Consulta,Solucionado,,,,,AUS1 - AUTOMOTORES,862747,,2832237,Facturación,,,,'2016-11-11 08:42:20','2016-11-11 08:42:20','2016-11-11 08:42:20',Atendido,,
161111-357685,,Incidente importado desde SAC,,Mailing,Usuario Importador,Telemarketing,,Reclamo,Solucionado,,,,,AUS1 - AUTOMOTORES,862750,,908085,Cupón de pago,,,,'2016-11-11 08:42:20','2016-11-11 08:42:20','2016-11-11 08:42:20',Resuelto,,
161111-357667,,Incidente importado desde SAC,,Cac,Usuario Importador,Telemarketing,,Consulta,Solucionado,,,,,AUS1 - AUTOMOTORES,862732,,1368862,Facturación,,,,'2016-11-11 08:42:19','2016-11-11 08:42:19','2016-11-11 08:42:19',Atendido,,
161111-357668,,Incidente importado desde SAC,,Cac,Usuario Importador,Telemarketing,,Consulta,Solucionado,,,,,AUS1 - AUTOMOTORES,862733,,6709357,Facturación,,,,'2016-11-11 08:42:19','2016-11-11 08:42:19','2016-11-11 08:42:19',Atendido,,
161111-357672,,Incidente importado desde SAC,,Cac,Usuario Importador,Telemarketing,,Consulta,Solucionado,,,,,HOM1 - SEGURO DEL HOGAR,862737,,6673583,Baja de póliza,,,,'2016-11-11 08:42:19','2016-11-11 08:42:19','2016-11-11 08:42:19',Atendido,,
161111-357673,,Incidente importado desde SAC,,Emisión Masivos,Usuario Importador,Telemarketing,,Consulta,Solucionado,,,,,HOM1 - SEGURO DEL HOGAR,862738,,6011056,Baja de póliza,,,,'2016-11-11 08:42:19','2016-11-11 08:42:19','2016-11-11 08:42:19',Atendido,,
161111-357674,,Incidente importado desde SAC,,Cac,Usuario Importador,Telemarketing,,Consulta,Solucionado,,,,,AUS1 - AUTOMOTORES,862739,,3435747,Servicio de grúa,,,,'2016-11-11 08:42:19','2016-11-11 08:42:19','2016-11-11 08:42:19',Atendido,,
161111-357661,,Incidente importado desde SAC,,Cac,Usuario Importador,Telemarketing,,Consulta,Solucionado,,,,,AUS1 - AUTOMOTORES,862726,,6489362,Post - Denuncia,,,,'2016-11-11 08:42:17','2016-11-11 08:42:17','2016-11-11 08:42:17',Atendido,,
161111-357662,,Incidente importado desde SAC,,Cac,Usuario Importador,Telemarketing,,Consulta,Solucionado,,,,,AUS1 - AUTOMOTORES,862727,,2806412,Modificaciones scoring,,,,'2016-11-11 08:42:17','2016-11-11 08:42:17','2016-11-11 08:42:17',Atendido,,
161111-357664,,Incidente importado desde SAC,,Cac,Usuario Importador,Telemarketing,,Consulta,Solucionado,,,,,AUI1 - AUTOMOTORES INSTITUCIONES,862729,,3486675,Certificado de cobertura,,,,'2016-11-11 08:42:17','2016-11-11 08:42:17','2016-11-11 08:42:17',Atendido,,
161111-357654,,Incidente importado desde SAC,,Cac,Usuario Importador,Carta Documento,,Consulta,Solucionado,,,,,APR1 - AUTOMOTORES,862719,,7739121,Servicio de grúa,,,,'2016-11-11 08:42:15','2016-11-11 08:42:15','2016-11-11 08:42:15',Atendido,,
161111-357628,,Incidente importado desde SAC,,Fleet Services,Usuario Importador,Carta Documento,,Consulta,Solucionado,,,,,AUA1 - AUTOMOTORES CARTERA GENERAL,862693,,1332331,Contacto del tercero,,,,'2016-11-11 08:42:14','2016-11-11 08:42:14','2016-11-11 08:42:14',Atendido,,
161111-357638,,Incidente importado desde SAC,,Cac,Usuario Importador,Telemarketing,,Consulta,Solucionado,,,,,AUS1 - AUTOMOTORES,862703,,5722311,Post - Denuncia,,,,'2016-11-11 08:42:14','2016-11-11 08:42:14','2016-11-11 08:42:14',Atendido,,
161111-357640,,Incidente importado desde SAC,,Fleet Services,Usuario Importador,Telemarketing,,Consulta,Solucionado,,,,,AUT1 - AUTOMOTORES,862705,,6844679,Contacto del tercero,,,,'2016-11-11 08:42:14','2016-11-11 08:42:14','2016-11-11 08:42:14',Atendido,,
161111-357618,,Incidente importado desde SAC,,Cac,Usuario Importador,Telemarketing,,Consulta,Solucionado,,,,,AUS1 - AUTOMOTORES,862683,,4578155,Certificado de cobertura,,,,'2016-11-11 08:42:13','2016-11-11 08:42:13','2016-11-11 08:42:13',Atendido,,
161111-357619,,Incidente importado desde SAC,,Cac,Usuario Importador,Carta Documento,,Consulta,Solucionado,,,,,AUS1 - AUTOMOTORES,862684,,1100230,Post - Denuncia,,,,'2016-11-11 08:42:13','2016-11-11 08:42:13','2016-11-11 08:42:13',Atendido,,
161111-357620,,Incidente importado desde SAC,,Mailing,Usuario Importador,Telemarketing,,Reclamo,Solucionado,,,,,HOM1 - SEGURO DEL HOGAR,862685,,3264491,Cupón de pago,,,,'2016-11-11 08:42:13','2016-11-11 08:42:13','2016-11-11 08:42:13',Resuelto,,
161111-357626,,Incidente importado desde SAC,,Cac,Usuario Importador,Carta Documento,,Consulta,Solucionado,,,,,AUS1 - AUTOMOTORES,862691,,1314387,Post - Denuncia,,,,'2016-11-11 08:42:13','2016-11-11 08:42:13','2016-11-11 08:42:13',Atendido,,
161111-357627,,Incidente importado desde SAC,,Mailing,Usuario Importador,Telemarketing,,Reclamo,Solucionado,,,,,AUS1 - AUTOMOTORES,862692,,817149,Cupón de pago,,,,'2016-11-11 08:42:13','2016-11-11 08:42:13','2016-11-11 08:42:13',Resuelto,,
161111-357595,,Incidente importado desde SAC,,Gerencia Clientes,Usuario Importador,Telemarketing,,Consulta,Solucionado,,,,,EEQ1 - SEGURO INGENIERIA,862660,,1287932,Certificado de cobertura,,,,'2016-11-11 08:42:12','2016-11-11 08:42:12','2016-11-11 08:42:12',Atendido,,
161111-357596,,Incidente importado desde SAC,,Cac,Usuario Importador,Carta Documento,,Consulta,Solucionado,,,,,HOM1 - SEGURO DEL HOGAR,862661,,2663302,Facturación,,,,'2016-11-11 08:42:12','2016-11-11 08:42:12','2016-11-11 08:42:12',Atendido,,
161111-357602,,Incidente importado desde SAC,,Oficina Mendoza,Usuario Importador,Carta,,Consulta,Solucionado,,,,,AUT1 - AUTOMOTORES,862667,,1322999,Siniestro Jet,,,,'2016-11-11 08:42:12','2016-11-11 08:42:12','2016-11-11 08:42:12',Resuelto,,
161111-357603,,Incidente importado desde SAC,,Cac,Usuario Importador,Telemarketing,,Consulta,Solucionado,,,,,CON1 - INTEGRAL CONSORCIO,862668,,1359344,Facturación,,,,'2016-11-11 08:42:12','2016-11-11 08:42:12','2016-11-11 08:42:12',Atendido,,
161111-357608,,Incidente importado desde SAC,,Cac,Usuario Importador,Carta Documento,,Consulta,Solucionado,,,,,APR1 - AUTOMOTORES,862673,,3422205,Certificado de cobertura,,,,'2016-11-11 08:42:12','2016-11-11 08:42:12','2016-11-11 08:42:12',Atendido,,
161111-357613,,Incidente importado desde SAC,,Juicios / mediaciones daños,Usuario Importador,Carta Documento,,Consulta,Solucionado,,,,,APL1 - AUTOMOTORES PLANES,862678,,3634207,,,,,'2016-11-11 08:42:12','2016-11-11 08:42:12','2016-11-11 08:42:12',Atendido,,
161111-357614,,Incidente importado desde SAC,,Cac,Usuario Importador,Telemarketing,,Consulta,Solucionado,,,,,AUS1 - AUTOMOTORES,862679,,455330,Post - Denuncia,,,,'2016-11-11 08:42:12','2016-11-11 08:42:12','2016-11-11 08:42:12',Atendido,,
161111-357586,,Incidente importado desde SAC,,Gerencia Venta Directa,Usuario Importador,Telemarketing,,Reclamo,Solucionado,,,,,ICO1 - INTEGR.COMERCIO,862651,,7631975,Cartera general,,,,'2016-11-11 08:42:11','2016-11-11 08:42:11','2016-11-11 08:42:11',Resuelto,,
161111-357587,,Incidente importado desde SAC,,Cac,Usuario Importador,Telemarketing,,Consulta,Solucionado,,,,,AUS1 - AUTOMOTORES,862652,,6252210,Facturación,,,,'2016-11-11 08:42:11','2016-11-11 08:42:11','2016-11-11 08:42:11',Atendido,,
161111-357568,,Incidente importado desde SAC,,Cac,Usuario Importador,Telemarketing,,Consulta,Solucionado,,,,,EGE1 - EXT.GARANTIA ELECTRO,862633,,3219187,Certificado de cobertura,,,,'2016-11-11 08:42:10','2016-11-11 08:42:10','2016-11-11 08:42:10',Atendido,,
161111-357571,,Incidente importado desde SAC,,Mailing,Usuario Importador,Telemarketing,,Reclamo,Solucionado,,,,,AUS1 - AUTOMOTORES,862636,,2944898,Cupón de pago,,,,'2016-11-11 08:42:10','2016-11-11 08:42:10','2016-11-11 08:42:10',Resuelto,,
161111-357573,,Incidente importado desde SAC,,Cac,Usuario Importador,Telemarketing,,Consulta,Solucionado,,,,,HOM1 - SEGURO DEL HOGAR,862638,,3851582,Condiciones de póliza,,,,'2016-11-11 08:42:10','2016-11-11 08:42:10','2016-11-11 08:42:10',Atendido,,
161111-357578,,Incidente importado desde SAC,,Gerencia Clientes,Usuario Importador,Telemarketing,,Accion Proactiva,Solucionado,,,,,HOM1 - SEGURO DEL HOGAR,862643,,2624253,Uso Interno SAA - Acción Proactiva,,,,'2016-11-11 08:42:10','2016-11-11 08:42:10','2016-11-11 08:42:10',Resuelto,,
161111-357579,,Incidente importado desde SAC,,Cac,Usuario Importador,Telemarketing,,Consulta,Solucionado,,,,,AUS1 - AUTOMOTORES,862644,,3823223,Denuncia daños materiales,,,,'2016-11-11 08:42:10','2016-11-11 08:42:10','2016-11-11 08:42:10',Atendido,,
161111-357580,,Incidente importado desde SAC,,Cac,Usuario Importador,Telemarketing,,Consulta,Solucionado,,,,,APL1 - AUTOMOTORES PLANES,862645,,1575727,Post - Denuncia,,,,'2016-11-11 08:42:10','2016-11-11 08:42:10','2016-11-11 08:42:10',Atendido,,
161111-357555,,Incidente importado desde SAC,,Cac,Usuario Importador,Telemarketing,,Consulta,Solucionado,,,,,AUS1 - AUTOMOTORES,862620,,2404483,Facturación,,,,'2016-11-11 08:42:09','2016-11-11 08:42:09','2016-11-11 08:42:09',Atendido,,
161111-357558,,Incidente importado desde SAC,,Fleet Services,Usuario Importador,Carta Documento,,Consulta,Solucionado,,,,,AUT1 - AUTOMOTORES,862623,,3351962,Siniestro Jet,,,,'2016-11-11 08:42:09','2016-11-11 08:42:09','2016-11-11 08:42:09',Resuelto,,
161111-357535,,Incidente importado desde SAC,,Cac,Usuario Importador,Carta Documento,,Consulta,Solucionado,,,,,AUS1 - AUTOMOTORES,862600,,3645700,Facturación,,,,'2016-11-11 08:42:08','2016-11-11 08:42:08','2016-11-11 08:42:08',Atendido,,
161111-357538,,Incidente importado desde SAC,,Cac,Usuario Importador,Telemarketing,,Consulta,Solucionado,,,,,ATD1 - ROBO/USUAR.T.DEB-CRE,862603,,5681499,Baja de póliza,,,,'2016-11-11 08:42:08','2016-11-11 08:42:08','2016-11-11 08:42:08',Atendido,,
161111-357539,,Incidente importado desde SAC,,Cac,Usuario Importador,Telemarketing,,Consulta,Solucionado,,,,,AUS1 - AUTOMOTORES,862604,,585180,Facturación,,,,'2016-11-11 08:42:08','2016-11-11 08:42:08','2016-11-11 08:42:08',Atendido,,
161111-357541,,Incidente importado desde SAC,,Mailing,Usuario Importador,Telemarketing,,Reclamo,Solucionado,,,,,AUS1 - AUTOMOTORES,862606,,736606,Certificado de cobertura,,,,'2016-11-11 08:42:08','2016-11-11 08:42:08','2016-11-11 08:42:08',Resuelto,,
161111-357548,,Incidente importado desde SAC,,Cac,Usuario Importador,Telemarketing,,Consulta,Solucionado,,,,,HOM1 - SEGURO DEL HOGAR,862613,,4438212,Condiciones de póliza,,,,'2016-11-11 08:42:08','2016-11-11 08:42:08','2016-11-11 08:42:08',Atendido,,
161111-357513,,Incidente importado desde SAC,,Cac,Usuario Importador,Telemarketing,,Consulta,Solucionado,,,,,AUS1 - AUTOMOTORES,862578,,3759675,Post - Denuncia,,,,'2016-11-11 08:42:07','2016-11-11 08:42:07','2016-11-11 08:42:07',Atendido,,
161111-357517,,Incidente importado desde SAC,,Emisión Masivos,Usuario Importador,Telemarketing,,Consulta,Solucionado,,,,,AUS1 - AUTOMOTORES,862582,,6610701,Baja de póliza,,,,'2016-11-11 08:42:07','2016-11-11 08:42:07','2016-11-11 08:42:07',Atendido,,
161111-357520,,Incidente importado desde SAC,,Emisión Masivos,Usuario Importador,Telemarketing,,Consulta,Solucionado,,,,,AUS1 - AUTOMOTORES,862585,,2356590,Baja de póliza,,,,'2016-11-11 08:42:07','2016-11-11 08:42:07','2016-11-11 08:42:07',Atendido,,
161111-357527,,Incidente importado desde SAC,,Mailing,Usuario Importador,Telemarketing,,Reclamo,Solucionado,,,,,AUS1 - AUTOMOTORES,862592,,3539309,Cupón de pago,,,,'2016-11-11 08:42:07','2016-11-11 08:42:07','2016-11-11 08:42:07',Resuelto,,
161111-357490,,Incidente importado desde SAC,,Cac,Usuario Importador,Carta Documento,,Consulta,Solucionado,,,,,AUS1 - AUTOMOTORES,862556,,256934,Facturación,,,,'2016-11-11 08:42:04','2016-11-11 08:42:04','2016-11-11 08:42:04',Atendido,,
161111-357492,,Incidente importado desde SAC,,Oficina Cordoba,Usuario Importador,Carta Documento,,Consulta,Solucionado,,,,,AUT1 - AUTOMOTORES,862558,,1319062,Siniestro Jet,,,,'2016-11-11 08:42:04','2016-11-11 08:42:04','2016-11-11 08:42:04',Resuelto,,
161111-357472,,Incidente importado desde SAC,,Cac,Usuario Importador,Carta Documento,,Consulta,Solucionado,,,,,HOM1 - SEGURO DEL HOGAR,862538,,4316285,Certificado de cobertura,,,,'2016-11-11 08:42:02','2016-11-11 08:42:02','2016-11-11 08:42:02',Atendido,,
161111-357475,,Incidente importado desde SAC,,Cac,Usuario Importador,Telemarketing,,Consulta,Solucionado,,,,,AUS1 - AUTOMOTORES,862541,,2122781,Facturación,,,,'2016-11-11 08:42:02','2016-11-11 08:42:02','2016-11-11 08:42:02',Atendido,,
161111-357477,,Incidente importado desde SAC,,Cac,Usuario Importador,Telemarketing,,Consulta,Solucionado,,,,,AUS1 - AUTOMOTORES,862543,,7344040,Facturación,,,,'2016-11-11 08:42:02','2016-11-11 08:42:02','2016-11-11 08:42:02',Atendido,,
161111-357452,,Incidente importado desde SAC,,Fleet Services,Usuario Importador,Telemarketing,,Consulta,Solucionado,,,,,AUS1 - AUTOMOTORES,862518,,3507582,Contacto del tercero,,,,'2016-11-11 08:42:01','2016-11-11 08:42:01','2016-11-11 08:42:01',Atendido,,
161111-357460,,Incidente importado desde SAC,,Oficina Mar del Plata,Usuario Importador,Carta,,Consulta,Solucionado,,,,,AUT1 - AUTOMOTORES,862526,,5179466,Siniestro Jet,,,,'2016-11-11 08:42:01','2016-11-11 08:42:01','2016-11-11 08:42:01',Resuelto,,
161111-357441,,Incidente importado desde SAC,,Cac,Usuario Importador,Telemarketing,,Consulta,Solucionado,,,,,APL1 - AUTOMOTORES PLANES,862507,,3846213,Modificaciones datos del producto,,,,'2016-11-11 08:42:00','2016-11-11 08:42:00','2016-11-11 08:42:00',Atendido,,
161111-357444,,Incidente importado desde SAC,,Daños Materiales Autos,Usuario Importador,Telemarketing,,Reclamo,Solucionado,,,,,AUS1 - AUTOMOTORES,862510,,6748871,Daños materiales Casa Central,,,,'2016-11-11 08:42:00','2016-11-11 08:42:00','2016-11-11 08:42:00',Resuelto,,
161111-357449,,Incidente importado desde SAC,,Cac,Usuario Importador,Carta Documento,,Consulta,Solucionado,,,,,AUS1 - AUTOMOTORES,862515,,3223829,Facturación,,,,'2016-11-11 08:42:00','2016-11-11 08:42:00','2016-11-11 08:42:00',Atendido,,
161111-357426,,Incidente importado desde SAC,,Cac,Usuario Importador,Telemarketing,,Consulta,Solucionado,,,,,AUS1 - AUTOMOTORES,862492,,6492677,Post - Denuncia,,,,'2016-11-11 08:41:59','2016-11-11 08:41:59','2016-11-11 08:41:59',Atendido,,
161111-357433,,Incidente importado desde SAC,,Cac,Usuario Importador,Telemarketing,,Consulta,Solucionado,,,,,AUS1 - AUTOMOTORES,862499,,3414514,Baja de póliza,,,,'2016-11-11 08:41:59','2016-11-11 08:41:59','2016-11-11 08:41:59',Atendido,,
161111-357438,,Incidente importado desde SAC,,Cac,Usuario Importador,Carta Documento,,Consulta,Solucionado,,,,,HOM1 - SEGURO DEL HOGAR,862504,,4265841,Facturación,,,,'2016-11-11 08:41:59','2016-11-11 08:41:59','2016-11-11 08:41:59',Atendido,,
161111-357410,,Incidente importado desde SAC,,Cac,Usuario Importador,Telemarketing,,Consulta,Solucionado,,,,,AUS1 - AUTOMOTORES,862476,,4478429,Facturación,,,,'2016-11-11 08:41:58','2016-11-11 08:41:58','2016-11-11 08:41:58',Atendido,,
161111-357393,,Incidente importado desde SAC,,Robo / Destruccion Total,Usuario Importador,Carta,,Consulta,Solucionado,,,,,AUI1 - AUTOMOTORES INSTITUCIONES,862460,,7142866,Siniestro Jet,,,,'2016-11-11 08:41:57','2016-11-11 08:41:57','2016-11-11 08:41:57',Resuelto,,
161111-357394,,Incidente importado desde SAC,,Cac,Usuario Importador,Telemarketing,,Consulta,Solucionado,,,,,AUS1 - AUTOMOTORES,862461,,1864626,Condiciones de póliza,,,,'2016-11-11 08:41:57','2016-11-11 08:41:57','2016-11-11 08:41:57',Atendido,,
161111-357398,,Incidente importado desde SAC,,Emisión Masivos,Usuario Importador,Carta Documento,,Consulta,Solucionado,,,,,AUS1 - AUTOMOTORES,862465,,7815347,Baja de póliza,,,,'2016-11-11 08:41:57','2016-11-11 08:41:57','2016-11-11 08:41:57',Atendido,,
161111-357399,,Incidente importado desde SAC,,Cac,Usuario Importador,Telemarketing,,Consulta,Solucionado,,,,,AUS1 - AUTOMOTORES,862466,,4127918,Post - Denuncia,,,,'2016-11-11 08:41:57','2016-11-11 08:41:57','2016-11-11 08:41:57',Atendido,,
161111-357381,,Incidente importado desde SAC,,Cac,Usuario Importador,Telemarketing,,Consulta,Solucionado,,,,,AUS1 - AUTOMOTORES,862448,,2839031,Facturación,,,,'2016-11-11 08:41:56','2016-11-11 08:41:56','2016-11-11 08:41:56',Atendido,,
161111-357386,,Incidente importado desde SAC,,Cac,Usuario Importador,Telemarketing,,Consulta,Solucionado,,,,,HOM1 - SEGURO DEL HOGAR,862453,,5240872,Post - Denuncia,,,,'2016-11-11 08:41:56','2016-11-11 08:41:56','2016-11-11 08:41:56',Atendido,,
161111-357389,,Incidente importado desde SAC,,Emisión Masivos,Usuario Importador,Telemarketing,,Consulta,Solucionado,,,,,HOM1 - SEGURO DEL HOGAR,862456,,2333981,Baja de póliza,,,,'2016-11-11 08:41:56','2016-11-11 08:41:56','2016-11-11 08:41:56',Atendido,,
161111-357390,,Incidente importado desde SAC,,Cac,Usuario Importador,Carta Documento,,Consulta,Solucionado,,,,,AUT1 - AUTOMOTORES,862457,,394280,Facturación,,,,'2016-11-11 08:41:56','2016-11-11 08:41:56','2016-11-11 08:41:56',Atendido,,
161111-357359,,Incidente importado desde SAC,,Emisión Masivos,Usuario Importador,Telemarketing,,Consulta,Solucionado,,,,,AUS1 - AUTOMOTORES,862426,,4535316,Baja de póliza,,,,'2016-11-11 08:41:55','2016-11-11 08:41:55','2016-11-11 08:41:55',Atendido,,
161111-357361,,Incidente importado desde SAC,,Cac,Usuario Importador,Carta Documento,,Consulta,Solucionado,,,,,AUS1 - AUTOMOTORES,862428,,2354917,No califica,,,,'2016-11-11 08:41:55','2016-11-11 08:41:55','2016-11-11 08:41:55',Atendido,,
161111-357367,,Incidente importado desde SAC,,Cac,Usuario Importador,Telemarketing,,Consulta,Solucionado,,,,,AUS1 - AUTOMOTORES,862434,,4778358,Facturación,,,,'2016-11-11 08:41:55','2016-11-11 08:41:55','2016-11-11 08:41:55',Atendido,,
161111-357368,,Incidente importado desde SAC,,Mailing,Usuario Importador,Telemarketing,,Reclamo,Solucionado,,,,,APR1 - AUTOMOTORES,862435,,3255478,Certificado de cobertura,,,,'2016-11-11 08:41:55','2016-11-11 08:41:55','2016-11-11 08:41:55',Resuelto,,
161111-357369,,Incidente importado desde SAC,,Cac,Usuario Importador,Telemarketing,,Consulta,Solucionado,,,,,HOM1 - SEGURO DEL HOGAR,862436,,460557,Facturación,,,,'2016-11-11 08:41:55','2016-11-11 08:41:55','2016-11-11 08:41:55',Atendido,,
161111-357373,,Incidente importado desde SAC,,Oficina Mendoza,Usuario Importador,Carta,,Consulta,Solucionado,,,,,AUT1 - AUTOMOTORES,862440,,1421265,Siniestro Jet,,,,'2016-11-11 08:41:55','2016-11-11 08:41:55','2016-11-11 08:41:55',Resuelto,,
161111-357374,,Incidente importado desde SAC,,Cac,Usuario Importador,Telemarketing,,Consulta,Solucionado,,,,,AUS1 - AUTOMOTORES,862441,,2029025,Facturación,,,,'2016-11-11 08:41:55','2016-11-11 08:41:55','2016-11-11 08:41:55',Atendido,,
161111-357344,,Incidente importado desde SAC,,Cac,Usuario Importador,Carta Documento,,Consulta,Solucionado,,,,,AUS1 - AUTOMOTORES,862411,,4471407,Facturación,,,,'2016-11-11 08:41:54','2016-11-11 08:41:54','2016-11-11 08:41:54',Atendido,,
161111-357354,,Incidente importado desde SAC,,Daños Materiales Autos,Usuario Importador,Telemarketing,,Reclamo,Solucionado,,,,,APR1 - AUTOMOTORES,862421,,2390858,Inspección por siniestros,,,,'2016-11-11 08:41:54','2016-11-11 08:41:54','2016-11-11 08:41:54',Resuelto,,
161111-357355,,Incidente importado desde SAC,,Cac,Usuario Importador,Telemarketing,,Consulta,Solucionado,,,,,AUS1 - AUTOMOTORES,862422,,2710589,Post - Denuncia,,,,'2016-11-11 08:41:54','2016-11-11 08:41:54','2016-11-11 08:41:54',Atendido,,
161111-357331,,Incidente importado desde SAC,,Cac,Usuario Importador,Telemarketing,,Consulta,Solucionado,,,,,AUS1 - AUTOMOTORES,862398,,1884546,Post - Denuncia,,,,'2016-11-11 08:41:53','2016-11-11 08:41:53','2016-11-11 08:41:53',Atendido,,
161111-357338,,Incidente importado desde SAC,,Cac,Usuario Importador,Telemarketing,,Consulta,Solucionado,,,,,APR1 - AUTOMOTORES,862405,,7550857,Certificado de cobertura,,,,'2016-11-11 08:41:53','2016-11-11 08:41:53','2016-11-11 08:41:53',Atendido,,
161111-357328,,Incidente importado desde SAC,,Cac,Usuario Importador,Telemarketing,,Consulta,Solucionado,,,,,APR1 - AUTOMOTORES,862395,,3550127,Post - Denuncia,,,,'2016-11-11 08:41:52','2016-11-11 08:41:52','2016-11-11 08:41:52',Atendido,,
161111-357317,,Incidente importado desde SAC,,Cac,Usuario Importador,Telemarketing,,Consulta,Solucionado,,,,,APR1 - AUTOMOTORES,862384,,5176322,Post - Denuncia,,,,'2016-11-11 08:41:50','2016-11-11 08:41:50','2016-11-11 08:41:50',Atendido,,
161111-357322,,Incidente importado desde SAC,,Emisión Masivos,Usuario Importador,Telemarketing,,Consulta,Solucionado,,,,,HOM1 - SEGURO DEL HOGAR,862389,,5708130,Baja de póliza,,,,'2016-11-11 08:41:50','2016-11-11 08:41:50','2016-11-11 08:41:50',Atendido,,
161111-357295,,Incidente importado desde SAC,,Cac,Usuario Importador,Telemarketing,,Consulta,Solucionado,,,,,HOM1 - SEGURO DEL HOGAR,862362,,2918853,Ampliación de Cobertura con inspección,,,,'2016-11-11 08:41:48','2016-11-11 08:41:48','2016-11-11 08:41:48',Atendido,,
161111-357297,,Incidente importado desde SAC,,Cac,Usuario Importador,Telemarketing,,Consulta,Solucionado,,,,,ATD1 - ROBO/USUAR.T.DEB-CRE,862364,,407072,Baja de póliza,,,,'2016-11-11 08:41:48','2016-11-11 08:41:48','2016-11-11 08:41:48',Atendido,,
161111-357298,,Incidente importado desde SAC,,Gerencia Clientes,Usuario Importador,Telemarketing,,Reclamo,Solucionado,,,,,HOM1 - SEGURO DEL HOGAR,862365,,3460344,Venta con anomalías,,,,'2016-11-11 08:41:48','2016-11-11 08:41:48','2016-11-11 08:41:48',Resuelto,,
161111-357300,,Incidente importado desde SAC,,Cac,Usuario Importador,Telemarketing,,Consulta,Solucionado,,,,,HOM1 - SEGURO DEL HOGAR,862367,,3821942,Post - Denuncia,,,,'2016-11-11 08:41:48','2016-11-11 08:41:48','2016-11-11 08:41:48',Atendido,,
161111-357302,,Incidente importado desde SAC,,Cac,Usuario Importador,Carta Documento,,Consulta,Solucionado,,,,,HOM1 - SEGURO DEL HOGAR,862369,,1904318,Certificado de cobertura,,,,'2016-11-11 08:41:48','2016-11-11 08:41:48','2016-11-11 08:41:48',Atendido,,
161111-357307,,Incidente importado desde SAC,,Cac,Usuario Importador,Telemarketing,,Consulta,Solucionado,,,,,APR1 - AUTOMOTORES,862374,,3381646,Modificaciones datos del producto,,,,'2016-11-11 08:41:48','2016-11-11 08:41:48','2016-11-11 08:41:48',Atendido,,
161111-357308,,Incidente importado desde SAC,,Cac,Usuario Importador,Carta Documento,,Consulta,Solucionado,,,,,AUS1 - AUTOMOTORES,862375,,1939997,Condiciones de póliza,,,,'2016-11-11 08:41:48','2016-11-11 08:41:48','2016-11-11 08:41:48',Atendido,,
161111-357283,,Incidente importado desde SAC,,Oficina Cordoba,Usuario Importador,Carta Documento,,Consulta,Solucionado,,,,,AUT1 - AUTOMOTORES,862350,,6919049,Siniestro Jet,,,,'2016-11-11 08:41:47','2016-11-11 08:41:47','2016-11-11 08:41:47',Resuelto,,
161111-357285,,Incidente importado desde SAC,,Emisión Masivos,Usuario Importador,Telemarketing,,Consulta,Solucionado,,,,,HOM1 - SEGURO DEL HOGAR,862352,,3232942,Baja de póliza,,,,'2016-11-11 08:41:47','2016-11-11 08:41:47','2016-11-11 08:41:47',Atendido,,
161111-357290,,Incidente importado desde SAC,,Fleet Services,Usuario Importador,Carta Documento,,Consulta,Solucionado,,,,,AUA1 - AUTOMOTORES CARTERA GENERAL,862357,,7843524,Contacto del tercero,,,,'2016-11-11 08:41:47','2016-11-11 08:41:47','2016-11-11 08:41:47',Atendido,,
161111-357292,,Incidente importado desde SAC,,Emisión Masivos,Usuario Importador,Telemarketing,,Consulta,Solucionado,,,,,AUS1 - AUTOMOTORES,862359,,434962,Baja de póliza,,,,'2016-11-11 08:41:47','2016-11-11 08:41:47','2016-11-11 08:41:47',Atendido,,
161111-357269,,Incidente importado desde SAC,,Emisión Masivos,Usuario Importador,Telemarketing,,Consulta,Solucionado,,,,,AUS1 - AUTOMOTORES,862336,,6200158,Baja de póliza,,,,'2016-11-11 08:41:46','2016-11-11 08:41:46','2016-11-11 08:41:46',Atendido,,
161111-357270,,Incidente importado desde SAC,,Gerencia Clientes,Usuario Importador,Telemarketing,,Reclamo,Solucionado,,,,,HOM1 - SEGURO DEL HOGAR,862337,,2904151,Venta con anomalías,,,,'2016-11-11 08:41:46','2016-11-11 08:41:46','2016-11-11 08:41:46',Resuelto,,
161111-357271,,Incidente importado desde SAC,,Cac,Usuario Importador,Telemarketing,,Consulta,Solucionado,,,,,AUS1 - AUTOMOTORES,862338,,7789637,Facturación,,,,'2016-11-11 08:41:46','2016-11-11 08:41:46','2016-11-11 08:41:46',Atendido,,
161111-357274,,Incidente importado desde SAC,,Cac,Usuario Importador,Telemarketing,,Consulta,Solucionado,,,,,AUS1 - AUTOMOTORES,862341,,2050955,Post - Denuncia,,,,'2016-11-11 08:41:46','2016-11-11 08:41:46','2016-11-11 08:41:46',Atendido,,
161111-357257,,Incidente importado desde SAC,,Cac,Usuario Importador,Telemarketing,,Consulta,Solucionado,,,,,APR1 - AUTOMOTORES,862324,,4645871,Post - Denuncia,,,,'2016-11-11 08:41:45','2016-11-11 08:41:45','2016-11-11 08:41:45',Atendido,,
161111-357238,,Incidente importado desde SAC,,Cac,Usuario Importador,Telemarketing,,Consulta,Solucionado,,,,,AUT1 - AUTOMOTORES,862305,,4877701,Facturación,,,,'2016-11-11 08:41:44','2016-11-11 08:41:44','2016-11-11 08:41:44',Atendido,,
161111-357242,,Incidente importado desde SAC,,Cac,Usuario Importador,Telemarketing,,Consulta,Solucionado,,,,,HOM1 - SEGURO DEL HOGAR,862309,,4482024,Post - Denuncia,,,,'2016-11-11 08:41:44','2016-11-11 08:41:44','2016-11-11 08:41:44',Atendido,,
161111-357223,,Incidente importado desde SAC,,Cac,Usuario Importador,Telemarketing,,Consulta,Solucionado,,,,,AUS1 - AUTOMOTORES,862290,,1809771,Facturación,,,,'2016-11-11 08:41:43','2016-11-11 08:41:43','2016-11-11 08:41:43',Atendido,,
161111-357230,,Incidente importado desde SAC,,Cac,Usuario Importador,Carta Documento,,Consulta,Solucionado,,,,,HOM1 - SEGURO DEL HOGAR,862297,,1167242,Certificado de cobertura,,,,'2016-11-11 08:41:43','2016-11-11 08:41:43','2016-11-11 08:41:43',Atendido,,
161111-357235,,Incidente importado desde SAC,,Cac,Usuario Importador,Telemarketing,,Consulta,Solucionado,,,,,AUS1 - AUTOMOTORES,862302,,2975733,Facturación,,,,'2016-11-11 08:41:43','2016-11-11 08:41:43','2016-11-11 08:41:43',Atendido,,
161111-357220,,Incidente importado desde SAC,,Cac,Usuario Importador,Telemarketing,,Consulta,Solucionado,,,,,APR1 - AUTOMOTORES,862287,,3792411,Post - Denuncia,,,,'2016-11-11 08:41:42','2016-11-11 08:41:42','2016-11-11 08:41:42',Atendido,,
161111-357210,,Incidente importado desde SAC,,Gerencia Clientes,Usuario Importador,Carta Documento,,Consulta,Solucionado,,,,,EEQ1 - SEGURO INGENIERIA,862277,,1322896,Certificado de cobertura,,,,'2016-11-11 08:41:41','2016-11-11 08:41:41','2016-11-11 08:41:41',Atendido,,
161111-357189,,Incidente importado desde SAC,,Mailing,Usuario Importador,Telemarketing,,Reclamo,Solucionado,,,,,AUS1 - AUTOMOTORES,862256,,7019237,Certificado de cobertura,,,,'2016-11-11 08:41:40','2016-11-11 08:41:40','2016-11-11 08:41:40',Resuelto,,
161111-357194,,Incidente importado desde SAC,,Cac,Usuario Importador,Telemarketing,,Consulta,Solucionado,,,,,HOM1 - SEGURO DEL HOGAR,862261,,409045,Servicios Zedek-Disconformidad,,,,'2016-11-11 08:41:40','2016-11-11 08:41:40','2016-11-11 08:41:40',Atendido,,
161111-357195,,Incidente importado desde SAC,,Cac,Usuario Importador,Telemarketing,,Consulta,Solucionado,,,,,ATD1 - ROBO/USUAR.T.DEB-CRE,862262,,5161713,Baja de póliza,,,,'2016-11-11 08:41:40','2016-11-11 08:41:40','2016-11-11 08:41:40',Atendido,,
161111-357196,,Incidente importado desde SAC,,Gerencia Clientes,Usuario Importador,Telemarketing,,Disconformidad,Solucionado,,,,,AUS1 - AUTOMOTORES,862263,,221188,Condiciones de póliza,,,,'2016-11-11 08:41:40','2016-11-11 08:41:40','2016-11-11 08:41:40',Atendido,,
161111-357197,,Incidente importado desde SAC,,Cac,Usuario Importador,Telemarketing,,Consulta,Solucionado,,,,,HOM1 - SEGURO DEL HOGAR,862264,,4205747,Facturación,,,,'2016-11-11 08:41:40','2016-11-11 08:41:40','2016-11-11 08:41:40',Atendido,,
161111-357208,,Incidente importado desde SAC,,Cac,Usuario Importador,Telemarketing,,Consulta,Solucionado,,,,,APR1 - AUTOMOTORES,862275,,2917131,Post - Denuncia,,,,'2016-11-11 08:41:40','2016-11-11 08:41:40','2016-11-11 08:41:40',Atendido,,
161111-357177,,Incidente importado desde SAC,,Fleet Services,Usuario Importador,Telemarketing,,Consulta,Solucionado,,,,,APR1 - AUTOMOTORES,862244,,3293098,Contacto del tercero,,,,'2016-11-11 08:41:39','2016-11-11 08:41:39','2016-11-11 08:41:39',Atendido,,
161111-357180,,Incidente importado desde SAC,,Cac,Usuario Importador,Telemarketing,,Consulta,Solucionado,,,,,APL1 - AUTOMOTORES PLANES,862247,,3276882,Facturación,,,,'2016-11-11 08:41:39','2016-11-11 08:41:39','2016-11-11 08:41:39',Atendido,,
161111-357181,,Incidente importado desde SAC,,Cac,Usuario Importador,Telemarketing,,Consulta,Solucionado,,,,,APL1 - AUTOMOTORES PLANES,862248,,3353652,Certificado de cobertura,,,,'2016-11-11 08:41:39','2016-11-11 08:41:39','2016-11-11 08:41:39',Atendido,,
161111-357186,,Incidente importado desde SAC,,Cac,Usuario Importador,Telemarketing,,Consulta,Solucionado,,,,,AUS1 - AUTOMOTORES,862253,,2546842,Facturación,,,,'2016-11-11 08:41:39','2016-11-11 08:41:39','2016-11-11 08:41:39',Atendido,,
161111-357159,,Incidente importado desde SAC,,Cac,Usuario Importador,Carta Documento,,Consulta,Solucionado,,,,,AUS1 - AUTOMOTORES,862226,,7002527,Modificación datos personales,,,,'2016-11-11 08:41:36','2016-11-11 08:41:36','2016-11-11 08:41:36',Atendido,,
161111-357162,,Incidente importado desde SAC,,Cac,Usuario Importador,Telemarketing,,Consulta,Solucionado,,,,,AUS1 - AUTOMOTORES,862229,,726717,Post - Denuncia,,,,'2016-11-11 08:41:36','2016-11-11 08:41:36','2016-11-11 08:41:36',Atendido,,
161111-357156,,Incidente importado desde SAC,,Emisión Masivos,Usuario Importador,Carta Documento,,Consulta,Solucionado,,,,,RCP1 - R.C.PATRONAL,862223,,3401878,,,,,'2016-11-11 08:41:35','2016-11-11 08:41:35','2016-11-11 08:41:35',Atendido,,
161111-357158,,Incidente importado desde SAC,,Cac,Usuario Importador,Telemarketing,,Consulta,Solucionado,,,,,AUS1 - AUTOMOTORES,862225,,1331109,Condiciones de póliza,,,,'2016-11-11 08:41:35','2016-11-11 08:41:35','2016-11-11 08:41:35',Atendido,,
161111-357137,,Incidente importado desde SAC,,Prestadores,Usuario Importador,Telemarketing,,Accion Proactiva,Solucionado,,,,,HOM1 - SEGURO DEL HOGAR,862204,,1184008,Reintegro Prestadores - Acción Proactiva,,,,'2016-11-11 08:41:34','2016-11-11 08:41:34','2016-11-11 08:41:34',Resuelto,,
161111-357138,,Incidente importado desde SAC,,Cac,Usuario Importador,Telemarketing,,Consulta,Solucionado,,,,,AUS1 - AUTOMOTORES,862205,,2000368,Post - Denuncia,,,,'2016-11-11 08:41:34','2016-11-11 08:41:34','2016-11-11 08:41:34',Atendido,,
161111-357130,,Incidente importado desde SAC,,Cac,Usuario Importador,Carta Documento,,Consulta,Solucionado,,,,,AUI1 - AUTOMOTORES INSTITUCIONES,862197,,3515858,Certificado de cobertura,,,,'2016-11-11 08:41:33','2016-11-11 08:41:33','2016-11-11 08:41:33',Atendido,,
161111-357134,,Incidente importado desde SAC,,Gerencia Clientes,Usuario Importador,Telemarketing,,Disconformidad,Solucionado,,,,,AUT1 - AUTOMOTORES,862201,,1297313,Condiciones de póliza,,,,'2016-11-11 08:41:33','2016-11-11 08:41:33','2016-11-11 08:41:33',Atendido,,
161111-357112,,Incidente importado desde SAC,,Cac,Usuario Importador,Telemarketing,,Consulta,Solucionado,,,,,AUS1 - AUTOMOTORES,862179,,3608094,Facturación,,,,'2016-11-11 08:41:32','2016-11-11 08:41:32','2016-11-11 08:41:32',Atendido,,
161111-357113,,Incidente importado desde SAC,,Gerencia Clientes,Usuario Importador,Telemarketing,,Reclamo,Solucionado,,,,,HOM1 - SEGURO DEL HOGAR,862180,,3019429,Venta con anomalías,,,,'2016-11-11 08:41:32','2016-11-11 08:41:32','2016-11-11 08:41:32',Resuelto,,
161111-357117,,Incidente importado desde SAC,,Cac,Usuario Importador,Telemarketing,,Consulta,Solucionado,,,,,AUS1 - AUTOMOTORES,862184,,5194158,Facturación,,,,'2016-11-11 08:41:32','2016-11-11 08:41:32','2016-11-11 08:41:32',Atendido,,
161111-357122,,Incidente importado desde SAC,,Mailing,Usuario Importador,Telemarketing,,Reclamo,Solucionado,,,,,AUS1 - AUTOMOTORES,862189,,3603748,Certificado de cobertura,,,,'2016-11-11 08:41:32','2016-11-11 08:41:32','2016-11-11 08:41:32',Resuelto,,
161111-357093,,Incidente importado desde SAC,,Cac,Usuario Importador,Telemarketing,,Consulta,Solucionado,,,,,APL1 - AUTOMOTORES PLANES,862160,,5340817,Certificado de cobertura,,,,'2016-11-11 08:41:31','2016-11-11 08:41:31','2016-11-11 08:41:31',Atendido,,
161111-357094,,Incidente importado desde SAC,,Cac,Usuario Importador,Carta Documento,,Consulta,Solucionado,,,,,AUS1 - AUTOMOTORES,862161,,5556094,Post - Denuncia,,,,'2016-11-11 08:41:31','2016-11-11 08:41:31','2016-11-11 08:41:31',Atendido,,
161111-357096,,Incidente importado desde SAC,,Cac,Usuario Importador,Telemarketing,,Consulta,Solucionado,,,,,AUA1 - AUTOMOTORES CARTERA GENERAL,862163,,2469813,Cartera general,,,,'2016-11-11 08:41:31','2016-11-11 08:41:31','2016-11-11 08:41:31',Atendido,,
161111-357099,,Incidente importado desde SAC,,Oficina Mar del Plata,Usuario Importador,Carta,,Consulta,Solucionado,,,,,AUT1 - AUTOMOTORES,862166,,7638316,Siniestro Jet,,,,'2016-11-11 08:41:31','2016-11-11 08:41:31','2016-11-11 08:41:31',Resuelto,,
161111-357103,,Incidente importado desde SAC,,Cac,Usuario Importador,Telemarketing,,Consulta,Solucionado,,,,,AUS1 - AUTOMOTORES,862170,,3409539,Facturación,,,,'2016-11-11 08:41:31','2016-11-11 08:41:31','2016-11-11 08:41:31',Atendido,,
161111-357105,,Incidente importado desde SAC,,Cac,Usuario Importador,Telemarketing,,Consulta,Solucionado,,,,,AUS1 - AUTOMOTORES,862172,,4565353,Facturación,,,,'2016-11-11 08:41:31','2016-11-11 08:41:31','2016-11-11 08:41:31',Atendido,,
161111-357085,,Incidente importado desde SAC,,Cac,Usuario Importador,Carta Documento,,Consulta,Solucionado,,,,,AUS1 - AUTOMOTORES,862152,,7434996,Certificado de cobertura,,,,'2016-11-11 08:41:30','2016-11-11 08:41:30','2016-11-11 08:41:30',Atendido,,
161111-357086,,Incidente importado desde SAC,,Mailing,Usuario Importador,Telemarketing,,Reclamo,Solucionado,,,,,AUS1 - AUTOMOTORES,862153,,4459585,Cupón de pago,,,,'2016-11-11 08:41:30','2016-11-11 08:41:30','2016-11-11 08:41:30',Resuelto,,
161111-357088,,Incidente importado desde SAC,,Fleet Services,Usuario Importador,Telemarketing,,Consulta,Solucionado,,,,,AUS1 - AUTOMOTORES,862155,,2670142,Contacto del tercero,,,,'2016-11-11 08:41:30','2016-11-11 08:41:30','2016-11-11 08:41:30',Atendido,,
161111-357089,,Incidente importado desde SAC,,Emisión Masivos,Usuario Importador,Telemarketing,,Consulta,Solucionado,,,,,AUS1 - AUTOMOTORES,862156,,5405561,Baja de póliza,,,,'2016-11-11 08:41:30','2016-11-11 08:41:30','2016-11-11 08:41:30',Atendido,,
161111-357059,,Incidente importado desde SAC,,Cac,Usuario Importador,Telemarketing,,Consulta,Solucionado,,,,,AUS1 - AUTOMOTORES,862126,,7403279,Facturación,,,,'2016-11-11 08:41:29','2016-11-11 08:41:29','2016-11-11 08:41:29',Atendido,,
161111-357063,,Incidente importado desde SAC,,Mailing,Usuario Importador,Telemarketing,,Reclamo,Solucionado,,,,,HOM1 - SEGURO DEL HOGAR,862130,,3265427,Cupón de pago,,,,'2016-11-11 08:41:29','2016-11-11 08:41:29','2016-11-11 08:41:29',Resuelto,,
161111-357064,,Incidente importado desde SAC,,Cac,Usuario Importador,Telemarketing,,Consulta,Solucionado,,,,,APL1 - AUTOMOTORES PLANES,862131,,4031911,Post - Denuncia,,,,'2016-11-11 08:41:29','2016-11-11 08:41:29','2016-11-11 08:41:29',Atendido,,
161111-357069,,Incidente importado desde SAC,,Cac,Usuario Importador,Telemarketing,,Consulta,Solucionado,,,,,AUI1 - AUTOMOTORES INSTITUCIONES,862136,,7270474,Facturación,,,,'2016-11-11 08:41:29','2016-11-11 08:41:29','2016-11-11 08:41:29',Atendido,,
161111-357074,,Incidente importado desde SAC,,Cac,Usuario Importador,Telemarketing,,Consulta,Solucionado,,,,,APR1 - AUTOMOTORES,862141,,1260655,Modificaciones datos del producto,,,,'2016-11-11 08:41:29','2016-11-11 08:41:29','2016-11-11 08:41:29',Atendido,,
161111-357076,,Incidente importado desde SAC,,Gerencia Clientes,Usuario Importador,Telemarketing,,Reclamo,Solucionado,,,,,AUS1 - AUTOMOTORES,862143,,726436,Venta con anomalías,,,,'2016-11-11 08:41:29','2016-11-11 08:41:29','2016-11-11 08:41:29',Resuelto,,
161111-357048,,Incidente importado desde SAC,,Cac,Usuario Importador,Telemarketing,,Consulta,Solucionado,,,,,HOM1 - SEGURO DEL HOGAR,862115,,5657329,Facturación,,,,'2016-11-11 08:41:28','2016-11-11 08:41:28','2016-11-11 08:41:28',Atendido,,
161111-357049,,Incidente importado desde SAC,,Emisión Masivos,Usuario Importador,Carta Documento,,Consulta,Solucionado,,,,,HOM1 - SEGURO DEL HOGAR,862116,,1009589,Baja de póliza,,,,'2016-11-11 08:41:28','2016-11-11 08:41:28','2016-11-11 08:41:28',Atendido,,
161111-357050,,Incidente importado desde SAC,,Cac,Usuario Importador,Telemarketing,,Consulta,Solucionado,,,,,AUS1 - AUTOMOTORES,862117,,418328,Facturación,,,,'2016-11-11 08:41:28','2016-11-11 08:41:28','2016-11-11 08:41:28',Atendido,,
161111-357055,,Incidente importado desde SAC,,Cac,Usuario Importador,Telemarketing,,Consulta,Solucionado,,,,,AUS1 - AUTOMOTORES,862122,,6221686,Facturación,,,,'2016-11-11 08:41:28','2016-11-11 08:41:28','2016-11-11 08:41:28',Atendido,,
161111-357034,,Incidente importado desde SAC,,Fleet Services,Usuario Importador,Telemarketing,,Consulta,Solucionado,,,,,APR1 - AUTOMOTORES,862100,,3507690,Contacto del tercero,,,,'2016-11-11 08:41:27','2016-11-11 08:41:27','2016-11-11 08:41:27',Atendido,,
161111-357035,,Incidente importado desde SAC,,Cac,Usuario Importador,Carta Documento,,Consulta,Solucionado,,,,,HOM1 - SEGURO DEL HOGAR,862101,,3459246,Post - Denuncia,,,,'2016-11-11 08:41:27','2016-11-11 08:41:27','2016-11-11 08:41:27',Atendido,,
161111-354555,,,,Cac,Yanina Gonzalez,Llamada entrante,,Consulta,Solucionado,,,45820,,AUS1 - AUTOMOTORES,862103,,3371268,Post - Denuncia,,,,'2016-11-11 08:41:27','2016-11-11 08:41:27','2016-11-11 08:41:27',Atendido,,
161111-357040,,Incidente importado desde SAC,,Emisión Masivos,Usuario Importador,Telemarketing,,Consulta,Solucionado,,,,,AUS1 - AUTOMOTORES,862107,,2507958,Baja de póliza,,,,'2016-11-11 08:41:27','2016-11-11 08:41:27','2016-11-11 08:41:27',Atendido,,
161111-357042,,Incidente importado desde SAC,,Cac,Usuario Importador,Telemarketing,,Consulta,Solucionado,,,,,APR1 - AUTOMOTORES,862109,,5213676,Post - Denuncia,,,,'2016-11-11 08:41:27','2016-11-11 08:41:27','2016-11-11 08:41:27',Atendido,,
161111-357016,,Incidente importado desde SAC,,Cac,Usuario Importador,Telemarketing,,Consulta,Solucionado,,,,,AUS1 - AUTOMOTORES,862082,,7829349,Facturación,,,,'2016-11-11 08:41:26','2016-11-11 08:41:26','2016-11-11 08:41:26',Atendido,,
161111-357021,,Incidente importado desde SAC,,Cac,Usuario Importador,Telemarketing,,Consulta,Solucionado,,,,,APR1 - AUTOMOTORES,862087,,2051224,Post - Denuncia,,,,'2016-11-11 08:41:26','2016-11-11 08:41:26','2016-11-11 08:41:26',Atendido,,
161111-357030,,Incidente importado desde SAC,,Cac,Usuario Importador,Telemarketing,,Consulta,Solucionado,,,,,APL1 - AUTOMOTORES PLANES,862096,,5003982,Modificaciones datos del producto,,,,'2016-11-11 08:41:26','2016-11-11 08:41:26','2016-11-11 08:41:26',Atendido,,
161111-357007,,Incidente importado desde SAC,,Gerencia Clientes,Usuario Importador,Carta Documento,,Disconformidad,Solucionado,,,,,AUS1 - AUTOMOTORES,862073,,3870498,Baja de póliza,,,,'2016-11-11 08:41:25','2016-11-11 08:41:25','2016-11-11 08:41:25',Atendido,,
161111-356993,,Incidente importado desde SAC,,Fleet Services,Usuario Importador,Telemarketing,,Consulta,Solucionado,,,,,AUS1 - AUTOMOTORES,862059,,4443166,Contacto del tercero,,,,'2016-11-11 08:41:23','2016-11-11 08:41:23','2016-11-11 08:41:23',Atendido,,
161111-356994,,Incidente importado desde SAC,,Robo / Destruccion Total,Usuario Importador,Carta,,Consulta,Solucionado,,,,,AUS1 - AUTOMOTORES,862060,,7779896,Siniestro Jet,,,,'2016-11-11 08:41:23','2016-11-11 08:41:23','2016-11-11 08:41:23',Resuelto,,
161111-356982,,Incidente importado desde SAC,,Oficina Mendoza,Usuario Importador,Carta,,Consulta,Solucionado,,,,,ICO1 - INTEGR.COMERCIO,862048,,1421109,Siniestro Jet,,,,'2016-11-11 08:41:21','2016-11-11 08:41:21','2016-11-11 08:41:21',Resuelto,,
161111-356965,,Incidente importado desde SAC,,Fleet Services,Usuario Importador,Carta Documento,,Consulta,Solucionado,,,,,AUT1 - AUTOMOTORES,862031,,4552849,Contacto del tercero,,,,'2016-11-11 08:41:20','2016-11-11 08:41:20','2016-11-11 08:41:20',Atendido,,
161111-356967,,Incidente importado desde SAC,,Cac,Usuario Importador,Carta Documento,,Consulta,Solucionado,,,,,AUS1 - AUTOMOTORES,862033,,2002747,Reintegro - Automático,,,,'2016-11-11 08:41:20','2016-11-11 08:41:20','2016-11-11 08:41:20',Atendido,,
161111-356968,,Incidente importado desde SAC,,Cac,Usuario Importador,Carta Documento,,Consulta,Solucionado,,,,,AUI1 - AUTOMOTORES INSTITUCIONES,862034,,7261625,Certificado de cobertura,,,,'2016-11-11 08:41:20','2016-11-11 08:41:20','2016-11-11 08:41:20',Atendido,,
161111-356969,,Incidente importado desde SAC,,Emisión Masivos,Usuario Importador,Telemarketing,,Consulta,Solucionado,,,,,HOM1 - SEGURO DEL HOGAR,862035,,1338737,Baja de póliza,,,,'2016-11-11 08:41:20','2016-11-11 08:41:20','2016-11-11 08:41:20',Atendido,,
161111-356970,,Incidente importado desde SAC,,Cac,Usuario Importador,Telemarketing,,Consulta,Solucionado,,,,,AUS1 - AUTOMOTORES,862036,,7855132,Certificado de cobertura,,,,'2016-11-11 08:41:20','2016-11-11 08:41:20','2016-11-11 08:41:20',Atendido,,
161111-356955,,Incidente importado desde SAC,,Mailing,Usuario Importador,Telemarketing,,Reclamo,Solucionado,,,,,AUS1 - AUTOMOTORES,862021,,3508702,Cupón de pago,,,,'2016-11-11 08:41:19','2016-11-11 08:41:19','2016-11-11 08:41:19',Resuelto,,
161111-356959,,Incidente importado desde SAC,,Cac,Usuario Importador,Telemarketing,,Consulta,Solucionado,,,,,APR1 - AUTOMOTORES,862025,,5221867,Modificaciones datos del producto,,,,'2016-11-11 08:41:19','2016-11-11 08:41:19','2016-11-11 08:41:19',Atendido,,
161111-356960,,Incidente importado desde SAC,,Cac,Usuario Importador,Telemarketing,,Consulta,Solucionado,,,,,AUS1 - AUTOMOTORES,862026,,1347150,Post - Denuncia,,,,'2016-11-11 08:41:19','2016-11-11 08:41:19','2016-11-11 08:41:19',Atendido,,
161111-356934,,Incidente importado desde SAC,,Gerencia Clientes,Usuario Importador,Telemarketing,,Reclamo,Solucionado,,,,,ATD1 - ROBO/USUAR.T.DEB-CRE,862000,,3530234,Venta con anomalías,,,,'2016-11-11 08:41:18','2016-11-11 08:41:18','2016-11-11 08:41:18',Resuelto,,
161111-356941,,Incidente importado desde SAC,,Oficina Cordoba,Usuario Importador,Telemarketing,,Reclamo,Solucionado,,,,,APR1 - AUTOMOTORES,862007,,4806922,Daños materiales Cordoba,,,,'2016-11-11 08:41:18','2016-11-11 08:41:18','2016-11-11 08:41:18',Resuelto,,
161111-356942,,Incidente importado desde SAC,,Oficina Cordoba,Usuario Importador,Canal productor,,Consulta,Solucionado,,,,,AUT1 - AUTOMOTORES,862008,,3453687,Siniestro Jet,,,,'2016-11-11 08:41:18','2016-11-11 08:41:18','2016-11-11 08:41:18',Resuelto,,
161111-356916,,Incidente importado desde SAC,,Cac,Usuario Importador,Telemarketing,,Consulta,Solucionado,,,,,HOM1 - SEGURO DEL HOGAR,861982,,7787376,Facturación,,,,'2016-11-11 08:41:17','2016-11-11 08:41:17','2016-11-11 08:41:17',Atendido,,
161111-356919,,Incidente importado desde SAC,,Mailing,Usuario Importador,Telemarketing,,Reclamo,Solucionado,,,,,AUS1 - AUTOMOTORES,861985,,2842800,Cupón de pago,,,,'2016-11-11 08:41:17','2016-11-11 08:41:17','2016-11-11 08:41:17',Resuelto,,
161111-356920,,Incidente importado desde SAC,,Cac,Usuario Importador,Carta Documento,,Consulta,Solucionado,,,,,AUS1 - AUTOMOTORES,861986,,7763928,Certificado de cobertura,,,,'2016-11-11 08:41:17','2016-11-11 08:41:17','2016-11-11 08:41:17',Atendido,,
161111-356922,,Incidente importado desde SAC,,Cac,Usuario Importador,Llamada entrante,,Consulta,Solucionado,,,,,AUS1 - AUTOMOTORES,861988,,2326877,Post - Denuncia,,,,'2016-11-11 08:41:17','2016-11-11 08:41:17','2016-11-11 08:41:17',Atendido,,
161111-356924,,Incidente importado desde SAC,,Fleet Services,Usuario Importador,Telemarketing,,Consulta,Solucionado,,,,,AUA1 - AUTOMOTORES CARTERA GENERAL,861990,,3405515,Contacto del tercero,,,,'2016-11-11 08:41:17','2016-11-11 08:41:17','2016-11-11 08:41:17',Atendido,,
161111-356925,,Incidente importado desde SAC,,Cac,Usuario Importador,Carta Documento,,Consulta,Solucionado,,,,,AUS1 - AUTOMOTORES,861991,,4587960,Facturación,,,,'2016-11-11 08:41:17','2016-11-11 08:41:17','2016-11-11 08:41:17',Atendido,,
161111-356928,,Incidente importado desde SAC,,Gerencia Clientes,Usuario Importador,Telemarketing,,Accion Proactiva,Solucionado,,,,,HOM1 - SEGURO DEL HOGAR,861994,,3481655,Uso Interno SAA - Acción Proactiva,,,,'2016-11-11 08:41:17','2016-11-11 08:41:17','2016-11-11 08:41:17',Resuelto,,
161111-356901,,Incidente importado desde SAC,,Cac,Usuario Importador,Telemarketing,,Consulta,Solucionado,,,,,AUS1 - AUTOMOTORES,861967,,790122,Post - Denuncia,,,,'2016-11-11 08:41:16','2016-11-11 08:41:16','2016-11-11 08:41:16',Atendido,,
161111-356906,,Incidente importado desde SAC,,Fleet Services,Usuario Importador,Telemarketing,,Consulta,Solucionado,,,,,AUI1 - AUTOMOTORES INSTITUCIONES,861972,,3489284,Contacto del tercero,,,,'2016-11-11 08:41:16','2016-11-11 08:41:16','2016-11-11 08:41:16',Atendido,,
161111-356908,,Incidente importado desde SAC,,Cac,Usuario Importador,Telemarketing,,Consulta,Solucionado,,,,,HOM1 - SEGURO DEL HOGAR,861974,,3439241,Post - Denuncia,,,,'2016-11-11 08:41:16','2016-11-11 08:41:16','2016-11-11 08:41:16',Atendido,,
161111-356910,,Incidente importado desde SAC,,Emisión Masivos,Usuario Importador,Telemarketing,,Consulta,Solucionado,,,,,AUS1 - AUTOMOTORES,861976,,2171912,Baja de póliza,,,,'2016-11-11 08:41:16','2016-11-11 08:41:16','2016-11-11 08:41:16',Atendido,,
161111-356913,,Incidente importado desde SAC,,Fleet Services,Usuario Importador,Telemarketing,,Consulta,Solucionado,,,,,AUS1 - AUTOMOTORES,861979,,4337629,Contacto del tercero,,,,'2016-11-11 08:41:16','2016-11-11 08:41:16','2016-11-11 08:41:16',Atendido,,
161111-356885,,Incidente importado desde SAC,,Robo / Destruccion Total,Usuario Importador,Carta,,Consulta,Solucionado,,,,,AUS1 - AUTOMOTORES,861951,,5614516,Siniestro Jet,,,,'2016-11-11 08:41:15','2016-11-11 08:41:15','2016-11-11 08:41:15',Resuelto,,
161111-356891,,Incidente importado desde SAC,,Fleet Services,Usuario Importador,Telemarketing,,Reclamo,Solucionado,,,,,AUT1 - AUTOMOTORES,861957,,1332331,Contacto del tercero,,,,'2016-11-11 08:41:15','2016-11-11 08:41:15','2016-11-11 08:41:15',Resuelto,,
161111-356895,,Incidente importado desde SAC,,Cleas,Usuario Importador,Carta,,Consulta,Solucionado,,,,,AUT1 - AUTOMOTORES,861961,,2342753,Siniestro Jet,,,,'2016-11-11 08:41:15','2016-11-11 08:41:15','2016-11-11 08:41:15',Resuelto,,
161111-356896,,Incidente importado desde SAC,,Emisión Masivos,Usuario Importador,Telemarketing,,Consulta,Solucionado,,,,,HOM1 - SEGURO DEL HOGAR,861962,,3198958,Baja de póliza,,,,'2016-11-11 08:41:15','2016-11-11 08:41:15','2016-11-11 08:41:15',Atendido,,
161111-356897,,Incidente importado desde SAC,,Mailing,Usuario Importador,Telemarketing,,Reclamo,Solucionado,,,,,HOM1 - SEGURO DEL HOGAR,861963,,401711,Cupón de pago,,,,'2016-11-11 08:41:15','2016-11-11 08:41:15','2016-11-11 08:41:15',Resuelto,,
161111-356864,,Incidente importado desde SAC,,Cac,Usuario Importador,Carta Documento,,Consulta,Solucionado,,,,,AUS1 - AUTOMOTORES,861930,,2818760,Modificación datos personales,,,,'2016-11-11 08:41:14','2016-11-11 08:41:14','2016-11-11 08:41:14',Atendido,,
161111-356866,,Incidente importado desde SAC,,Cac,Usuario Importador,Telemarketing,,Consulta,Solucionado,,,,,AUS1 - AUTOMOTORES,861932,,1414129,Facturación,,,,'2016-11-11 08:41:14','2016-11-11 08:41:14','2016-11-11 08:41:14',Atendido,,
161111-356867,,Incidente importado desde SAC,,Cac,Usuario Importador,Telemarketing,,Consulta,Solucionado,,,,,HOM1 - SEGURO DEL HOGAR,861933,,5984370,Facturación,,,,'2016-11-11 08:41:14','2016-11-11 08:41:14','2016-11-11 08:41:14',Atendido,,
161111-356878,,Incidente importado desde SAC,,,Usuario Importador,Telemarketing,,Reclamo,Solucionado,,,,,AUS1 - AUTOMOTORES,861944,,6047465,Daños materiales Cordoba,,,,'2016-11-11 08:41:14','2016-11-11 08:41:14','2016-11-11 08:41:14',Resuelto,,
161111-356849,,Incidente importado desde SAC,,Prestadores,Usuario Importador,Carta,,Reclamo,Solucionado,,,,,AUS1 - AUTOMOTORES,861915,,614939,SOS,,,,'2016-11-11 08:41:13','2016-11-11 08:41:13','2016-11-11 08:41:13',No Procedente,,
161111-356853,,Incidente importado desde SAC,,Cac,Usuario Importador,Telemarketing,,Consulta,Solucionado,,,,,AUT1 - AUTOMOTORES,861919,,2353378,Facturación,,,,'2016-11-11 08:41:13','2016-11-11 08:41:13','2016-11-11 08:41:13',Atendido,,
161111-356857,,Incidente importado desde SAC,,Cac,Usuario Importador,Telemarketing,,Consulta,Solucionado,,,,,HOM1 - SEGURO DEL HOGAR,861923,,1299695,Facturación,,,,'2016-11-11 08:41:13','2016-11-11 08:41:13','2016-11-11 08:41:13',Atendido,,
161111-356836,,Incidente importado desde SAC,,Cac,Usuario Importador,Telemarketing,,Reclamo,Solucionado,,,,,AUS1 - AUTOMOTORES,861902,,7039020,Daños materiales drive in Libertador,,,,'2016-11-11 08:41:12','2016-11-11 08:41:12','2016-11-11 08:41:12',Anulado,,
161111-356842,,Incidente importado desde SAC,,Cac,Usuario Importador,Carta Documento,,Consulta,Solucionado,,,,,HOM1 - SEGURO DEL HOGAR,861908,,7311820,Post - Denuncia,,,,'2016-11-11 08:41:12','2016-11-11 08:41:12','2016-11-11 08:41:12',Atendido,,
161111-356834,,Incidente importado desde SAC,,Cac,Usuario Importador,Telemarketing,,Consulta,Solucionado,,,,,AUS1 - AUTOMOTORES,861900,,3425384,Facturación,,,,'2016-11-11 08:41:10','2016-11-11 08:41:10','2016-11-11 08:41:10',Atendido,,
161111-356829,,Incidente importado desde SAC,,Cac,Usuario Importador,Telemarketing,,Reclamo,Solucionado,,,,,APL1 - AUTOMOTORES PLANES,861895,,7535045,Error Oper./ Resol. Masiva,,,,'2016-11-11 08:41:09','2016-11-11 08:41:09','2016-11-11 08:41:09',Resuelto,,
161111-356830,,Incidente importado desde SAC,,Cac,Usuario Importador,Carta Documento,,Consulta,Solucionado,,,,,HOM1 - SEGURO DEL HOGAR,861896,,2534489,Facturación,,,,'2016-11-11 08:41:09','2016-11-11 08:41:09','2016-11-11 08:41:09',Atendido,,
161111-356817,,Incidente importado desde SAC,,Robo / Destruccion Total,Usuario Importador,Carta,,Consulta,Solucionado,,,,,AUS1 - AUTOMOTORES,861883,,6235615,Siniestro Jet,,,,'2016-11-11 08:41:08','2016-11-11 08:41:08','2016-11-11 08:41:08',Resuelto,,
161111-356821,,Incidente importado desde SAC,,Cac,Usuario Importador,Telemarketing,,Consulta,Solucionado,,,,,HOM1 - SEGURO DEL HOGAR,861887,,626948,Condiciones de póliza,,,,'2016-11-11 08:41:08','2016-11-11 08:41:08','2016-11-11 08:41:08',Atendido,,
161111-356823,,Incidente importado desde SAC,,Cac,Usuario Importador,Telemarketing,,Consulta,Solucionado,,,,,AUS1 - AUTOMOTORES,861889,,4147402,Facturación,,,,'2016-11-11 08:41:08','2016-11-11 08:41:08','2016-11-11 08:41:08',Atendido,,
161111-356801,,Incidente importado desde SAC,,Cac,Usuario Importador,Telemarketing,,Consulta,Solucionado,,,,,AUS1 - AUTOMOTORES,861867,,5872201,Facturación,,,,'2016-11-11 08:41:07','2016-11-11 08:41:07','2016-11-11 08:41:07',Atendido,,
161111-356802,,Incidente importado desde SAC,,Cac,Usuario Importador,Telemarketing,,Consulta,Solucionado,,,,,AUS1 - AUTOMOTORES,861868,,1063668,Facturación,,,,'2016-11-11 08:41:07','2016-11-11 08:41:07','2016-11-11 08:41:07',Atendido,,
161111-356805,,Incidente importado desde SAC,,Cac,Usuario Importador,Telemarketing,,Consulta,Solucionado,,,,,AUI1 - AUTOMOTORES INSTITUCIONES,861871,,3960090,Facturación,,,,'2016-11-11 08:41:07','2016-11-11 08:41:07','2016-11-11 08:41:07',Atendido,,
161111-356809,,Incidente importado desde SAC,,Gerencia Clientes,Usuario Importador,Telemarketing,,Reclamo,Solucionado,,,,,AUS1 - AUTOMOTORES,861875,,3168065,Venta con anomalías,,,,'2016-11-11 08:41:07','2016-11-11 08:41:07','2016-11-11 08:41:07',Resuelto,,
161111-356813,,Incidente importado desde SAC,,Cac,Usuario Importador,Telemarketing,,Consulta,Solucionado,,,,,APL1 - AUTOMOTORES PLANES,861879,,2566112,Modificaciones datos del producto,,,,'2016-11-11 08:41:07','2016-11-11 08:41:07','2016-11-11 08:41:07',Atendido,,
161111-356815,,Incidente importado desde SAC,,Prestadores,Usuario Importador,Telemarketing,,Reclamo,Solucionado,,,,,AUS1 - AUTOMOTORES,861881,,5652137,SOS,,,,'2016-11-11 08:41:07','2016-11-11 08:41:07','2016-11-11 08:41:07',Resuelto,,
161111-356784,,Incidente importado desde SAC,,Cac,Usuario Importador,Telemarketing,,Consulta,Solucionado,,,,,APR1 - AUTOMOTORES,861850,,5348584,Modificaciones datos del producto,,,,'2016-11-11 08:41:06','2016-11-11 08:41:06','2016-11-11 08:41:06',Atendido,,
161111-356791,,Incidente importado desde SAC,,Gerencia Clientes,Usuario Importador,Telemarketing,,Reclamo,Solucionado,,,,,AUS1 - AUTOMOTORES,861857,,5256643,Venta con anomalías,,,,'2016-11-11 08:41:06','2016-11-11 08:41:06','2016-11-11 08:41:06',Resuelto,,
161111-356792,,Incidente importado desde SAC,,Cac,Usuario Importador,Telemarketing,,Consulta,Solucionado,,,,,APL1 - AUTOMOTORES PLANES,861858,,3248348,Certificado de cobertura,,,,'2016-11-11 08:41:06','2016-11-11 08:41:06','2016-11-11 08:41:06',Atendido,,
161111-356794,,Incidente importado desde SAC,,Cac,Usuario Importador,Telemarketing,,Consulta,Solucionado,,,,,AUS1 - AUTOMOTORES,861860,,4781033,Facturación,,,,'2016-11-11 08:41:06','2016-11-11 08:41:06','2016-11-11 08:41:06',Atendido,,
161111-356798,,Incidente importado desde SAC,,Cac,Usuario Importador,Carta Documento,,Consulta,Solucionado,,,,,AUS1 - AUTOMOTORES,861864,,6541852,Certificado de cobertura,,,,'2016-11-11 08:41:06','2016-11-11 08:41:06','2016-11-11 08:41:06',Atendido,,
161111-356773,,Incidente importado desde SAC,,Cac,Usuario Importador,Telemarketing,,Consulta,Solucionado,,,,,AUS1 - AUTOMOTORES,861839,,913726,Post - Denuncia,,,,'2016-11-11 08:41:05','2016-11-11 08:41:05','2016-11-11 08:41:05',Atendido,,
161111-356774,,Incidente importado desde SAC,,Cac,Usuario Importador,Telemarketing,,Consulta,Solucionado,,,,,APL1 - AUTOMOTORES PLANES,861840,,3787868,Modificaciones datos del producto,,,,'2016-11-11 08:41:05','2016-11-11 08:41:05','2016-11-11 08:41:05',Atendido,,
161111-356777,,Incidente importado desde SAC,,Cac,Usuario Importador,Telemarketing,,Consulta,Solucionado,,,,,AUS1 - AUTOMOTORES,861843,,1734532,Post - Denuncia,,,,'2016-11-11 08:41:05','2016-11-11 08:41:05','2016-11-11 08:41:05',Atendido,,
161111-356780,,Incidente importado desde SAC,,Gerencia Clientes,Usuario Importador,Telemarketing,,Reclamo,Solucionado,,,,,AUS1 - AUTOMOTORES,861846,,3948268,Venta con anomalías,,,,'2016-11-11 08:41:05','2016-11-11 08:41:05','2016-11-11 08:41:05',Resuelto,,
161111-356751,,Incidente importado desde SAC,,Fleet Services,Usuario Importador,Telemarketing,,Reclamo,Solucionado,,,,,AUS1 - AUTOMOTORES,861817,,3373442,Contacto del tercero,,,,'2016-11-11 08:41:04','2016-11-11 08:41:04','2016-11-11 08:41:04',Resuelto,,
161111-356755,,Incidente importado desde SAC,,Cac,Usuario Importador,Telemarketing,,Consulta,Solucionado,,,,,APR1 - AUTOMOTORES,861821,,638411,Post - Denuncia,,,,'2016-11-11 08:41:04','2016-11-11 08:41:04','2016-11-11 08:41:04',Atendido,,
161111-356758,,Incidente importado desde SAC,,Cac,Usuario Importador,Telemarketing,,Consulta,Solucionado,,,,,AUS1 - AUTOMOTORES,861824,,6521383,Ampliación de Cobertura con inspección,,,,'2016-11-11 08:41:04','2016-11-11 08:41:04','2016-11-11 08:41:04',Atendido,,
161111-356759,,Incidente importado desde SAC,,Cac,Usuario Importador,Telemarketing,,Consulta,Solucionado,,,,,APR1 - AUTOMOTORES,861825,,4841020,Post - Denuncia,,,,'2016-11-11 08:41:04','2016-11-11 08:41:04','2016-11-11 08:41:04',Atendido,,
161111-356762,,Incidente importado desde SAC,,Cac,Usuario Importador,Telemarketing,,Consulta,Solucionado,,,,,AUS1 - AUTOMOTORES,861828,,3926384,Post - Denuncia,,,,'2016-11-11 08:41:04','2016-11-11 08:41:04','2016-11-11 08:41:04',Atendido,,
161111-356740,,Incidente importado desde SAC,,Cac,Usuario Importador,Telemarketing,,Consulta,Solucionado,,,,,APR1 - AUTOMOTORES,861806,,4343626,Post - Denuncia,,,,'2016-11-11 08:41:03','2016-11-11 08:41:03','2016-11-11 08:41:03',Atendido,,
161111-356745,,Incidente importado desde SAC,,Drive in Ciudadela,Usuario Importador,Carta,,Consulta,Solucionado,,,,,APL1 - AUTOMOTORES PLANES,861811,,5571900,Siniestro Jet,,,,'2016-11-11 08:41:03','2016-11-11 08:41:03','2016-11-11 08:41:03',Resuelto,,
161111-356747,,Incidente importado desde SAC,,Cac,Usuario Importador,Telemarketing,,Consulta,Solucionado,,,,,APR1 - AUTOMOTORES,861813,,3351940,Post - Denuncia,,,,'2016-11-11 08:41:03','2016-11-11 08:41:03','2016-11-11 08:41:03',Atendido,,
161111-356724,,Incidente importado desde SAC,,Cac,Usuario Importador,Telemarketing,,Consulta,Solucionado,,,,,APR1 - AUTOMOTORES,861790,,3520109,Post - Denuncia,,,,'2016-11-11 08:41:02','2016-11-11 08:41:02','2016-11-11 08:41:02',Atendido,,
161111-356728,,Incidente importado desde SAC,,Cac,Usuario Importador,Telemarketing,,Consulta,Solucionado,,,,,AUA1 - AUTOMOTORES CARTERA GENERAL,861794,,4854191,Denuncia daños materiales,,,,'2016-11-11 08:41:02','2016-11-11 08:41:02','2016-11-11 08:41:02',Atendido,,
161111-356729,,Incidente importado desde SAC,,Cac,Usuario Importador,Telemarketing,,Consulta,Solucionado,,,,,AUS1 - AUTOMOTORES,861795,,2545016,Post - Denuncia,,,,'2016-11-11 08:41:02','2016-11-11 08:41:02','2016-11-11 08:41:02',Atendido,,
161111-356737,,Incidente importado desde SAC,,Cac,Usuario Importador,Carta Documento,,Consulta,Solucionado,,,,,AUA1 - AUTOMOTORES CARTERA GENERAL,861803,,3415691,Denuncia daños materiales,,,,'2016-11-11 08:41:02','2016-11-11 08:41:02','2016-11-11 08:41:02',Atendido,,
161111-356710,,Incidente importado desde SAC,,Cac,Usuario Importador,Carta Documento,,Consulta,Solucionado,,,,,AUS1 - AUTOMOTORES,861776,,3304554,Certificado de cobertura,,,,'2016-11-11 08:41:01','2016-11-11 08:41:01','2016-11-11 08:41:01',Atendido,,
161111-356711,,Incidente importado desde SAC,,Cac,Usuario Importador,Telemarketing,,Consulta,Solucionado,,,,,AUS1 - AUTOMOTORES,861777,,7667611,Facturación,,,,'2016-11-11 08:41:01','2016-11-11 08:41:01','2016-11-11 08:41:01',Atendido,,
161111-356712,,Incidente importado desde SAC,,Cac,Usuario Importador,Telemarketing,,Consulta,Solucionado,,,,,HOM1 - SEGURO DEL HOGAR,861778,,1934299,Ampliación de Cobertura con inspección,,,,'2016-11-11 08:41:01','2016-11-11 08:41:01','2016-11-11 08:41:01',Atendido,,
161111-356713,,Incidente importado desde SAC,,Cac,Usuario Importador,Telemarketing,,Consulta,Solucionado,,,,,APL1 - AUTOMOTORES PLANES,861779,,4365387,Modificaciones datos del producto,,,,'2016-11-11 08:41:01','2016-11-11 08:41:01','2016-11-11 08:41:01',Atendido,,
161111-356714,,Incidente importado desde SAC,,Cac,Usuario Importador,Telemarketing,,Consulta,Solucionado,,,,,AUS1 - AUTOMOTORES,861780,,1247189,Facturación,,,,'2016-11-11 08:41:01','2016-11-11 08:41:01','2016-11-11 08:41:01',Atendido,,
161111-356716,,Incidente importado desde SAC,,Cac,Usuario Importador,Telemarketing,,Consulta,Solucionado,,,,,APR1 - AUTOMOTORES,861782,,3443061,Denuncia Lesiones,,,,'2016-11-11 08:41:01','2016-11-11 08:41:01','2016-11-11 08:41:01',Atendido,,
161111-356717,,Incidente importado desde SAC,,Mailing,Usuario Importador,Telemarketing,,Reclamo,Solucionado,,,,,HOM1 - SEGURO DEL HOGAR,861783,,263469,Cupón de pago,,,,'2016-11-11 08:41:01','2016-11-11 08:41:01','2016-11-11 08:41:01',Resuelto,,
161111-356225,,,,Cac,Noelia Barreto,Llamada entrante,,Consulta,Solucionado,,,45826,,AUS1 - AUTOMOTORES,861764,,459550,Suscripción Web Services,,,,'2016-11-11 08:41:00','2016-11-11 08:41:00','2016-11-11 08:41:00',Atendido,,
161111-356702,,Incidente importado desde SAC,,Mailing,Usuario Importador,Telemarketing,,Reclamo,Solucionado,,,,,AUS1 - AUTOMOTORES,861768,,6213791,Cupón de pago,,,,'2016-11-11 08:41:00','2016-11-11 08:41:00','2016-11-11 08:41:00',Resuelto,,
161111-356703,,Incidente importado desde SAC,,Cac,Usuario Importador,Telemarketing,,Consulta,Solucionado,,,,,AUS1 - AUTOMOTORES,861769,,5782250,Facturación,,,,'2016-11-11 08:41:00','2016-11-11 08:41:00','2016-11-11 08:41:00',Atendido,,
161111-356704,,Incidente importado desde SAC,,Fleet Services,Usuario Importador,Telemarketing,,Consulta,Solucionado,,,,,AUT1 - AUTOMOTORES,861770,,5190187,Contacto del tercero,,,,'2016-11-11 08:41:00','2016-11-11 08:41:00','2016-11-11 08:41:00',Atendido,,
161111-356707,,Incidente importado desde SAC,,Cac,Usuario Importador,Telemarketing,,Consulta,Solucionado,,,,,ATD1 - ROBO/USUAR.T.DEB-CRE,861773,,930182,Baja de póliza,,,,'2016-11-11 08:41:00','2016-11-11 08:41:00','2016-11-11 08:41:00',Atendido,,
161111-356691,,Incidente importado desde SAC,,Cac,Usuario Importador,Telemarketing,,Consulta,Solucionado,,,,,ATD1 - ROBO/USUAR.T.DEB-CRE,861756,,5920697,Baja de póliza,,,,'2016-11-11 08:40:59','2016-11-11 08:40:59','2016-11-11 08:40:59',Atendido,,
161111-356698,,Incidente importado desde SAC,,Cac,Usuario Importador,Carta Documento,,Consulta,Solucionado,,,,,AUS1 - AUTOMOTORES,861763,,3870498,Condiciones de póliza,,,,'2016-11-11 08:40:59','2016-11-11 08:40:59','2016-11-11 08:40:59',Atendido,,
161111-356677,,Incidente importado desde SAC,,Mailing,Usuario Importador,Telemarketing,,Reclamo,Solucionado,,,,,AUS1 - AUTOMOTORES,861742,,3668605,Certificado de cobertura,,,,'2016-11-11 08:40:58','2016-11-11 08:40:58','2016-11-11 08:40:58',Resuelto,,
161111-356679,,Incidente importado desde SAC,,Cac,Usuario Importador,Telemarketing,,Consulta,Solucionado,,,,,AUS1 - AUTOMOTORES,861744,,5395490,Facturación,,,,'2016-11-11 08:40:58','2016-11-11 08:40:58','2016-11-11 08:40:58',Atendido,,
161111-356684,,Incidente importado desde SAC,,Emisión Masivos,Usuario Importador,Telemarketing,,Consulta,Solucionado,,,,,AUS1 - AUTOMOTORES,861749,,3891243,Baja de póliza,,,,'2016-11-11 08:40:58','2016-11-11 08:40:58','2016-11-11 08:40:58',Atendido,,
161111-356673,,Incidente importado desde SAC,,Cac,Usuario Importador,Telemarketing,,Consulta,Solucionado,,,,,AUS1 - AUTOMOTORES,861738,,2986616,Post - Denuncia,,,,'2016-11-11 08:40:57','2016-11-11 08:40:57','2016-11-11 08:40:57',Atendido,,
161111-356675,,Incidente importado desde SAC,,Cac,Usuario Importador,Telemarketing,,Consulta,Solucionado,,,,,HOM1 - SEGURO DEL HOGAR,861740,,3927350,Post - Denuncia,,,,'2016-11-11 08:40:57','2016-11-11 08:40:57','2016-11-11 08:40:57',Atendido,,
161111-356665,,Incidente importado desde SAC,,Cac,Usuario Importador,Carta Documento,,Consulta,Solucionado,,,,,AUS1 - AUTOMOTORES,861730,,1232207,Ampliación de Cobertura con inspección,,,,'2016-11-11 08:40:56','2016-11-11 08:40:56','2016-11-11 08:40:56',Atendido,,
161111-356668,,Incidente importado desde SAC,,Cac,Usuario Importador,Telemarketing,,Consulta,Solucionado,,,,,APR1 - AUTOMOTORES,861733,,4271832,Modificaciones datos del producto,,,,'2016-11-11 08:40:56','2016-11-11 08:40:56','2016-11-11 08:40:56',Atendido,,
161111-356669,,Incidente importado desde SAC,,Cac,Usuario Importador,Telemarketing,,Consulta,Solucionado,,,,,EEQ1 - SEGURO INGENIERIA,861734,,3383218,Cartera general,,,,'2016-11-11 08:40:56','2016-11-11 08:40:56','2016-11-11 08:40:56',Atendido,,
161111-354333,,,,Emisión Masivos,Romina Gabriela Callero,Llamada entrante,,Consulta,Solucionado,,,45818,,HOM1 - SEGURO DEL HOGAR,861719,,7891906,Decisión del asegurado,,,,'2016-11-11 08:40:55','2016-11-11 08:40:55','2016-11-11 08:40:55',Atendido,,
161111-356646,,Incidente importado desde SAC,,Cac,Usuario Importador,Telemarketing,,Consulta,Solucionado,,,,,HOM1 - SEGURO DEL HOGAR,861710,,1369505,Facturación,,,,'2016-11-11 08:40:54','2016-11-11 08:40:54','2016-11-11 08:40:54',Atendido,,
161111-356655,,Incidente importado desde SAC,,Emisión Masivos,Usuario Importador,Telemarketing,,Consulta,Solucionado,,,,,HOM1 - SEGURO DEL HOGAR,861720,,2829654,Baja de póliza,,,,'2016-11-11 08:40:54','2016-11-11 08:40:54','2016-11-11 08:40:54',Atendido,,
161111-356626,,Incidente importado desde SAC,,Cac,Usuario Importador,Carta Documento,,Consulta,Solucionado,,,,,AUS1 - AUTOMOTORES,861690,,3572252,Facturación,,,,'2016-11-11 08:40:53','2016-11-11 08:40:53','2016-11-11 08:40:53',Atendido,,
161111-356627,,Incidente importado desde SAC,,Juicios / mediaciones daños,Usuario Importador,Telemarketing,,Reclamo,Solucionado,,,,,AUT1 - AUTOMOTORES,861691,,4552689,Mediaciones lesiones,,,,'2016-11-11 08:40:53','2016-11-11 08:40:53','2016-11-11 08:40:53',Resuelto,,
161111-356628,,Incidente importado desde SAC,,Gerencia Clientes,Usuario Importador,Entes Reguladores,,Accion Proactiva,Solucionado,,,,,EGE1 - EXT.GARANTIA ELECTRO,861692,,272191,Uso Interno SAA - Acción Proactiva,,,,'2016-11-11 08:40:53','2016-11-11 08:40:53','2016-11-11 08:40:53',Resuelto,,
161111-356633,,Incidente importado desde SAC,,Cac,Usuario Importador,Telemarketing,,Consulta,Solucionado,,,,,HOM1 - SEGURO DEL HOGAR,861697,,2291450,Condiciones de póliza,,,,'2016-11-11 08:40:53','2016-11-11 08:40:53','2016-11-11 08:40:53',Atendido,,
161111-356636,,Incidente importado desde SAC,,Cac,Usuario Importador,Telemarketing,,Consulta,Solucionado,,,,,ATD1 - ROBO/USUAR.T.DEB-CRE,861700,,3425904,Baja de póliza,,,,'2016-11-11 08:40:53','2016-11-11 08:40:53','2016-11-11 08:40:53',Atendido,,
161111-356643,,Incidente importado desde SAC,,Gerencia Clientes,Usuario Importador,Carta Documento,,Consulta,Solucionado,,,,,AUA1 - AUTOMOTORES CARTERA GENERAL,861707,,4565773,Certificado de cobertura,,,,'2016-11-11 08:40:53','2016-11-11 08:40:53','2016-11-11 08:40:53',Atendido,,
161111-356616,,Incidente importado desde SAC,,Emisión Masivos,Usuario Importador,Telemarketing,,Consulta,Solucionado,,,,,AUS1 - AUTOMOTORES,861680,,1874094,Baja de póliza,,,,'2016-11-11 08:40:52','2016-11-11 08:40:52','2016-11-11 08:40:52',Atendido,,
161111-356617,,Incidente importado desde SAC,,Cac,Usuario Importador,Telemarketing,,Consulta,Solucionado,,,,,APL1 - AUTOMOTORES PLANES,861681,,2322895,Modificaciones datos del producto,,,,'2016-11-11 08:40:52','2016-11-11 08:40:52','2016-11-11 08:40:52',Atendido,,
161111-356621,,Incidente importado desde SAC,,Cac,Usuario Importador,Carta Documento,,Consulta,Solucionado,,,,,AUI1 - AUTOMOTORES INSTITUCIONES,861685,,6673585,Modificación datos personales,,,,'2016-11-11 08:40:52','2016-11-11 08:40:52','2016-11-11 08:40:52',Atendido,,
161111-356607,,Incidente importado desde SAC,,Cac,Usuario Importador,Telemarketing,,Consulta,Solucionado,,,,,AUS1 - AUTOMOTORES,861671,,4573557,Facturación,,,,'2016-11-11 08:40:51','2016-11-11 08:40:51','2016-11-11 08:40:51',Atendido,,
161111-356608,,Incidente importado desde SAC,,Gerencia Clientes,Usuario Importador,Telemarketing,,Disconformidad,Solucionado,,,,,HOM1 - SEGURO DEL HOGAR,861672,,1942756,Facturación,,,,'2016-11-11 08:40:51','2016-11-11 08:40:51','2016-11-11 08:40:51',Atendido,,
161111-356610,,Incidente importado desde SAC,,Cac,Usuario Importador,Telemarketing,,Consulta,Solucionado,,,,,AUS1 - AUTOMOTORES,861674,,3122583,Facturación,,,,'2016-11-11 08:40:51','2016-11-11 08:40:51','2016-11-11 08:40:51',Atendido,,
161111-356593,,Incidente importado desde SAC,,Cac,Usuario Importador,Telemarketing,,Consulta,Solucionado,,,,,AUI1 - AUTOMOTORES INSTITUCIONES,861657,,3529172,Certificado de cobertura,,,,'2016-11-11 08:40:50','2016-11-11 08:40:50','2016-11-11 08:40:50',Atendido,,
161111-356598,,Incidente importado desde SAC,,Gerencia Clientes,Usuario Importador,Entes Reguladores,,Accion Proactiva,Solucionado,,,,,APR1 - AUTOMOTORES,861662,,7358153,Uso Interno SAA - Acción Proactiva,,,,'2016-11-11 08:40:50','2016-11-11 08:40:50','2016-11-11 08:40:50',Resuelto,,
161111-356599,,Incidente importado desde SAC,,Cac,Usuario Importador,Carta Documento,,Consulta,Solucionado,,,,,AUS1 - AUTOMOTORES,861663,,4868901,Modificación datos personales,,,,'2016-11-11 08:40:50','2016-11-11 08:40:50','2016-11-11 08:40:50',Atendido,,
161111-356601,,Incidente importado desde SAC,,Oficina Mendoza,Usuario Importador,Carta,,Consulta,Solucionado,,,,,AUA1 - AUTOMOTORES CARTERA GENERAL,861665,,1327256,Siniestro Jet,,,,'2016-11-11 08:40:50','2016-11-11 08:40:50','2016-11-11 08:40:50',Resuelto,,
161111-356602,,Incidente importado desde SAC,,Robo / Destruccion Total,Usuario Importador,Carta,,Consulta,Solucionado,,,,,AUS1 - AUTOMOTORES,861666,,1115985,Siniestro Jet,,,,'2016-11-11 08:40:50','2016-11-11 08:40:50','2016-11-11 08:40:50',Resuelto,,
161111-356603,,Incidente importado desde SAC,,Cac,Usuario Importador,Telemarketing,,Consulta,Solucionado,,,,,APR1 - AUTOMOTORES,861667,,3512112,Modificaciones datos del producto,,,,'2016-11-11 08:40:50','2016-11-11 08:40:50','2016-11-11 08:40:50',Atendido,,
161111-356578,,Incidente importado desde SAC,,Mailing,Usuario Importador,Telemarketing,,Reclamo,Solucionado,,,,,AUS1 - AUTOMOTORES,861642,,2399664,Cupón de pago,,,,'2016-11-11 08:40:49','2016-11-11 08:40:49','2016-11-11 08:40:49',Resuelto,,
161111-356579,,Incidente importado desde SAC,,Fleet Services,Usuario Importador,Telemarketing,,Consulta,Solucionado,,,,,AUA1 - AUTOMOTORES CARTERA GENERAL,861643,,1421265,Contacto del tercero,,,,'2016-11-11 08:40:49','2016-11-11 08:40:49','2016-11-11 08:40:49',Atendido,,
161111-356580,,Incidente importado desde SAC,,Cac,Usuario Importador,Telemarketing,,Consulta,Solucionado,,,,,AUS1 - AUTOMOTORES,861644,,2125649,Facturación,,,,'2016-11-11 08:40:49','2016-11-11 08:40:49','2016-11-11 08:40:49',Atendido,,
161111-356581,,Incidente importado desde SAC,,Cac,Usuario Importador,Carta Documento,,Consulta,Solucionado,,,,,AUS1 - AUTOMOTORES,861645,,2273418,Post - Denuncia,,,,'2016-11-11 08:40:49','2016-11-11 08:40:49','2016-11-11 08:40:49',Atendido,,
161111-356584,,Incidente importado desde SAC,,Oficina Rosario,Usuario Importador,Telemarketing,,Reclamo,Solucionado,,,,,AUS1 - AUTOMOTORES,861648,,5964750,Daños materiales Rosario,,,,'2016-11-11 08:40:49','2016-11-11 08:40:49','2016-11-11 08:40:49',Resuelto,,
161111-356587,,Incidente importado desde SAC,,Cac,Usuario Importador,Telemarketing,,Consulta,Solucionado,,,,,HOM1 - SEGURO DEL HOGAR,861651,,3812580,Baja de póliza,,,,'2016-11-11 08:40:49','2016-11-11 08:40:49','2016-11-11 08:40:49',Atendido,,
161111-356588,,Incidente importado desde SAC,,Cac,Usuario Importador,Telemarketing,,Consulta,Solucionado,,,,,AUS1 - AUTOMOTORES,861652,,4512685,Facturación,,,,'2016-11-11 08:40:49','2016-11-11 08:40:49','2016-11-11 08:40:49',Atendido,,
161111-356569,,Incidente importado desde SAC,,Cac,Usuario Importador,Telemarketing,,Consulta,Solucionado,,,,,HOM1 - SEGURO DEL HOGAR,861633,,6528590,Baja de póliza,,,,'2016-11-11 08:40:48','2016-11-11 08:40:48','2016-11-11 08:40:48',Atendido,,
161111-356551,,Incidente importado desde SAC,,Mailing,Usuario Importador,Telemarketing,,Reclamo,Solucionado,,,,,HOM1 - SEGURO DEL HOGAR,861615,,1200463,Cupón de pago,,,,'2016-11-11 08:40:47','2016-11-11 08:40:47','2016-11-11 08:40:47',Resuelto,,
161111-356559,,Incidente importado desde SAC,,Cac,Usuario Importador,Telemarketing,,Consulta,Solucionado,,,,,AUS1 - AUTOMOTORES,861623,,1932443,Facturación,,,,'2016-11-11 08:40:47','2016-11-11 08:40:47','2016-11-11 08:40:47',Atendido,,
161111-356537,,Incidente importado desde SAC,,Cac,Usuario Importador,Telemarketing,,Consulta,Solucionado,,,,,APR1 - AUTOMOTORES,861601,,3468102,Facturación,,,,'2016-11-11 08:40:46','2016-11-11 08:40:46','2016-11-11 08:40:46',Atendido,,
161111-356540,,Incidente importado desde SAC,,Gerencia Clientes,Usuario Importador,Telemarketing,,Reclamo,Solucionado,,,,,AUS1 - AUTOMOTORES,861604,,3531862,Venta con anomalías,,,,'2016-11-11 08:40:46','2016-11-11 08:40:46','2016-11-11 08:40:46',Resuelto,,
161111-356541,,Incidente importado desde SAC,,Cac,Usuario Importador,Telemarketing,,Consulta,Solucionado,,,,,APL1 - AUTOMOTORES PLANES,861605,,3415853,Post - Denuncia,,,,'2016-11-11 08:40:46','2016-11-11 08:40:46','2016-11-11 08:40:46',Atendido,,
161111-356518,,Incidente importado desde SAC,,Cac,Usuario Importador,Telemarketing,,Consulta,Solucionado,,,,,AUS1 - AUTOMOTORES,861582,,2918438,Post - Denuncia,,,,'2016-11-11 08:40:45','2016-11-11 08:40:45','2016-11-11 08:40:45',Atendido,,
161111-356520,,Incidente importado desde SAC,,Gerencia Clientes,Usuario Importador,Telemarketing,,Reclamo,Solucionado,,,,,HOM1 - SEGURO DEL HOGAR,861584,,3998215,Venta con anomalías,,,,'2016-11-11 08:40:45','2016-11-11 08:40:45','2016-11-11 08:40:45',Resuelto,,
161111-356523,,Incidente importado desde SAC,,Cac,Usuario Importador,Telemarketing,,Consulta,Solucionado,,,,,AUS1 - AUTOMOTORES,861587,,4564273,Facturación,,,,'2016-11-11 08:40:45','2016-11-11 08:40:45','2016-11-11 08:40:45',Atendido,,
161111-356525,,Incidente importado desde SAC,,Fleet Services,Usuario Importador,Telemarketing,,Consulta,Solucionado,,,,,AUA1 - AUTOMOTORES CARTERA GENERAL,861589,,4587065,Contacto del tercero,,,,'2016-11-11 08:40:45','2016-11-11 08:40:45','2016-11-11 08:40:45',Resuelto,,
161111-356529,,Incidente importado desde SAC,,Emisión Masivos,Usuario Importador,Telemarketing,,Consulta,Solucionado,,,,,AUS1 - AUTOMOTORES,861593,,3517391,Baja de póliza,,,,'2016-11-11 08:40:45','2016-11-11 08:40:45','2016-11-11 08:40:45',Atendido,,
161111-356496,,Incidente importado desde SAC,,Cac,Usuario Importador,Telemarketing,,Consulta,Solucionado,,,,,AUS1 - AUTOMOTORES,861560,,5413604,Certificado de cobertura,,,,'2016-11-11 08:40:41','2016-11-11 08:40:41','2016-11-11 08:40:41',Atendido,,
161111-356498,,Incidente importado desde SAC,,Cac,Usuario Importador,Telemarketing,,Consulta,Solucionado,,,,,AUS1 - AUTOMOTORES,861562,,1368657,Certificado de cobertura,,,,'2016-11-11 08:40:41','2016-11-11 08:40:41','2016-11-11 08:40:41',Atendido,,
161111-356499,,Incidente importado desde SAC,,Cac,Usuario Importador,Telemarketing,,Consulta,Solucionado,,,,,AUS1 - AUTOMOTORES,861563,,7615732,Facturación,,,,'2016-11-11 08:40:41','2016-11-11 08:40:41','2016-11-11 08:40:41',Atendido,,
161111-356504,,Incidente importado desde SAC,,Fleet Services,Usuario Importador,Telemarketing,,Consulta,Solucionado,,,,,AUS1 - AUTOMOTORES,861568,,7760448,Contacto del tercero,,,,'2016-11-11 08:40:41','2016-11-11 08:40:41','2016-11-11 08:40:41',Atendido,,
161111-356483,,Incidente importado desde SAC,,Cac,Usuario Importador,Telemarketing,,Consulta,Solucionado,,,,,HOM1 - SEGURO DEL HOGAR,861547,,6222162,Denuncia Riesgos Varios,,,,'2016-11-11 08:40:40','2016-11-11 08:40:40','2016-11-11 08:40:40',Atendido,,
161111-356485,,Incidente importado desde SAC,,Cac,Usuario Importador,Telemarketing,,Consulta,Solucionado,,,,,AUS1 - AUTOMOTORES,861549,,6023089,Baja de póliza,,,,'2016-11-11 08:40:40','2016-11-11 08:40:40','2016-11-11 08:40:40',Atendido,,
161111-356487,,Incidente importado desde SAC,,Emisión Masivos,Usuario Importador,Telemarketing,,Consulta,Solucionado,,,,,AUS1 - AUTOMOTORES,861551,,3338965,Baja de póliza,,,,'2016-11-11 08:40:40','2016-11-11 08:40:40','2016-11-11 08:40:40',Atendido,,
161111-356489,,Incidente importado desde SAC,,Emisión Masivos,Usuario Importador,Telemarketing,,Consulta,Solucionado,,,,,AUS1 - AUTOMOTORES,861553,,5212540,Baja de póliza,,,,'2016-11-11 08:40:40','2016-11-11 08:40:40','2016-11-11 08:40:40',Atendido,,
161111-356491,,Incidente importado desde SAC,,Cac,Usuario Importador,Telemarketing,,Consulta,Solucionado,,,,,APL1 - AUTOMOTORES PLANES,861555,,4467075,Modificaciones datos del producto,,,,'2016-11-11 08:40:40','2016-11-11 08:40:40','2016-11-11 08:40:40',Atendido,,
161111-356494,,Incidente importado desde SAC,,Emisión Masivos,Usuario Importador,Telemarketing,,Consulta,Solucionado,,,,,HOM1 - SEGURO DEL HOGAR,861558,,4790623,Baja de póliza,,,,'2016-11-11 08:40:40','2016-11-11 08:40:40','2016-11-11 08:40:40',Atendido,,
161111-356469,,Incidente importado desde SAC,,Cac,Usuario Importador,Telemarketing,,Consulta,Solucionado,,,,,AUS1 - AUTOMOTORES,861533,,2945122,Facturación,,,,'2016-11-11 08:40:39','2016-11-11 08:40:39','2016-11-11 08:40:39',Atendido,,
161111-356472,,Incidente importado desde SAC,,Cac,Usuario Importador,Telemarketing,,Consulta,Solucionado,,,,,AUS1 - AUTOMOTORES,861536,,4558473,Facturación,,,,'2016-11-11 08:40:39','2016-11-11 08:40:39','2016-11-11 08:40:39',Atendido,,
161111-356475,,Incidente importado desde SAC,,Emisión Masivos,Usuario Importador,Telemarketing,,Consulta,Solucionado,,,,,AUS1 - AUTOMOTORES,861539,,3200278,Baja de póliza,,,,'2016-11-11 08:40:39','2016-11-11 08:40:39','2016-11-11 08:40:39',Atendido,,
161111-356480,,Incidente importado desde SAC,,Oficina Mendoza,Usuario Importador,Carta,,Consulta,Solucionado,,,,,AUS1 - AUTOMOTORES,861544,,2844921,Siniestro Jet,,,,'2016-11-11 08:40:39','2016-11-11 08:40:39','2016-11-11 08:40:39',Resuelto,,
161111-356481,,Incidente importado desde SAC,,Cac,Usuario Importador,Telemarketing,,Consulta,Solucionado,,,,,AUS1 - AUTOMOTORES,861545,,4835006,Facturación,,,,'2016-11-11 08:40:39','2016-11-11 08:40:39','2016-11-11 08:40:39',Atendido,,
161111-356459,,Incidente importado desde SAC,,Oficina Cordoba,Usuario Importador,Carta,,Consulta,Solucionado,,,,,AUS1 - AUTOMOTORES,861523,,5083586,Siniestro Jet,,,,'2016-11-11 08:40:38','2016-11-11 08:40:38','2016-11-11 08:40:38',Resuelto,,
161111-356442,,Incidente importado desde SAC,,Riesgos Varios Casa Central,Usuario Importador,Carta,,Consulta,Solucionado,,,,,CON1 - INTEGRAL CONSORCIO,861506,,1357601,Siniestro Jet,,,,'2016-11-11 08:40:37','2016-11-11 08:40:37','2016-11-11 08:40:37',Resuelto,,
161111-356446,,Incidente importado desde SAC,,Cac,Usuario Importador,Telemarketing,,Consulta,Solucionado,,,,,AUS1 - AUTOMOTORES,861510,,4798087,Facturación,,,,'2016-11-11 08:40:37','2016-11-11 08:40:37','2016-11-11 08:40:37',Atendido,,
161111-356449,,Incidente importado desde SAC,,Cac,Usuario Importador,Carta Documento,,Consulta,Solucionado,,,,,ATD1 - ROBO/USUAR.T.DEB-CRE,861513,,4010585,Baja de póliza,,,,'2016-11-11 08:40:37','2016-11-11 08:40:37','2016-11-11 08:40:37',Atendido,,
161111-356451,,Incidente importado desde SAC,,Cac,Usuario Importador,Telemarketing,,Consulta,Solucionado,,,,,AUS1 - AUTOMOTORES,861515,,4433915,Post - Denuncia,,,,'2016-11-11 08:40:37','2016-11-11 08:40:37','2016-11-11 08:40:37',Atendido,,
161111-356454,,Incidente importado desde SAC,,Gerencia Clientes,Usuario Importador,Telemarketing,,Accion Proactiva,Solucionado,,,,,EGE1 - EXT.GARANTIA ELECTRO,861518,,7342870,Uso Interno SAA - Acción Proactiva,,,,'2016-11-11 08:40:37','2016-11-11 08:40:37','2016-11-11 08:40:37',Resuelto,,
161111-356435,,Incidente importado desde SAC,,Mailing,Usuario Importador,Telemarketing,,Reclamo,Solucionado,,,,,APR1 - AUTOMOTORES,861499,,3644880,Certificado de cobertura,,,,'2016-11-11 08:40:36','2016-11-11 08:40:36','2016-11-11 08:40:36',Resuelto,,
161111-356438,,Incidente importado desde SAC,,Prestadores,Usuario Importador,Carta Documento,,Consulta,Solucionado,,,,,HOM1 - SEGURO DEL HOGAR,861502,,1371234,Reintegro Ibero,,,,'2016-11-11 08:40:36','2016-11-11 08:40:36','2016-11-11 08:40:36',Atendido,,
161111-356402,,Incidente importado desde SAC,,Emisión Masivos,Usuario Importador,Carta Documento,,Consulta,Solucionado,,,,,AUS1 - AUTOMOTORES,861466,,6697283,Baja de póliza,,,,'2016-11-11 08:40:34','2016-11-11 08:40:34','2016-11-11 08:40:34',Atendido,,
161111-356403,,Incidente importado desde SAC,,Cac,Usuario Importador,Telemarketing,,Consulta,Solucionado,,,,,AUT1 - AUTOMOTORES,861467,,7407160,Facturación,,,,'2016-11-11 08:40:34','2016-11-11 08:40:34','2016-11-11 08:40:34',Atendido,,
161111-356394,,Incidente importado desde SAC,,Juicios / mediaciones daños,Usuario Importador,Carta,,Consulta,Solucionado,,,,,AUT1 - AUTOMOTORES,861458,,3511490,Siniestro Jet,,,,'2016-11-11 08:40:33','2016-11-11 08:40:33','2016-11-11 08:40:33',Resuelto,,
161111-356397,,Incidente importado desde SAC,,Cac,Usuario Importador,Telemarketing,,Consulta,Solucionado,,,,,APR1 - AUTOMOTORES,861461,,4493096,Modificaciones datos del producto,,,,'2016-11-11 08:40:33','2016-11-11 08:40:33','2016-11-11 08:40:33',Atendido,,
161111-356377,,Incidente importado desde SAC,,Cac,Usuario Importador,Telemarketing,,Consulta,Solucionado,,,,,HOM1 - SEGURO DEL HOGAR,861441,,4306832,Denuncia Riesgos Varios,,,,'2016-11-11 08:40:31','2016-11-11 08:40:31','2016-11-11 08:40:31',Atendido,,
161111-356379,,Incidente importado desde SAC,,Emisión Masivos,Usuario Importador,Telemarketing,,Consulta,Solucionado,,,,,AUS1 - AUTOMOTORES,861443,,6751058,Baja de póliza,,,,'2016-11-11 08:40:31','2016-11-11 08:40:31','2016-11-11 08:40:31',Atendido,,
161111-356382,,Incidente importado desde SAC,,Cac,Usuario Importador,Telemarketing,,Consulta,Solucionado,,,,,AUS1 - AUTOMOTORES,861446,,6871151,Ampliación de Cobertura con inspección,,,,'2016-11-11 08:40:31','2016-11-11 08:40:31','2016-11-11 08:40:31',Atendido,,
161111-356374,,Incidente importado desde SAC,,Cac,Usuario Importador,Telemarketing,,Consulta,Solucionado,,,,,AUS1 - AUTOMOTORES,861438,,5193013,Baja de póliza,,,,'2016-11-11 08:40:30','2016-11-11 08:40:30','2016-11-11 08:40:30',Atendido,,
161111-356365,,Incidente importado desde SAC,,Cac,Usuario Importador,Telemarketing,,Consulta,Solucionado,,,,,AUS1 - AUTOMOTORES,861429,,790122,Post - Denuncia,,,,'2016-11-11 08:40:28','2016-11-11 08:40:28','2016-11-11 08:40:28',Atendido,,
161111-356367,,Incidente importado desde SAC,,Fleet Services,Usuario Importador,Telemarketing,,Consulta,Solucionado,,,,,AUT1 - AUTOMOTORES,861431,,6252361,Contacto del tercero,,,,'2016-11-11 08:40:28','2016-11-11 08:40:28','2016-11-11 08:40:28',Atendido,,
161111-356351,,Incidente importado desde SAC,,Cac,Usuario Importador,Carta Documento,,Consulta,Solucionado,,,,,APR1 - AUTOMOTORES,861415,,679889,Certificado de cobertura,,,,'2016-11-11 08:40:27','2016-11-11 08:40:27','2016-11-11 08:40:27',Atendido,,
161111-356352,,Incidente importado desde SAC,,Cac,Usuario Importador,Telemarketing,,Consulta,Solucionado,,,,,AUS1 - AUTOMOTORES,861416,,1341042,Post - Denuncia,,,,'2016-11-11 08:40:27','2016-11-11 08:40:27','2016-11-11 08:40:27',Atendido,,
161111-356354,,Incidente importado desde SAC,,Cac,Usuario Importador,Telemarketing,,Consulta,Solucionado,,,,,ATD1 - ROBO/USUAR.T.DEB-CRE,861418,,6741871,Baja de póliza,,,,'2016-11-11 08:40:27','2016-11-11 08:40:27','2016-11-11 08:40:27',Atendido,,
161111-356356,,Incidente importado desde SAC,,Emisión Masivos,Usuario Importador,Telemarketing,,Consulta,Solucionado,,,,,AUS1 - AUTOMOTORES,861420,,5161352,Baja de póliza,,,,'2016-11-11 08:40:27','2016-11-11 08:40:27','2016-11-11 08:40:27',Atendido,,
161111-356362,,Incidente importado desde SAC,,Emisión Masivos,Usuario Importador,Telemarketing,,Consulta,Solucionado,,,,,HOM1 - SEGURO DEL HOGAR,861426,,3542875,Baja de póliza,,,,'2016-11-11 08:40:27','2016-11-11 08:40:27','2016-11-11 08:40:27',Atendido,,
161111-356363,,Incidente importado desde SAC,,Suscripción AutoScoring,Usuario Importador,Telemarketing,,Disconformidad,Solucionado,,,,,AUS1 - AUTOMOTORES,861427,,2037429,Aumento de precio,,,,'2016-11-11 08:40:27','2016-11-11 08:40:27','2016-11-11 08:40:27',Atendido,,
161111-356334,,Incidente importado desde SAC,,Prestadores,Usuario Importador,Telemarketing,,Accion Proactiva,Solucionado,,,,,HOM1 - SEGURO DEL HOGAR,861398,,5634805,Reintegro Prestadores - Acción Proactiva,,,,'2016-11-11 08:40:26','2016-11-11 08:40:26','2016-11-11 08:40:26',Resuelto,,
161111-356338,,Incidente importado desde SAC,,Cac,Usuario Importador,Carta Documento,,Consulta,Solucionado,,,,,AUS1 - AUTOMOTORES,861402,,2761611,Certificado de cobertura,,,,'2016-11-11 08:40:26','2016-11-11 08:40:26','2016-11-11 08:40:26',Atendido,,
161111-356343,,Incidente importado desde SAC,,Cac,Usuario Importador,Telemarketing,,Consulta,Solucionado,,,,,AUS1 - AUTOMOTORES,861407,,334981,Post - Denuncia,,,,'2016-11-11 08:40:26','2016-11-11 08:40:26','2016-11-11 08:40:26',Atendido,,
161111-356333,,Incidente importado desde SAC,,Cac,Usuario Importador,Telemarketing,,Consulta,Solucionado,,,,,APR1 - AUTOMOTORES,861397,,5321242,Post - Denuncia,,,,'2016-11-11 08:40:25','2016-11-11 08:40:25','2016-11-11 08:40:25',Atendido,,
161111-356312,,Incidente importado desde SAC,,Cac,Usuario Importador,Telemarketing,,Consulta,Solucionado,,,,,AUS1 - AUTOMOTORES,861376,,3393204,Baja de póliza,,,,'2016-11-11 08:40:24','2016-11-11 08:40:24','2016-11-11 08:40:24',Atendido,,
161111-356313,,Incidente importado desde SAC,,Gerencia Clientes,Usuario Importador,Telemarketing,,Disconformidad,Solucionado,,,,,HOM1 - SEGURO DEL HOGAR,861377,,4545425,Facturación,,,,'2016-11-11 08:40:24','2016-11-11 08:40:24','2016-11-11 08:40:24',Atendido,,
161111-356306,,Incidente importado desde SAC,,Emisión Masivos,Usuario Importador,Telemarketing,,Consulta,Solucionado,,,,,AUS1 - AUTOMOTORES,861370,,6059302,Baja de póliza,,,,'2016-11-11 08:40:23','2016-11-11 08:40:23','2016-11-11 08:40:23',Atendido,,
161111-356309,,Incidente importado desde SAC,,Cac,Usuario Importador,Telemarketing,,Consulta,Solucionado,,,,,AUS1 - AUTOMOTORES,861373,,6721914,Facturación,,,,'2016-11-11 08:40:23','2016-11-11 08:40:23','2016-11-11 08:40:23',Atendido,,
161111-356292,,Incidente importado desde SAC,,Cac,Usuario Importador,Telemarketing,,Consulta,Solucionado,,,,,AUT1 - AUTOMOTORES,861356,,3541470,Facturación,,,,'2016-11-11 08:40:22','2016-11-11 08:40:22','2016-11-11 08:40:22',Atendido,,
161111-356298,,Incidente importado desde SAC,,Cac,Usuario Importador,Telemarketing,,Consulta,Solucionado,,,,,AUS1 - AUTOMOTORES,861362,,3442659,Post - Denuncia,,,,'2016-11-11 08:40:22','2016-11-11 08:40:22','2016-11-11 08:40:22',Atendido,,
161111-356272,,Incidente importado desde SAC,,Emisión Masivos,Usuario Importador,Telemarketing,,Consulta,Solucionado,,,,,AUS1 - AUTOMOTORES,861336,,1761494,Baja de póliza,,,,'2016-11-11 08:40:21','2016-11-11 08:40:21','2016-11-11 08:40:21',Atendido,,
161111-356273,,Incidente importado desde SAC,,Cac,Usuario Importador,Telemarketing,,Consulta,Solucionado,,,,,APL1 - AUTOMOTORES PLANES,861337,,5239199,Modificaciones datos del producto,,,,'2016-11-11 08:40:21','2016-11-11 08:40:21','2016-11-11 08:40:21',Atendido,,
161111-356274,,Incidente importado desde SAC,,,Usuario Importador,Telemarketing,,Consulta,Solucionado,,,,,AUI1 - AUTOMOTORES INSTITUCIONES,861338,,3878153,Baja de póliza,,,,'2016-11-11 08:40:21','2016-11-11 08:40:21','2016-11-11 08:40:21',Atendido,,
161111-356280,,Incidente importado desde SAC,,Cac,Usuario Importador,Telemarketing,,Consulta,Solucionado,,,,,AUS1 - AUTOMOTORES,861344,,1897464,Post - Denuncia,,,,'2016-11-11 08:40:21','2016-11-11 08:40:21','2016-11-11 08:40:21',Atendido,,
161111-356281,,Incidente importado desde SAC,,Legales no Siniestros,Usuario Importador,Entes Reguladores,,Consulta,Solucionado,,,,,APL1 - AUTOMOTORES PLANES,861345,,4468938,Defensa del consumidor - Acción Proactiva,,,,'2016-11-11 08:40:21','2016-11-11 08:40:21','2016-11-11 08:40:21',Resuelto,,
161111-356252,,Incidente importado desde SAC,,Emisión Masivos,Usuario Importador,Telemarketing,,Consulta,Solucionado,,,,,AUS1 - AUTOMOTORES,861316,,4910176,Baja de póliza,,,,'2016-11-11 08:40:20','2016-11-11 08:40:20','2016-11-11 08:40:20',Atendido,,
161111-356268,,Incidente importado desde SAC,,Cac,Usuario Importador,Telemarketing,,Consulta,Solucionado,,,,,APL1 - AUTOMOTORES PLANES,861332,,4066219,Denuncia daños materiales,,,,'2016-11-11 08:40:20','2016-11-11 08:40:20','2016-11-11 08:40:20',Atendido,,
161111-356270,,Incidente importado desde SAC,,Gerencia Clientes,Usuario Importador,Entes Reguladores,,Accion Proactiva,Solucionado,,,,,EGE1 - EXT.GARANTIA ELECTRO,861334,,4482542,Uso Interno SAA - Acción Proactiva,,,,'2016-11-11 08:40:20','2016-11-11 08:40:20','2016-11-11 08:40:20',Resuelto,,
161111-356241,,Incidente importado desde SAC,,Cac,Usuario Importador,Telemarketing,,Consulta,Solucionado,,,,,ATD1 - ROBO/USUAR.T.DEB-CRE,861305,,5498329,Baja de póliza,,,,'2016-11-11 08:40:19','2016-11-11 08:40:19','2016-11-11 08:40:19',Atendido,,
161111-356246,,Incidente importado desde SAC,,Emisión Masivos,Usuario Importador,Telemarketing,,Consulta,Solucionado,,,,,AUS1 - AUTOMOTORES,861310,,5456395,Baja de póliza,,,,'2016-11-11 08:40:19','2016-11-11 08:40:19','2016-11-11 08:40:19',Atendido,,
161111-356247,,Incidente importado desde SAC,,Cac,Usuario Importador,Telemarketing,,Consulta,Solucionado,,,,,AUI1 - AUTOMOTORES INSTITUCIONES,861311,,641362,Facturación,,,,'2016-11-11 08:40:19','2016-11-11 08:40:19','2016-11-11 08:40:19',Atendido,,
161111-356251,,Incidente importado desde SAC,,Cac,Usuario Importador,Telemarketing,,Consulta,Solucionado,,,,,APR1 - AUTOMOTORES,861315,,3410569,Post - Denuncia,,,,'2016-11-11 08:40:19','2016-11-11 08:40:19','2016-11-11 08:40:19',Atendido,,
161111-356224,,Incidente importado desde SAC,,Cac,Usuario Importador,Carta Documento,,Consulta,Solucionado,,,,,HOM1 - SEGURO DEL HOGAR,861289,,4514775,Certificado de cobertura,,,,'2016-11-11 08:40:18','2016-11-11 08:40:18','2016-11-11 08:40:18',Atendido,,
161111-356226,,Incidente importado desde SAC,,Oficina Rosario,Usuario Importador,Carta,,Consulta,Solucionado,,,,,AUT1 - AUTOMOTORES,861290,,1323341,Siniestro Jet,,,,'2016-11-11 08:40:18','2016-11-11 08:40:18','2016-11-11 08:40:18',Resuelto,,
161111-356228,,Incidente importado desde SAC,,Cac,Usuario Importador,Telemarketing,,Consulta,Solucionado,,,,,AUI1 - AUTOMOTORES INSTITUCIONES,861292,,203361,Post - Denuncia,,,,'2016-11-11 08:40:18','2016-11-11 08:40:18','2016-11-11 08:40:18',Atendido,,
161111-356216,,Incidente importado desde SAC,,Cac,Usuario Importador,Telemarketing,,Consulta,Solucionado,,,,,AUS1 - AUTOMOTORES,861281,,7188619,Facturación,,,,'2016-11-11 08:40:17','2016-11-11 08:40:17','2016-11-11 08:40:17',Atendido,,
161111-356220,,Incidente importado desde SAC,,Gerencia Clientes,Usuario Importador,Telemarketing,,Disconformidad,Solucionado,,,,,AUT1 - AUTOMOTORES,861285,,3634230,Facturación,,,,'2016-11-11 08:40:17','2016-11-11 08:40:17','2016-11-11 08:40:17',Atendido,,
161111-356213,,Incidente importado desde SAC,,Oficina Mendoza,Usuario Importador,Telemarketing,,Reclamo,Solucionado,,,,,APR1 - AUTOMOTORES,861278,,3379792,Daños materiales Mendoza,,,,'2016-11-11 08:40:16','2016-11-11 08:40:16','2016-11-11 08:40:16',Resuelto,,
161111-356209,,Incidente importado desde SAC,,Cac,Usuario Importador,Telemarketing,,Consulta,Solucionado,,,,,HOM1 - SEGURO DEL HOGAR,861274,,3927765,Modificación datos de hogar con inspección,,,,'2016-11-11 08:40:15','2016-11-11 08:40:15','2016-11-11 08:40:15',Atendido,,
161111-356210,,Incidente importado desde SAC,,Cac,Usuario Importador,Telemarketing,,Consulta,Solucionado,,,,,AUS1 - AUTOMOTORES,861275,,187269,Facturación,,,,'2016-11-11 08:40:15','2016-11-11 08:40:15','2016-11-11 08:40:15',Atendido,,
161111-356186,,Incidente importado desde SAC,,Cac,Usuario Importador,Telemarketing,,Consulta,Solucionado,,,,,AUS1 - AUTOMOTORES,861251,,3239084,Post - Denuncia,,,,'2016-11-11 08:40:13','2016-11-11 08:40:13','2016-11-11 08:40:13',Atendido,,
161111-356190,,Incidente importado desde SAC,,Cac,Usuario Importador,Telemarketing,,Consulta,Solucionado,,,,,AUS1 - AUTOMOTORES,861255,,3650208,Facturación,,,,'2016-11-11 08:40:13','2016-11-11 08:40:13','2016-11-11 08:40:13',Atendido,,
161111-356195,,Incidente importado desde SAC,,Emisión Masivos,Usuario Importador,Telemarketing,,Consulta,Solucionado,,,,,AUS1 - AUTOMOTORES,861260,,2821929,Baja de póliza,,,,'2016-11-11 08:40:13','2016-11-11 08:40:13','2016-11-11 08:40:13',Atendido,,
161111-356200,,Incidente importado desde SAC,,Cac,Usuario Importador,Telemarketing,,Consulta,Solucionado,,,,,AUS1 - AUTOMOTORES,861265,,7831676,Facturación,,,,'2016-11-11 08:40:13','2016-11-11 08:40:13','2016-11-11 08:40:13',Atendido,,
161111-356202,,Incidente importado desde SAC,,Gerencia Clientes,Usuario Importador,Telemarketing,,Disconformidad,Solucionado,,,,,AUS1 - AUTOMOTORES,861267,,1889927,Facturación,,,,'2016-11-11 08:40:13','2016-11-11 08:40:13','2016-11-11 08:40:13',Atendido,,
161111-356177,,Incidente importado desde SAC,,Cac,Usuario Importador,Telemarketing,,Consulta,Solucionado,,,,,AUS1 - AUTOMOTORES,861242,,446234,Facturación,,,,'2016-11-11 08:40:12','2016-11-11 08:40:12','2016-11-11 08:40:12',Atendido,,
161111-356179,,Incidente importado desde SAC,,Cac,Usuario Importador,Carta Documento,,Consulta,Solucionado,,,,,AUS1 - AUTOMOTORES,861244,,1837016,Facturación,,,,'2016-11-11 08:40:12','2016-11-11 08:40:12','2016-11-11 08:40:12',Atendido,,
161111-356180,,Incidente importado desde SAC,,Cac,Usuario Importador,Carta Documento,,Consulta,Solucionado,,,,,AUS1 - AUTOMOTORES,861245,,5107528,Facturación,,,,'2016-11-11 08:40:12','2016-11-11 08:40:12','2016-11-11 08:40:12',Atendido,,
161111-356181,,Incidente importado desde SAC,,Cac,Usuario Importador,Carta Documento,,Consulta,Solucionado,,,,,AUS1 - AUTOMOTORES,861246,,2406093,Certificado de cobertura,,,,'2016-11-11 08:40:12','2016-11-11 08:40:12','2016-11-11 08:40:12',Atendido,,
161111-356151,,Incidente importado desde SAC,,Emisión Masivos,Usuario Importador,Carta Documento,,Consulta,Solucionado,,,,,AUS1 - AUTOMOTORES,861216,,428612,Baja de póliza,,,,'2016-11-11 08:40:11','2016-11-11 08:40:11','2016-11-11 08:40:11',Atendido,,
161111-356157,,Incidente importado desde SAC,,Gerencia Clientes,Usuario Importador,Telemarketing,,Disconformidad,Solucionado,,,,,AUS1 - AUTOMOTORES,861222,,4485989,Condiciones de póliza,,,,'2016-11-11 08:40:11','2016-11-11 08:40:11','2016-11-11 08:40:11',Atendido,,
161111-356161,,Incidente importado desde SAC,,Cac,Usuario Importador,Telemarketing,,Consulta,Solucionado,,,,,HOM1 - SEGURO DEL HOGAR,861226,,1942756,Facturación,,,,'2016-11-11 08:40:11','2016-11-11 08:40:11','2016-11-11 08:40:11',Atendido,,
161111-356163,,Incidente importado desde SAC,,Cac,Usuario Importador,Telemarketing,,Consulta,Solucionado,,,,,AUS1 - AUTOMOTORES,861228,,5240859,Facturación,,,,'2016-11-11 08:40:11','2016-11-11 08:40:11','2016-11-11 08:40:11',Atendido,,
161111-356168,,Incidente importado desde SAC,,Cac,Usuario Importador,Telemarketing,,Consulta,Solucionado,,,,,AUS1 - AUTOMOTORES,861233,,1318746,Post - Denuncia,,,,'2016-11-11 08:40:11','2016-11-11 08:40:11','2016-11-11 08:40:11',Atendido,,
161111-356141,,Incidente importado desde SAC,,Cac,Usuario Importador,Telemarketing,,Consulta,Solucionado,,,,,APL1 - AUTOMOTORES PLANES,861206,,3591124,Post - Denuncia,,,,'2016-11-11 08:40:10','2016-11-11 08:40:10','2016-11-11 08:40:10',Atendido,,
161111-356148,,Incidente importado desde SAC,,Fleet Services,Usuario Importador,Carta Documento,,Consulta,Solucionado,,,,,AUS1 - AUTOMOTORES,861213,,3634436,Contacto del tercero,,,,'2016-11-11 08:40:10','2016-11-11 08:40:10','2016-11-11 08:40:10',Atendido,,
161111-356120,,Incidente importado desde SAC,,Emisión Masivos,Usuario Importador,Carta Documento,,Consulta,Solucionado,,,,,HOM1 - SEGURO DEL HOGAR,861185,,1540789,Baja de póliza,,,,'2016-11-11 08:40:09','2016-11-11 08:40:09','2016-11-11 08:40:09',Atendido,,
161111-356122,,Incidente importado desde SAC,,Cac,Usuario Importador,Telemarketing,,Consulta,Solucionado,,,,,AUS1 - AUTOMOTORES,861187,,4823259,Post - Denuncia,,,,'2016-11-11 08:40:09','2016-11-11 08:40:09','2016-11-11 08:40:09',Atendido,,
161111-356130,,Incidente importado desde SAC,,Fleet Services,Usuario Importador,Carta Documento,,Consulta,Solucionado,,,,,AUT1 - AUTOMOTORES,861195,,4859542,Siniestro Jet,,,,'2016-11-11 08:40:09','2016-11-11 08:40:09','2016-11-11 08:40:09',Resuelto,,
161111-356133,,Incidente importado desde SAC,,Cac,Usuario Importador,Telemarketing,,Consulta,Solucionado,,,,,AUS1 - AUTOMOTORES,861198,,342444,Certificado de cobertura,,,,'2016-11-11 08:40:09','2016-11-11 08:40:09','2016-11-11 08:40:09',Atendido,,
161111-356134,,Incidente importado desde SAC,,Cac,Usuario Importador,Telemarketing,,Consulta,Solucionado,,,,,AUS1 - AUTOMOTORES,861199,,2323061,Post - Denuncia,,,,'2016-11-11 08:40:09','2016-11-11 08:40:09','2016-11-11 08:40:09',Atendido,,
161111-356136,,Incidente importado desde SAC,,Emisión Masivos,Usuario Importador,Telemarketing,,Consulta,Solucionado,,,,,HOM1 - SEGURO DEL HOGAR,861201,,7348022,Baja de póliza,,,,'2016-11-11 08:40:09','2016-11-11 08:40:09','2016-11-11 08:40:09',Atendido,,
161111-356112,,Incidente importado desde SAC,,Cac,Usuario Importador,Telemarketing,,Consulta,Solucionado,,,,,APR1 - AUTOMOTORES,861177,,1522682,Facturación,,,,'2016-11-11 08:40:08','2016-11-11 08:40:08','2016-11-11 08:40:08',Atendido,,
161111-356115,,Incidente importado desde SAC,,Cac,Usuario Importador,Telemarketing,,Consulta,Solucionado,,,,,APR1 - AUTOMOTORES,861180,,5307018,Facturación,,,,'2016-11-11 08:40:08','2016-11-11 08:40:08','2016-11-11 08:40:08',Atendido,,
161111-356090,,Incidente importado desde SAC,,Fleet Services,Usuario Importador,Carta Documento,,Consulta,Solucionado,,,,,AUT1 - AUTOMOTORES,861155,,2985676,Siniestro Jet,,,,'2016-11-11 08:40:07','2016-11-11 08:40:07','2016-11-11 08:40:07',Resuelto,,
161111-356093,,Incidente importado desde SAC,,Cac,Usuario Importador,Telemarketing,,Consulta,Solucionado,,,,,AUS1 - AUTOMOTORES,861158,,2967725,Condiciones de póliza,,,,'2016-11-11 08:40:07','2016-11-11 08:40:07','2016-11-11 08:40:07',Atendido,,
161111-356100,,Incidente importado desde SAC,,Cac,Usuario Importador,Telemarketing,,Consulta,Solucionado,,,,,APL1 - AUTOMOTORES PLANES,861165,,3399894,Post - Denuncia,,,,'2016-11-11 08:40:07','2016-11-11 08:40:07','2016-11-11 08:40:07',Atendido,,
161111-356102,,Incidente importado desde SAC,,Cac,Usuario Importador,Telemarketing,,Consulta,Solucionado,,,,,AUS1 - AUTOMOTORES,861167,,4881450,Facturación,,,,'2016-11-11 08:40:07','2016-11-11 08:40:07','2016-11-11 08:40:07',Atendido,,
161111-356077,,Incidente importado desde SAC,,Cac,Usuario Importador,Telemarketing,,Consulta,Solucionado,,,,,AUS1 - AUTOMOTORES,861142,,3077763,Post - Denuncia,,,,'2016-11-11 08:40:06','2016-11-11 08:40:06','2016-11-11 08:40:06',Atendido,,
161111-356083,,Incidente importado desde SAC,,Emisión Masivos,Usuario Importador,Telemarketing,,Consulta,Solucionado,,,,,AUS1 - AUTOMOTORES,861148,,5339361,Baja de póliza,,,,'2016-11-11 08:40:06','2016-11-11 08:40:06','2016-11-11 08:40:06',Atendido,,
161111-356087,,Incidente importado desde SAC,,Cac,Usuario Importador,Telemarketing,,Consulta,Solucionado,,,,,APL1 - AUTOMOTORES PLANES,861152,,5188111,Post - Denuncia,,,,'2016-11-11 08:40:06','2016-11-11 08:40:06','2016-11-11 08:40:06',Atendido,,
161111-356089,,Incidente importado desde SAC,,Fleet Services,Usuario Importador,Telemarketing,,Consulta,Solucionado,,,,,AUS1 - AUTOMOTORES,861154,,318914,Contacto del tercero,,,,'2016-11-11 08:40:06','2016-11-11 08:40:06','2016-11-11 08:40:06',Resuelto,,
161111-356070,,Incidente importado desde SAC,,Cac,Usuario Importador,Telemarketing,,Consulta,Solucionado,,,,,AUS1 - AUTOMOTORES,861135,,4502448,Facturación,,,,'2016-11-11 08:40:05','2016-11-11 08:40:05','2016-11-11 08:40:05',Atendido,,
161111-356076,,Incidente importado desde SAC,,Cac,Usuario Importador,Carta Documento,,Consulta,Solucionado,,,,,HOM1 - SEGURO DEL HOGAR,861141,,1402665,Facturación,,,,'2016-11-11 08:40:05','2016-11-11 08:40:05','2016-11-11 08:40:05',Atendido,,
161111-356063,,Incidente importado desde SAC,,Mailing,Usuario Importador,Telemarketing,,Reclamo,Solucionado,,,,,HOM1 - SEGURO DEL HOGAR,861128,,3981698,Cupón de pago,,,,'2016-11-11 08:40:04','2016-11-11 08:40:04','2016-11-11 08:40:04',Resuelto,,
161111-356064,,Incidente importado desde SAC,,Cac,Usuario Importador,Telemarketing,,Consulta,Solucionado,,,,,HOM1 - SEGURO DEL HOGAR,861129,,3695128,Post - Denuncia,,,,'2016-11-11 08:40:04','2016-11-11 08:40:04','2016-11-11 08:40:04',Atendido,,
161111-356048,,Incidente importado desde SAC,,Cac,Usuario Importador,Telemarketing,,Consulta,Solucionado,,,,,APL1 - AUTOMOTORES PLANES,861113,,3464849,Post - Denuncia,,,,'2016-11-11 08:40:02','2016-11-11 08:40:02','2016-11-11 08:40:02',Atendido,,
161111-356057,,Incidente importado desde SAC,,Cac,Usuario Importador,Telemarketing,,Consulta,Solucionado,,,,,HOM1 - SEGURO DEL HOGAR,861122,,6726684,Post - Denuncia,,,,'2016-11-11 08:40:02','2016-11-11 08:40:02','2016-11-11 08:40:02',Atendido,,
161111-356035,,Incidente importado desde SAC,,Cac,Usuario Importador,Telemarketing,,Consulta,Solucionado,,,,,AUS1 - AUTOMOTORES,861100,,7464990,Condiciones de póliza,,,,'2016-11-11 08:40:00','2016-11-11 08:40:00','2016-11-11 08:40:00',Atendido,,
161111-356036,,Incidente importado desde SAC,,Cac,Usuario Importador,Telemarketing,,Consulta,Solucionado,,,,,AUI1 - AUTOMOTORES INSTITUCIONES,861101,,6980454,Facturación,,,,'2016-11-11 08:40:00','2016-11-11 08:40:00','2016-11-11 08:40:00',Atendido,,
161111-356046,,Incidente importado desde SAC,,Cac,Usuario Importador,Telemarketing,,Consulta,Solucionado,,,,,APR1 - AUTOMOTORES,861111,,3328883,Facturación,,,,'2016-11-11 08:40:00','2016-11-11 08:40:00','2016-11-11 08:40:00',Atendido,,
161111-356012,,Incidente importado desde SAC,,Cac,Usuario Importador,Telemarketing,,Consulta,Solucionado,,,,,APR1 - AUTOMOTORES,861077,,3758631,Certificado de cobertura,,,,'2016-11-11 08:39:59','2016-11-11 08:39:59','2016-11-11 08:39:59',Atendido,,
161111-356016,,Incidente importado desde SAC,,Emisión Masivos,Usuario Importador,Telemarketing,,Consulta,Solucionado,,,,,HOM1 - SEGURO DEL HOGAR,861081,,5497673,Baja de póliza,,,,'2016-11-11 08:39:59','2016-11-11 08:39:59','2016-11-11 08:39:59',Atendido,,
161111-356021,,Incidente importado desde SAC,,Cac,Usuario Importador,Telemarketing,,Consulta,Solucionado,,,,,AUS1 - AUTOMOTORES,861086,,6876707,Bonificación,,,,'2016-11-11 08:39:59','2016-11-11 08:39:59','2016-11-11 08:39:59',Atendido,,
161111-356026,,Incidente importado desde SAC,,Cac,Usuario Importador,Telemarketing,,Consulta,Solucionado,,,,,APL1 - AUTOMOTORES PLANES,861091,,6831228,Facturación,,,,'2016-11-11 08:39:59','2016-11-11 08:39:59','2016-11-11 08:39:59',Atendido,,
161111-356008,,Incidente importado desde SAC,,Cac,Usuario Importador,Telemarketing,,Consulta,Solucionado,,,,,APR1 - AUTOMOTORES,861073,,5323975,Post - Denuncia,,,,'2016-11-11 08:39:58','2016-11-11 08:39:58','2016-11-11 08:39:58',Atendido,,
161111-356010,,Incidente importado desde SAC,,Mailing,Usuario Importador,Telemarketing,,Reclamo,Solucionado,,,,,HOM1 - SEGURO DEL HOGAR,861075,,1886355,Cupón de pago,,,,'2016-11-11 08:39:58','2016-11-11 08:39:58','2016-11-11 08:39:58',Resuelto,,
161111-355986,,Incidente importado desde SAC,,Cac,Usuario Importador,Telemarketing,,Consulta,Solucionado,,,,,AUS1 - AUTOMOTORES,861051,,3507860,Post - Denuncia,,,,'2016-11-11 08:39:57','2016-11-11 08:39:57','2016-11-11 08:39:57',Atendido,,
161111-355987,,Incidente importado desde SAC,,Cac,Usuario Importador,Telemarketing,,Consulta,Solucionado,,,,,APL1 - AUTOMOTORES PLANES,861052,,2289567,Post - Denuncia,,,,'2016-11-11 08:39:57','2016-11-11 08:39:57','2016-11-11 08:39:57',Atendido,,
161111-355994,,Incidente importado desde SAC,,Fleet Services,Usuario Importador,Telemarketing,,Consulta,Solucionado,,,,,AUS1 - AUTOMOTORES,861059,,2514175,Contacto del tercero,,,,'2016-11-11 08:39:57','2016-11-11 08:39:57','2016-11-11 08:39:57',Atendido,,
161111-355997,,Incidente importado desde SAC,,Cac,Usuario Importador,Telemarketing,,Consulta,Solucionado,,,,,AUS1 - AUTOMOTORES,861062,,7106611,Facturación,,,,'2016-11-11 08:39:57','2016-11-11 08:39:57','2016-11-11 08:39:57',Atendido,,
161111-355998,,Incidente importado desde SAC,,Cac,Usuario Importador,Telemarketing,,Consulta,Solucionado,,,,,APR1 - AUTOMOTORES,861063,,3508429,Facturación,,,,'2016-11-11 08:39:57','2016-11-11 08:39:57','2016-11-11 08:39:57',Atendido,,
161111-355999,,Incidente importado desde SAC,,Gerencia Clientes,Usuario Importador,Telemarketing,,Reclamo,Solucionado,,,,,HOM1 - SEGURO DEL HOGAR,861064,,5069714,Venta con anomalías,,,,'2016-11-11 08:39:57','2016-11-11 08:39:57','2016-11-11 08:39:57',Anulado,,
161111-355973,,Incidente importado desde SAC,,Cac,Usuario Importador,Telemarketing,,Consulta,Solucionado,,,,,APR1 - AUTOMOTORES,861038,,891877,Endosos CAC,,,,'2016-11-11 08:39:56','2016-11-11 08:39:56','2016-11-11 08:39:56',Atendido,,
161111-355984,,Incidente importado desde SAC,,Emisión Masivos,Usuario Importador,Telemarketing,,Consulta,Solucionado,,,,,HOM1 - SEGURO DEL HOGAR,861049,,7602749,Baja de póliza,,,,'2016-11-11 08:39:56','2016-11-11 08:39:56','2016-11-11 08:39:56',Atendido,,
161111-355964,,Incidente importado desde SAC,,Cac,Usuario Importador,Telemarketing,,Consulta,Solucionado,,,,,AUS1 - AUTOMOTORES,861029,,7808535,Facturación,,,,'2016-11-11 08:39:55','2016-11-11 08:39:55','2016-11-11 08:39:55',Atendido,,
161111-355967,,Incidente importado desde SAC,,Emisión Masivos,Usuario Importador,Canal productor,,Consulta,Solucionado,,,,,AUS1 - AUTOMOTORES,861032,,5686605,Baja de póliza,,,,'2016-11-11 08:39:55','2016-11-11 08:39:55','2016-11-11 08:39:55',Atendido,,
161111-355968,,Incidente importado desde SAC,,Cac,Usuario Importador,Telemarketing,,Consulta,Solucionado,,,,,AUS1 - AUTOMOTORES,861033,,3152223,Facturación,,,,'2016-11-11 08:39:55','2016-11-11 08:39:55','2016-11-11 08:39:55',Atendido,,
161111-355972,,Incidente importado desde SAC,,Cac,Usuario Importador,Telemarketing,,Consulta,Solucionado,,,,,AUS1 - AUTOMOTORES,861037,,1056026,Facturación,,,,'2016-11-11 08:39:55','2016-11-11 08:39:55','2016-11-11 08:39:55',Atendido,,
161111-355953,,Incidente importado desde SAC,,Robo / Destruccion Total,Usuario Importador,Telemarketing,,Reclamo,Solucionado,,,,,APL1 - AUTOMOTORES PLANES,861018,,3503063,Destrucción Total,,,,'2016-11-11 08:39:54','2016-11-11 08:39:54','2016-11-11 08:39:54',Resuelto,,
161111-355955,,Incidente importado desde SAC,,Gerencia Clientes,Usuario Importador,Telemarketing,,Consulta,Solucionado,,,,,ATD1 - ROBO/USUAR.T.DEB-CRE,861020,,4379977,Certificado de cobertura,,,,'2016-11-11 08:39:54','2016-11-11 08:39:54','2016-11-11 08:39:54',Atendido,,
161111-355960,,Incidente importado desde SAC,,Cac,Usuario Importador,Telemarketing,,Consulta,Solucionado,,,,,AUS1 - AUTOMOTORES,861025,,413803,Post - Denuncia,,,,'2016-11-11 08:39:54','2016-11-11 08:39:54','2016-11-11 08:39:54',Atendido,,
161111-355948,,Incidente importado desde SAC,,Mailing,Usuario Importador,Telemarketing,,Reclamo,Solucionado,,,,,APR1 - AUTOMOTORES,861013,,3852353,Certificado de cobertura,,,,'2016-11-11 08:39:53','2016-11-11 08:39:53','2016-11-11 08:39:53',Resuelto,,
161111-355949,,Incidente importado desde SAC,,Cac,Usuario Importador,Carta Documento,,Consulta,Solucionado,,,,,APR1 - AUTOMOTORES,861014,,973835,Certificado de cobertura,,,,'2016-11-11 08:39:53','2016-11-11 08:39:53','2016-11-11 08:39:53',Atendido,,
161111-355926,,Incidente importado desde SAC,,Emisión Masivos,Usuario Importador,Telemarketing,,Consulta,Solucionado,,,,,AUS1 - AUTOMOTORES,860991,,7676313,Baja de póliza,,,,'2016-11-11 08:39:52','2016-11-11 08:39:52','2016-11-11 08:39:52',Atendido,,
161111-355931,,Incidente importado desde SAC,,Oficina Rosario,Usuario Importador,Carta,,Consulta,Solucionado,,,,,HOM1 - SEGURO DEL HOGAR,860996,,3744517,Siniestro Jet,,,,'2016-11-11 08:39:52','2016-11-11 08:39:52','2016-11-11 08:39:52',Resuelto,,
161111-355934,,Incidente importado desde SAC,,Cac,Usuario Importador,Telemarketing,,Consulta,Solucionado,,,,,AUS1 - AUTOMOTORES,860999,,316122,Denuncia Lesiones,,,,'2016-11-11 08:39:52','2016-11-11 08:39:52','2016-11-11 08:39:52',Atendido,,
161111-355939,,Incidente importado desde SAC,,Mailing,Usuario Importador,Telemarketing,,Reclamo,Solucionado,,,,,APL1 - AUTOMOTORES PLANES,861004,,3685320,Certificado de cobertura,,,,'2016-11-11 08:39:52','2016-11-11 08:39:52','2016-11-11 08:39:52',Resuelto,,
161111-355922,,Incidente importado desde SAC,,Cac,Usuario Importador,Telemarketing,,Consulta,Solucionado,,,,,APL1 - AUTOMOTORES PLANES,860987,,2407430,Post - Denuncia,,,,'2016-11-11 08:39:51','2016-11-11 08:39:51','2016-11-11 08:39:51',Atendido,,
161111-355925,,Incidente importado desde SAC,,Cac,Usuario Importador,Carta Documento,,Consulta,Solucionado,,,,,APR1 - AUTOMOTORES,860990,,3429240,Post - Denuncia,,,,'2016-11-11 08:39:51','2016-11-11 08:39:51','2016-11-11 08:39:51',Atendido,,
161111-355905,,Incidente importado desde SAC,,Emisión Masivos,Usuario Importador,Telemarketing,,Consulta,Solucionado,,,,,HOM1 - SEGURO DEL HOGAR,860970,,6050081,Baja de póliza,,,,'2016-11-11 08:39:50','2016-11-11 08:39:50','2016-11-11 08:39:50',Atendido,,
161111-355902,,Incidente importado desde SAC,,Robo / Destruccion Total,Usuario Importador,Carta,,Consulta,Solucionado,,,,,AUT1 - AUTOMOTORES,860967,,3469244,Siniestro Jet,,,,'2016-11-11 08:39:49','2016-11-11 08:39:49','2016-11-11 08:39:49',Resuelto,,
161111-355903,,Incidente importado desde SAC,,Cac,Usuario Importador,Telemarketing,,Consulta,Solucionado,,,,,AUS1 - AUTOMOTORES,860968,,4524164,Condiciones de póliza,,,,'2016-11-11 08:39:49','2016-11-11 08:39:49','2016-11-11 08:39:49',Atendido,,
161111-355894,,Incidente importado desde SAC,,Emisión Masivos,Usuario Importador,Carta Documento,,Consulta,Solucionado,,,,,AUS1 - AUTOMOTORES,860959,,2738377,Baja de póliza,,,,'2016-11-11 08:39:48','2016-11-11 08:39:48','2016-11-11 08:39:48',Atendido,,
161111-355896,,Incidente importado desde SAC,,Cac,Usuario Importador,Carta Documento,,Consulta,Solucionado,,,,,APR1 - AUTOMOTORES,860961,,3239221,Certificado de cobertura,,,,'2016-11-11 08:39:48','2016-11-11 08:39:48','2016-11-11 08:39:48',Atendido,,
161111-355897,,Incidente importado desde SAC,,Gerencia Clientes,Usuario Importador,Telemarketing,,Consulta,Solucionado,,,,,EEQ2 - SEGURO INGENIERIA,860962,,6690459,Certificado de cobertura,,,,'2016-11-11 08:39:48','2016-11-11 08:39:48','2016-11-11 08:39:48',Atendido,,
161111-355879,,Incidente importado desde SAC,,Cac,Usuario Importador,Telemarketing,,Consulta,Solucionado,,,,,AUS1 - AUTOMOTORES,860944,,2681362,Facturación,,,,'2016-11-11 08:39:46','2016-11-11 08:39:46','2016-11-11 08:39:46',Atendido,,
161111-355883,,Incidente importado desde SAC,,Drive in Ciudadela,Usuario Importador,Carta,,Consulta,Solucionado,,,,,AUT1 - AUTOMOTORES,860948,,7407160,Siniestro Jet,,,,'2016-11-11 08:39:46','2016-11-11 08:39:46','2016-11-11 08:39:46',Resuelto,,
161111-355876,,Incidente importado desde SAC,,Cac,Usuario Importador,Carta Documento,,Consulta,Solucionado,,,,,HOM1 - SEGURO DEL HOGAR,860941,,7481178,Modificación de canal de cobro por única vez,,,,'2016-11-11 08:39:45','2016-11-11 08:39:45','2016-11-11 08:39:45',Atendido,,
161111-355853,,Incidente importado desde SAC,,Cac,Usuario Importador,Telemarketing,,Consulta,Solucionado,,,,,AUS1 - AUTOMOTORES,860918,,1334208,Facturación,,,,'2016-11-11 08:39:44','2016-11-11 08:39:44','2016-11-11 08:39:44',Atendido,,
161111-355854,,Incidente importado desde SAC,,Cac,Usuario Importador,Carta Documento,,Consulta,Solucionado,,,,,AUS1 - AUTOMOTORES,860919,,7382628,Certificado de cobertura,,,,'2016-11-11 08:39:44','2016-11-11 08:39:44','2016-11-11 08:39:44',Atendido,,
161111-355862,,Incidente importado desde SAC,,Cac,Usuario Importador,Carta Documento,,Consulta,Solucionado,,,,,AUA1 - AUTOMOTORES CARTERA GENERAL,860927,,2785301,Cartera general,,,,'2016-11-11 08:39:44','2016-11-11 08:39:44','2016-11-11 08:39:44',Atendido,,
161111-355864,,Incidente importado desde SAC,,Cac,Usuario Importador,Telemarketing,,Consulta,Solucionado,,,,,APR1 - AUTOMOTORES,860929,,3439548,Modificaciones datos del producto,,,,'2016-11-11 08:39:44','2016-11-11 08:39:44','2016-11-11 08:39:44',Atendido,,
161111-355843,,Incidente importado desde SAC,,Emisión Masivos,Usuario Importador,Telemarketing,,Consulta,Solucionado,,,,,AUS1 - AUTOMOTORES,860908,,483549,Baja de póliza,,,,'2016-11-11 08:39:43','2016-11-11 08:39:43','2016-11-11 08:39:43',Atendido,,
161111-355845,,Incidente importado desde SAC,,Cac,Usuario Importador,Telemarketing,,Consulta,Solucionado,,,,,AUS1 - AUTOMOTORES,860910,,7221749,Condiciones de póliza,,,,'2016-11-11 08:39:43','2016-11-11 08:39:43','2016-11-11 08:39:43',Atendido,,
161111-355825,,Incidente importado desde SAC,,Daños Materiales Autos,Usuario Importador,Carta,,Consulta,Solucionado,,,,,AUB1 - AUTOMOTORES BCOS. CG,860890,,7706306,Siniestro Jet,,,,'2016-11-11 08:39:42','2016-11-11 08:39:42','2016-11-11 08:39:42',Resuelto,,
161111-355835,,Incidente importado desde SAC,,Cac,Usuario Importador,Telemarketing,,Consulta,Solucionado,,,,,AUS1 - AUTOMOTORES,860900,,1957117,Post - Denuncia,,,,'2016-11-11 08:39:42','2016-11-11 08:39:42','2016-11-11 08:39:42',Atendido,,
161111-355838,,Incidente importado desde SAC,,Cac,Usuario Importador,Telemarketing,,Consulta,Solucionado,,,,,ATD1 - ROBO/USUAR.T.DEB-CRE,860903,,887602,Baja de póliza,,,,'2016-11-11 08:39:42','2016-11-11 08:39:42','2016-11-11 08:39:42',Atendido,,
161111-355815,,Incidente importado desde SAC,,Emisión Masivos,Usuario Importador,Telemarketing,,Consulta,Solucionado,,,,,AUS1 - AUTOMOTORES,860880,,7740112,Baja de póliza,,,,'2016-11-11 08:39:41','2016-11-11 08:39:41','2016-11-11 08:39:41',Atendido,,
161111-355817,,Incidente importado desde SAC,,Cac,Usuario Importador,Telemarketing,,Consulta,Solucionado,,,,,APL1 - AUTOMOTORES PLANES,860882,,3321884,Post - Denuncia,,,,'2016-11-11 08:39:41','2016-11-11 08:39:41','2016-11-11 08:39:41',Atendido,,
161111-355806,,Incidente importado desde SAC,,Fleet Services,Usuario Importador,Telemarketing,,Consulta,Solucionado,,,,,AUT1 - AUTOMOTORES,860871,,4549460,Contacto del tercero,,,,'2016-11-11 08:39:40','2016-11-11 08:39:40','2016-11-11 08:39:40',Atendido,,
161111-355807,,Incidente importado desde SAC,,Cac,Usuario Importador,Telemarketing,,Consulta,Solucionado,,,,,AUS1 - AUTOMOTORES,860872,,5177101,Post - Denuncia,,,,'2016-11-11 08:39:40','2016-11-11 08:39:40','2016-11-11 08:39:40',Atendido,,
161111-355780,,Incidente importado desde SAC,,Daños Materiales Autos,Usuario Importador,Telemarketing,,Reclamo,Solucionado,,,,,AUS1 - AUTOMOTORES,860845,,2484073,Daños materiales Casa Central,,,,'2016-11-11 08:39:39','2016-11-11 08:39:39','2016-11-11 08:39:39',Resuelto,,
161111-355782,,Incidente importado desde SAC,,Cac,Usuario Importador,Telemarketing,,Consulta,Solucionado,,,,,APR1 - AUTOMOTORES,860847,,5734706,Modificaciones datos del producto,,,,'2016-11-11 08:39:39','2016-11-11 08:39:39','2016-11-11 08:39:39',Atendido,,
161111-355784,,Incidente importado desde SAC,,Cac,Usuario Importador,Telemarketing,,Consulta,Solucionado,,,,,AUS1 - AUTOMOTORES,860849,,2449261,Condiciones de póliza,,,,'2016-11-11 08:39:39','2016-11-11 08:39:39','2016-11-11 08:39:39',Atendido,,
161111-355785,,Incidente importado desde SAC,,Cac,Usuario Importador,Telemarketing,,Consulta,Solucionado,,,,,AUS1 - AUTOMOTORES,860850,,5185417,Ampliación de Cobertura con inspección,,,,'2016-11-11 08:39:39','2016-11-11 08:39:39','2016-11-11 08:39:39',Atendido,,
161111-355766,,Incidente importado desde SAC,,Cac,Usuario Importador,Canal productor,,Consulta,Solucionado,,,,,AUS1 - AUTOMOTORES,860831,,3460875,Condiciones de póliza,,,,'2016-11-11 08:39:38','2016-11-11 08:39:38','2016-11-11 08:39:38',Atendido,,
161111-355767,,Incidente importado desde SAC,,Cac,Usuario Importador,Telemarketing,,Consulta,Solucionado,,,,,APR1 - AUTOMOTORES,860832,,3574635,Recotización,,,,'2016-11-11 08:39:38','2016-11-11 08:39:38','2016-11-11 08:39:38',Atendido,,
161111-355774,,Incidente importado desde SAC,,Emisión Masivos,Usuario Importador,Telemarketing,,Consulta,Solucionado,,,,,AUS1 - AUTOMOTORES,860839,,1365721,Baja de póliza,,,,'2016-11-11 08:39:38','2016-11-11 08:39:38','2016-11-11 08:39:38',Atendido,,
161111-355775,,Incidente importado desde SAC,,Cac,Usuario Importador,Telemarketing,,Consulta,Solucionado,,,,,APL1 - AUTOMOTORES PLANES,860840,,777139,Denuncia daños materiales,,,,'2016-11-11 08:39:38','2016-11-11 08:39:38','2016-11-11 08:39:38',Atendido,,
161111-355364,,,,Cac,Carolina Irigoyen,Llamada entrante,,Consulta,Solucionado,,,45821,,AUT1 - AUTOMOTORES,860822,,3454612,Condiciones de póliza,,,,'2016-11-11 08:39:37','2016-11-11 08:39:37','2016-11-11 08:39:37',Atendido,,
161111-355761,,Incidente importado desde SAC,,Fleet Services,Usuario Importador,Telemarketing,,Reclamo,Solucionado,,,,,AUT1 - AUTOMOTORES,860826,,2413561,Contacto del tercero,,,,'2016-11-11 08:39:37','2016-11-11 08:39:37','2016-11-11 08:39:37',Resuelto,,
161111-355755,,Incidente importado desde SAC,,Cac,Usuario Importador,Carta Documento,,Consulta,Solucionado,,,,,HOM1 - SEGURO DEL HOGAR,860819,,441575,Facturación,,,,'2016-11-11 08:39:36','2016-11-11 08:39:36','2016-11-11 08:39:36',Atendido,,
161111-355745,,Incidente importado desde SAC,,Cac,Usuario Importador,Telemarketing,,Consulta,Solucionado,,,,,AUS1 - AUTOMOTORES,860809,,1738257,Facturación,,,,'2016-11-11 08:39:34','2016-11-11 08:39:34','2016-11-11 08:39:34',Atendido,,
161111-355750,,Incidente importado desde SAC,,Fleet Services,Usuario Importador,Carta Documento,,Consulta,Solucionado,,,,,AUT1 - AUTOMOTORES,860814,,3604360,Contacto del tercero,,,,'2016-11-11 08:39:34','2016-11-11 08:39:34','2016-11-11 08:39:34',Atendido,,
161111-355737,,Incidente importado desde SAC,,Oficina Mendoza,Usuario Importador,Carta,,Consulta,Solucionado,,,,,AUT1 - AUTOMOTORES,860801,,7706340,Siniestro Jet,,,,'2016-11-11 08:39:33','2016-11-11 08:39:33','2016-11-11 08:39:33',Resuelto,,
161111-355740,,Incidente importado desde SAC,,Robo / Destruccion Total,Usuario Importador,Carta,,Consulta,Solucionado,,,,,AUS1 - AUTOMOTORES,860804,,2804536,Siniestro Jet,,,,'2016-11-11 08:39:33','2016-11-11 08:39:33','2016-11-11 08:39:33',Resuelto,,
161111-355743,,Incidente importado desde SAC,,Cac,Usuario Importador,Carta Documento,,Consulta,Solucionado,,,,,APR1 - AUTOMOTORES,860807,,3407760,Certificado de cobertura,,,,'2016-11-11 08:39:33','2016-11-11 08:39:33','2016-11-11 08:39:33',Atendido,,
161111-355721,,Incidente importado desde SAC,,Gerencia Clientes,Usuario Importador,Telemarketing,,Reclamo,Solucionado,,,,,HOM1 - SEGURO DEL HOGAR,860785,,7015779,Venta con anomalías,,,,'2016-11-11 08:39:32','2016-11-11 08:39:32','2016-11-11 08:39:32',No Procedente,,
161111-355727,,Incidente importado desde SAC,,Cac,Usuario Importador,Carta Documento,,Consulta,Solucionado,,,,,AUS1 - AUTOMOTORES,860791,,1417622,Facturación,,,,'2016-11-11 08:39:32','2016-11-11 08:39:32','2016-11-11 08:39:32',Atendido,,
161111-355728,,Incidente importado desde SAC,,Cac,Usuario Importador,Telemarketing,,Consulta,Solucionado,,,,,HOM1 - SEGURO DEL HOGAR,860792,,440168,Facturación,,,,'2016-11-11 08:39:32','2016-11-11 08:39:32','2016-11-11 08:39:32',Atendido,,
161111-355729,,Incidente importado desde SAC,,Cac,Usuario Importador,Carta Documento,,Consulta,Solucionado,,,,,AUS1 - AUTOMOTORES,860793,,2391295,Inspección por previa,,,,'2016-11-11 08:39:32','2016-11-11 08:39:32','2016-11-11 08:39:32',Atendido,,
161111-355730,,Incidente importado desde SAC,,Lesiones,Usuario Importador,Carta,,Consulta,Solucionado,,,,,AUT1 - AUTOMOTORES,860794,,1322999,Siniestro Jet,,,,'2016-11-11 08:39:32','2016-11-11 08:39:32','2016-11-11 08:39:32',Resuelto,,
161111-355732,,Incidente importado desde SAC,,Daños Materiales Autos,Usuario Importador,Carta,,Consulta,Solucionado,,,,,AUT1 - AUTOMOTORES,860796,,1426164,Siniestro Jet,,,,'2016-11-11 08:39:32','2016-11-11 08:39:32','2016-11-11 08:39:32',Resuelto,,
161111-355733,,Incidente importado desde SAC,,Cac,Usuario Importador,Telemarketing,,Consulta,Solucionado,,,,,AUS1 - AUTOMOTORES,860797,,1335982,Condiciones de póliza,,,,'2016-11-11 08:39:32','2016-11-11 08:39:32','2016-11-11 08:39:32',Atendido,,
161111-355716,,Incidente importado desde SAC,,Cac,Usuario Importador,Telemarketing,,Consulta,Solucionado,,,,,APL1 - AUTOMOTORES PLANES,860780,,7410737,Modificaciones datos del producto,,,,'2016-11-11 08:39:31','2016-11-11 08:39:31','2016-11-11 08:39:31',Atendido,,
161111-355717,,Incidente importado desde SAC,,Fleet Services,Usuario Importador,Telemarketing,,Consulta,Solucionado,,,,,AUT1 - AUTOMOTORES,860781,,3440414,Contacto del tercero,,,,'2016-11-11 08:39:31','2016-11-11 08:39:31','2016-11-11 08:39:31',Resuelto,,
161111-355699,,Incidente importado desde SAC,,Cac,Usuario Importador,Telemarketing,,Consulta,Solucionado,,,,,AUT1 - AUTOMOTORES,860763,,162159,Siniestro Jet,,,,'2016-11-11 08:39:30','2016-11-11 08:39:30','2016-11-11 08:39:30',No Procedente,,
161111-355701,,Incidente importado desde SAC,,Cac,Usuario Importador,Telemarketing,,Consulta,Solucionado,,,,,AUS1 - AUTOMOTORES,860765,,4485471,Facturación,,,,'2016-11-11 08:39:30','2016-11-11 08:39:30','2016-11-11 08:39:30',Atendido,,
161111-355706,,Incidente importado desde SAC,,Cac,Usuario Importador,Carta Documento,,Consulta,Solucionado,,,,,AUS1 - AUTOMOTORES,860770,,7488912,Post - Denuncia,,,,'2016-11-11 08:39:30','2016-11-11 08:39:30','2016-11-11 08:39:30',Atendido,,
161111-355681,,Incidente importado desde SAC,,Gerencia Clientes,Usuario Importador,Carta Documento,,Consulta,Solucionado,,,,,AUA1 - AUTOMOTORES CARTERA GENERAL,860745,,3417900,Certificado de cobertura,,,,'2016-11-11 08:39:28','2016-11-11 08:39:28','2016-11-11 08:39:28',Atendido,,
161111-355683,,Incidente importado desde SAC,,Cac,Usuario Importador,Carta Documento,,Consulta,Solucionado,,,,,AUS1 - AUTOMOTORES,860747,,3784513,Post - Denuncia,,,,'2016-11-11 08:39:28','2016-11-11 08:39:28','2016-11-11 08:39:28',Atendido,,
161111-355684,,Incidente importado desde SAC,,Cobranzas Automático,Usuario Importador,Telemarketing,,Consulta,Solucionado,,,,,HOM1 - SEGURO DEL HOGAR,860748,,527766,Reintegro - Automático,,,,'2016-11-11 08:39:28','2016-11-11 08:39:28','2016-11-11 08:39:28',Atendido,,
161111-355685,,Incidente importado desde SAC,,Cac,Usuario Importador,Telemarketing,,Consulta,Solucionado,,,,,HOM1 - SEGURO DEL HOGAR,860749,,3391309,Post - Denuncia,,,,'2016-11-11 08:39:28','2016-11-11 08:39:28','2016-11-11 08:39:28',Atendido,,
161111-355686,,Incidente importado desde SAC,,Cac,Usuario Importador,Carta Documento,,Consulta,Solucionado,,,,,AUS1 - AUTOMOTORES,860750,,1364844,Certificado de cobertura,,,,'2016-11-11 08:39:28','2016-11-11 08:39:28','2016-11-11 08:39:28',Atendido,,
161111-355688,,Incidente importado desde SAC,,Cac,Usuario Importador,Telemarketing,,Consulta,Solucionado,,,,,AUI1 - AUTOMOTORES INSTITUCIONES,860752,,3516301,Facturación,,,,'2016-11-11 08:39:28','2016-11-11 08:39:28','2016-11-11 08:39:28',Atendido,,
161111-355672,,Incidente importado desde SAC,,Gerencia Clientes,Usuario Importador,Telemarketing,,Consulta,Solucionado,,,,,ATD1 - ROBO/USUAR.T.DEB-CRE,860736,,3028847,Certificado de cobertura,,,,'2016-11-11 08:39:27','2016-11-11 08:39:27','2016-11-11 08:39:27',Atendido,,
161111-355674,,Incidente importado desde SAC,,Cac,Usuario Importador,Telemarketing,,Consulta,Solucionado,,,,,HOM1 - SEGURO DEL HOGAR,860738,,3618141,Post - Denuncia,,,,'2016-11-11 08:39:27','2016-11-11 08:39:27','2016-11-11 08:39:27',Atendido,,
161111-355662,,Incidente importado desde SAC,,Cac,Usuario Importador,Telemarketing,,Consulta,Solucionado,,,,,AUS1 - AUTOMOTORES,860726,,7354349,Post - Denuncia,,,,'2016-11-11 08:39:26','2016-11-11 08:39:26','2016-11-11 08:39:26',Atendido,,
161111-355665,,Incidente importado desde SAC,,Cac,Usuario Importador,Carta Documento,,Consulta,Solucionado,,,,,AUI1 - AUTOMOTORES INSTITUCIONES,860729,,3457517,Certificado de cobertura,,,,'2016-11-11 08:39:26','2016-11-11 08:39:26','2016-11-11 08:39:26',Atendido,,
161111-355666,,Incidente importado desde SAC,,Robo / Destruccion Total,Usuario Importador,Carta,,Consulta,Solucionado,,,,,AUS1 - AUTOMOTORES,860730,,3125361,Siniestro Jet,,,,'2016-11-11 08:39:26','2016-11-11 08:39:26','2016-11-11 08:39:26',Resuelto,,
161111-355652,,Incidente importado desde SAC,,Cac,Usuario Importador,Telemarketing,,Consulta,Solucionado,,,,,AUS1 - AUTOMOTORES,860716,,7287681,Post - Denuncia,,,,'2016-11-11 08:39:25','2016-11-11 08:39:25','2016-11-11 08:39:25',Atendido,,
161111-355659,,Incidente importado desde SAC,,Emisión Masivos,Usuario Importador,Telemarketing,,Consulta,Solucionado,,,,,AUS1 - AUTOMOTORES,860723,,2794987,Baja de póliza,,,,'2016-11-11 08:39:25','2016-11-11 08:39:25','2016-11-11 08:39:25',Atendido,,
161111-355635,,Incidente importado desde SAC,,Emisión Masivos,Usuario Importador,Telemarketing,,Consulta,Solucionado,,,,,HOM1 - SEGURO DEL HOGAR,860699,,6871207,Baja de póliza,,,,'2016-11-11 08:39:24','2016-11-11 08:39:24','2016-11-11 08:39:24',Atendido,,
161111-355637,,Incidente importado desde SAC,,Cac,Usuario Importador,Telemarketing,,Consulta,Solucionado,,,,,HOM1 - SEGURO DEL HOGAR,860701,,876833,Denuncia Riesgos Varios,,,,'2016-11-11 08:39:24','2016-11-11 08:39:24','2016-11-11 08:39:24',Atendido,,
161111-355644,,Incidente importado desde SAC,,Cac,Usuario Importador,Telemarketing,,Consulta,Solucionado,,,,,APR1 - AUTOMOTORES,860708,,3417120,Modificaciones datos del producto,,,,'2016-11-11 08:39:24','2016-11-11 08:39:24','2016-11-11 08:39:24',Atendido,,
161111-355648,,Incidente importado desde SAC,,Cac,Usuario Importador,Telemarketing,,Consulta,Solucionado,,,,,AUA1 - AUTOMOTORES CARTERA GENERAL,860712,,1327093,Cartera general,,,,'2016-11-11 08:39:24','2016-11-11 08:39:24','2016-11-11 08:39:24',Atendido,,
161111-355628,,Incidente importado desde SAC,,Cac,Usuario Importador,Telemarketing,,Consulta,Solucionado,,,,,AUS1 - AUTOMOTORES,860692,,3453302,Modificación de canal de cobro por única vez,,,,'2016-11-11 08:39:23','2016-11-11 08:39:23','2016-11-11 08:39:23',Atendido,,
161111-355629,,Incidente importado desde SAC,,Cac,Usuario Importador,Telemarketing,,Consulta,Solucionado,,,,,HOM1 - SEGURO DEL HOGAR,860693,,3735709,Post - Denuncia,,,,'2016-11-11 08:39:23','2016-11-11 08:39:23','2016-11-11 08:39:23',Atendido,,
161111-355632,,Incidente importado desde SAC,,Mailing,Usuario Importador,Telemarketing,,Reclamo,Solucionado,,,,,HOM1 - SEGURO DEL HOGAR,860696,,545350,Cupón de pago,,,,'2016-11-11 08:39:23','2016-11-11 08:39:23','2016-11-11 08:39:23',Resuelto,,
161111-355633,,Incidente importado desde SAC,,Cac,Usuario Importador,Telemarketing,,Consulta,Solucionado,,,,,AUS1 - AUTOMOTORES,860697,,6726872,Denuncia daños materiales,,,,'2016-11-11 08:39:23','2016-11-11 08:39:23','2016-11-11 08:39:23',Atendido,,
161111-355228,,,,Fleet Services,Verónica Tamburro,Llamada entrante,,Consulta,Solucionado,,,45824,,AUS1 - AUTOMOTORES,860683,,5927281,Contacto del tercero,,,,'2016-11-11 08:39:22','2016-11-11 08:39:22','2016-11-11 08:39:22',Atendido,,
161111-355624,,Incidente importado desde SAC,,Emisión Masivos,Usuario Importador,Telemarketing,,Consulta,Solucionado,,,,,AUS1 - AUTOMOTORES,860688,,4168891,Baja de póliza,,,,'2016-11-11 08:39:22','2016-11-11 08:39:22','2016-11-11 08:39:22',Atendido,,
161111-355626,,Incidente importado desde SAC,,Cac,Usuario Importador,Carta Documento,,Consulta,Solucionado,,,,,AUS1 - AUTOMOTORES,860690,,5481954,Certificado de cobertura,,,,'2016-11-11 08:39:22','2016-11-11 08:39:22','2016-11-11 08:39:22',Atendido,,
161111-355627,,Incidente importado desde SAC,,Fleet Services,Usuario Importador,Carta Documento,,Consulta,Solucionado,,,,,AUT1 - AUTOMOTORES,860691,,7658319,Siniestro Jet,,,,'2016-11-11 08:39:22','2016-11-11 08:39:22','2016-11-11 08:39:22',Resuelto,,
161111-355618,,Incidente importado desde SAC,,Cac,Usuario Importador,Carta Documento,,Consulta,Solucionado,,,,,APR1 - AUTOMOTORES,860681,,3528783,Post - Denuncia,,,,'2016-11-11 08:39:21','2016-11-11 08:39:21','2016-11-11 08:39:21',Atendido,,
161111-355623,,Incidente importado desde SAC,,Mailing,Usuario Importador,Telemarketing,,Reclamo,Solucionado,,,,,AUS1 - AUTOMOTORES,860687,,7027075,Cupón de pago,,,,'2016-11-11 08:39:21','2016-11-11 08:39:21','2016-11-11 08:39:21',Resuelto,,
161111-355609,,Incidente importado desde SAC,,Emisión Masivos,Usuario Importador,Telemarketing,,Consulta,Solucionado,,,,,HOM1 - SEGURO DEL HOGAR,860672,,6232782,Baja de póliza,,,,'2016-11-11 08:39:20','2016-11-11 08:39:20','2016-11-11 08:39:20',Atendido,,
161111-355612,,Incidente importado desde SAC,,Cac,Usuario Importador,Telemarketing,,Consulta,Solucionado,,,,,AUS1 - AUTOMOTORES,860675,,7739181,Baja de póliza,,,,'2016-11-11 08:39:20','2016-11-11 08:39:20','2016-11-11 08:39:20',Atendido,,
161111-355615,,Incidente importado desde SAC,,Cac,Usuario Importador,Telemarketing,,Consulta,Solucionado,,,,,AUS1 - AUTOMOTORES,860678,,5936965,Denuncia daños materiales,,,,'2016-11-11 08:39:20','2016-11-11 08:39:20','2016-11-11 08:39:20',Atendido,,
161111-355616,,Incidente importado desde SAC,,Cac,Usuario Importador,Telemarketing,,Consulta,Solucionado,,,,,AUS1 - AUTOMOTORES,860679,,3615409,Facturación,,,,'2016-11-11 08:39:20','2016-11-11 08:39:20','2016-11-11 08:39:20',Atendido,,
161111-355599,,Incidente importado desde SAC,,Emisión Masivos,Usuario Importador,Carta Documento,,Consulta,Solucionado,,,,,HOM1 - SEGURO DEL HOGAR,860662,,1433898,Baja de póliza,,,,'2016-11-11 08:39:18','2016-11-11 08:39:18','2016-11-11 08:39:18',Atendido,,
161111-355583,,Incidente importado desde SAC,,Mailing,Usuario Importador,Telemarketing,,Reclamo,Solucionado,,,,,HOM1 - SEGURO DEL HOGAR,860646,,6232490,Cupón de pago,,,,'2016-11-11 08:39:17','2016-11-11 08:39:17','2016-11-11 08:39:17',Resuelto,,
161111-355584,,Incidente importado desde SAC,,Cac,Usuario Importador,Telemarketing,,Consulta,Solucionado,,,,,AUS1 - AUTOMOTORES,860647,,4559927,Facturación,,,,'2016-11-11 08:39:17','2016-11-11 08:39:17','2016-11-11 08:39:17',Atendido,,
161111-355565,,Incidente importado desde SAC,,Cac,Usuario Importador,Telemarketing,,Consulta,Solucionado,,,,,AUS1 - AUTOMOTORES,860628,,5242660,Facturación,,,,'2016-11-11 08:39:16','2016-11-11 08:39:16','2016-11-11 08:39:16',Atendido,,
161111-355569,,Incidente importado desde SAC,,Mailing,Usuario Importador,Telemarketing,,Reclamo,Solucionado,,,,,HOM1 - SEGURO DEL HOGAR,860632,,1151639,Cupón de pago,,,,'2016-11-11 08:39:16','2016-11-11 08:39:16','2016-11-11 08:39:16',Resuelto,,
161111-355572,,Incidente importado desde SAC,,Cac,Usuario Importador,Telemarketing,,Consulta,Solucionado,,,,,AUS1 - AUTOMOTORES,860635,,374690,Facturación,,,,'2016-11-11 08:39:16','2016-11-11 08:39:16','2016-11-11 08:39:16',Atendido,,
161111-355575,,Incidente importado desde SAC,,Cac,Usuario Importador,Telemarketing,,Reclamo,Solucionado,,,,,HOM1 - SEGURO DEL HOGAR,860638,,4816036,Cupón de pago,,,,'2016-11-11 08:39:16','2016-11-11 08:39:16','2016-11-11 08:39:16',No Procedente,,
161111-355576,,Incidente importado desde SAC,,Cac,Usuario Importador,Telemarketing,,Consulta,Solucionado,,,,,AUI1 - AUTOMOTORES INSTITUCIONES,860639,,4233839,Facturación,,,,'2016-11-11 08:39:16','2016-11-11 08:39:16','2016-11-11 08:39:16',Atendido,,
161111-355553,,Incidente importado desde SAC,,Mailing,Usuario Importador,Telemarketing,,Reclamo,Solucionado,,,,,APR1 - AUTOMOTORES,860615,,5328046,Certificado de cobertura,,,,'2016-11-11 08:39:15','2016-11-11 08:39:15','2016-11-11 08:39:15',Resuelto,,
161111-355217,,,,Pago Telefonico,Mariana Sosa,Llamada entrante,,Consulta,Solucionado,,,45822,,HOM1 - SEGURO DEL HOGAR,860621,,4986405,Pago telefónico,,,,'2016-11-11 08:39:15','2016-11-11 08:39:15','2016-11-11 08:39:15',Atendido,,
161111-355537,,Incidente importado desde SAC,,Cac,Usuario Importador,Telemarketing,,Consulta,Solucionado,,,,,AUS1 - AUTOMOTORES,860599,,441638,Facturación,,,,'2016-11-11 08:39:14','2016-11-11 08:39:14','2016-11-11 08:39:14',Atendido,,
161111-355544,,Incidente importado desde SAC,,Cac,Usuario Importador,Telemarketing,,Consulta,Solucionado,,,,,HOM1 - SEGURO DEL HOGAR,860606,,5190887,Facturación,,,,'2016-11-11 08:39:14','2016-11-11 08:39:14','2016-11-11 08:39:14',Atendido,,
161111-355550,,Incidente importado desde SAC,,Cac,Usuario Importador,Carta Documento,,Consulta,Solucionado,,,,,HOM1 - SEGURO DEL HOGAR,860612,,4582476,Condiciones de póliza,,,,'2016-11-11 08:39:14','2016-11-11 08:39:14','2016-11-11 08:39:14',Atendido,,
161111-355551,,Incidente importado desde SAC,,Cac,Usuario Importador,Telemarketing,,Consulta,Solucionado,,,,,HOM1 - SEGURO DEL HOGAR,860613,,5617292,Post - Denuncia,,,,'2016-11-11 08:39:14','2016-11-11 08:39:14','2016-11-11 08:39:14',Atendido,,
161111-355530,,Incidente importado desde SAC,,Juicios / mediaciones daños,Usuario Importador,Carta,,Consulta,Solucionado,,,,,AUB1 - AUTOMOTORES BCOS. CG,860592,,7306272,Siniestro Jet,,,,'2016-11-11 08:39:13','2016-11-11 08:39:13','2016-11-11 08:39:13',Resuelto,,
161111-355533,,Incidente importado desde SAC,,Cac,Usuario Importador,Carta Documento,,Consulta,Solucionado,,,,,AUI1 - AUTOMOTORES INSTITUCIONES,860595,,5175992,Certificado de cobertura,,,,'2016-11-11 08:39:13','2016-11-11 08:39:13','2016-11-11 08:39:13',Atendido,,
161111-355518,,Incidente importado desde SAC,,Cac,Usuario Importador,Telemarketing,,Consulta,Solucionado,,,,,APR1 - AUTOMOTORES,860580,,3598479,Recotización,,,,'2016-11-11 08:39:12','2016-11-11 08:39:12','2016-11-11 08:39:12',Atendido,,
161111-355505,,Incidente importado desde SAC,,Cac,Usuario Importador,Telemarketing,,Consulta,Solucionado,,,,,AUS1 - AUTOMOTORES,860567,,2629456,Facturación,,,,'2016-11-11 08:39:11','2016-11-11 08:39:11','2016-11-11 08:39:11',Atendido,,
161111-355507,,Incidente importado desde SAC,,Cac,Usuario Importador,Telemarketing,,Consulta,Solucionado,,,,,AUS1 - AUTOMOTORES,860569,,4439211,Facturación,,,,'2016-11-11 08:39:11','2016-11-11 08:39:11','2016-11-11 08:39:11',Atendido,,
161111-355510,,Incidente importado desde SAC,,Cac,Usuario Importador,Telemarketing,,Consulta,Solucionado,,,,,AUS1 - AUTOMOTORES,860572,,457378,Certificado de cobertura,,,,'2016-11-11 08:39:11','2016-11-11 08:39:11','2016-11-11 08:39:11',Atendido,,
161111-355498,,Incidente importado desde SAC,,Cac,Usuario Importador,Telemarketing,,Consulta,Solucionado,,,,,AUS1 - AUTOMOTORES,860560,,2827037,Condiciones de póliza,,,,'2016-11-11 08:39:09','2016-11-11 08:39:09','2016-11-11 08:39:09',Atendido,,
161111-355494,,Incidente importado desde SAC,,Cac,Usuario Importador,Telemarketing,,Consulta,Solucionado,,,,,AUS1 - AUTOMOTORES,860556,,6175802,Facturación,,,,'2016-11-11 08:39:08','2016-11-11 08:39:08','2016-11-11 08:39:08',Atendido,,
161111-355497,,Incidente importado desde SAC,,Emisión Masivos,Usuario Importador,Telemarketing,,Consulta,Solucionado,,,,,AUS1 - AUTOMOTORES,860559,,4928443,Baja de póliza,,,,'2016-11-11 08:39:08','2016-11-11 08:39:08','2016-11-11 08:39:08',Atendido,,
161111-355474,,Incidente importado desde SAC,,Cac,Usuario Importador,Telemarketing,,Consulta,Solucionado,,,,,AUS1 - AUTOMOTORES,860536,,2038382,Post - Denuncia,,,,'2016-11-11 08:39:06','2016-11-11 08:39:06','2016-11-11 08:39:06',Atendido,,
161111-355476,,Incidente importado desde SAC,,Cac,Usuario Importador,Carta Documento,,Consulta,Solucionado,,,,,AUS1 - AUTOMOTORES,860538,,268375,Certificado de cobertura,,,,'2016-11-11 08:39:06','2016-11-11 08:39:06','2016-11-11 08:39:06',Atendido,,
161111-355477,,Incidente importado desde SAC,,Emisión Cartera Gral.,Usuario Importador,Telemarketing,,Consulta,Solucionado,,,,,AUA1 - AUTOMOTORES CARTERA GENERAL,860539,,7369046,Baja de póliza,,,,'2016-11-11 08:39:06','2016-11-11 08:39:06','2016-11-11 08:39:06',Atendido,,
161111-355479,,Incidente importado desde SAC,,Mailing,Usuario Importador,Telemarketing,,Reclamo,Solucionado,,,,,AUS1 - AUTOMOTORES,860541,,3926338,Cupón de pago,,,,'2016-11-11 08:39:06','2016-11-11 08:39:06','2016-11-11 08:39:06',Resuelto,,
161111-355480,,Incidente importado desde SAC,,Cac,Usuario Importador,Telemarketing,,Consulta,Solucionado,,,,,APR1 - AUTOMOTORES,860542,,4502015,Modificaciones datos del producto,,,,'2016-11-11 08:39:06','2016-11-11 08:39:06','2016-11-11 08:39:06',Atendido,,
161111-355484,,Incidente importado desde SAC,,Emisión Masivos,Usuario Importador,Telemarketing,,Consulta,Solucionado,,,,,AUS1 - AUTOMOTORES,860546,,5272575,Baja de póliza,,,,'2016-11-11 08:39:06','2016-11-11 08:39:06','2016-11-11 08:39:06',Atendido,,
161111-355463,,Incidente importado desde SAC,,Oficina Cordoba,Usuario Importador,Carta,,Consulta,Solucionado,,,,,AUS1 - AUTOMOTORES,860525,,6253522,Siniestro Jet,,,,'2016-11-11 08:39:05','2016-11-11 08:39:05','2016-11-11 08:39:05',Resuelto,,
161111-355465,,Incidente importado desde SAC,,Cac,Usuario Importador,Telemarketing,,Consulta,Solucionado,,,,,AUS1 - AUTOMOTORES,860527,,2778605,Facturación,,,,'2016-11-11 08:39:05','2016-11-11 08:39:05','2016-11-11 08:39:05',Atendido,,
161111-355471,,Incidente importado desde SAC,,Cac,Usuario Importador,Carta Documento,,Consulta,Solucionado,,,,,AUA1 - AUTOMOTORES CARTERA GENERAL,860533,,3453684,Cartera general,,,,'2016-11-11 08:39:05','2016-11-11 08:39:05','2016-11-11 08:39:05',Atendido,,
161111-355472,,Incidente importado desde SAC,,Cac,Usuario Importador,Telemarketing,,Consulta,Solucionado,,,,,APR1 - AUTOMOTORES,860534,,3655544,Post - Denuncia,,,,'2016-11-11 08:39:05','2016-11-11 08:39:05','2016-11-11 08:39:05',Atendido,,
161111-355453,,Incidente importado desde SAC,,Gerencia Clientes,Usuario Importador,Telemarketing,,Reclamo,Solucionado,,,,,AUS1 - AUTOMOTORES,860515,,1106317,Venta con anomalías,,,,'2016-11-11 08:39:04','2016-11-11 08:39:04','2016-11-11 08:39:04',Resuelto,,
161111-355455,,Incidente importado desde SAC,,Cac,Usuario Importador,Carta Documento,,Consulta,Solucionado,,,,,APL1 - AUTOMOTORES PLANES,860517,,1108115,Endosos CAC,,,,'2016-11-11 08:39:04','2016-11-11 08:39:04','2016-11-11 08:39:04',Atendido,,
161111-355458,,Incidente importado desde SAC,,Cac,Usuario Importador,Telemarketing,,Consulta,Solucionado,,,,,AUS1 - AUTOMOTORES,860520,,7842869,Facturación,,,,'2016-11-11 08:39:04','2016-11-11 08:39:04','2016-11-11 08:39:04',Atendido,,
161111-355459,,Incidente importado desde SAC,,Mailing,Usuario Importador,Telemarketing,,Reclamo,Solucionado,,,,,AUS1 - AUTOMOTORES,860521,,5259057,Cupón de pago,,,,'2016-11-11 08:39:04','2016-11-11 08:39:04','2016-11-11 08:39:04',Resuelto,,
161111-355441,,Incidente importado desde SAC,,Cac,Usuario Importador,Carta Documento,,Consulta,Solucionado,,,,,AUS1 - AUTOMOTORES,860503,,6211799,Certificado de cobertura,,,,'2016-11-11 08:39:03','2016-11-11 08:39:03','2016-11-11 08:39:03',Atendido,,
161111-355443,,Incidente importado desde SAC,,Emisión Masivos,Usuario Importador,Telemarketing,,Consulta,Solucionado,,,,,AUS1 - AUTOMOTORES,860505,,428737,Baja de póliza,,,,'2016-11-11 08:39:03','2016-11-11 08:39:03','2016-11-11 08:39:03',Atendido,,
161111-355449,,Incidente importado desde SAC,,Cac,Usuario Importador,Carta Documento,,Consulta,Solucionado,,,,,APL1 - AUTOMOTORES PLANES,860511,,7370771,Denuncia daños materiales,,,,'2016-11-11 08:39:03','2016-11-11 08:39:03','2016-11-11 08:39:03',Atendido,,
161111-355430,,Incidente importado desde SAC,,Inspecciones Autos,Usuario Importador,Telemarketing,,Consulta,Solucionado,,,,,AUS1 - AUTOMOTORES,860492,,3390544,Instalación de dispositivo de rastreo,,,,'2016-11-11 08:39:02','2016-11-11 08:39:02','2016-11-11 08:39:02',Atendido,,
161111-355432,,Incidente importado desde SAC,,Cac,Usuario Importador,Telemarketing,,Consulta,Solucionado,,,,,AUS1 - AUTOMOTORES,860494,,6861885,Baja de póliza,,,,'2016-11-11 08:39:02','2016-11-11 08:39:02','2016-11-11 08:39:02',Atendido,,
161111-355412,,Incidente importado desde SAC,,Cac,Usuario Importador,Telemarketing,,Consulta,Solucionado,,,,,APL1 - AUTOMOTORES PLANES,860474,,3512640,Endosos CAC,,,,'2016-11-11 08:39:01','2016-11-11 08:39:01','2016-11-11 08:39:01',Atendido,,
161111-355413,,Incidente importado desde SAC,,Cac,Usuario Importador,Telemarketing,,Consulta,Solucionado,,,,,HOM1 - SEGURO DEL HOGAR,860475,,1895635,Post - Denuncia,,,,'2016-11-11 08:39:01','2016-11-11 08:39:01','2016-11-11 08:39:01',Atendido,,
161111-355418,,Incidente importado desde SAC,,Gerencia Clientes,Usuario Importador,Telemarketing,,Reclamo,Solucionado,,,,,AUS1 - AUTOMOTORES,860480,,1758176,Venta con anomalías,,,,'2016-11-11 08:39:01','2016-11-11 08:39:01','2016-11-11 08:39:01',Resuelto,,
161111-355421,,Incidente importado desde SAC,,Cac,Usuario Importador,Carta Documento,,Consulta,Solucionado,,,,,APR1 - AUTOMOTORES,860483,,973835,Certificado de cobertura,,,,'2016-11-11 08:39:01','2016-11-11 08:39:01','2016-11-11 08:39:01',Atendido,,
161111-355422,,Incidente importado desde SAC,,Cac,Usuario Importador,Telemarketing,,Consulta,Solucionado,,,,,HOM1 - SEGURO DEL HOGAR,860484,,7355929,Facturación,,,,'2016-11-11 08:39:01','2016-11-11 08:39:01','2016-11-11 08:39:01',Atendido,,
161111-355423,,Incidente importado desde SAC,,Cac,Usuario Importador,Telemarketing,,Consulta,Solucionado,,,,,AUS1 - AUTOMOTORES,860485,,472563,Post - Denuncia,,,,'2016-11-11 08:39:01','2016-11-11 08:39:01','2016-11-11 08:39:01',Atendido,,
161111-355426,,Incidente importado desde SAC,,Oficina Cordoba,Usuario Importador,Telemarketing,,Reclamo,Solucionado,,,,,APR1 - AUTOMOTORES,860488,,4190036,Daños materiales Cordoba,,,,'2016-11-11 08:39:01','2016-11-11 08:39:01','2016-11-11 08:39:01',Resuelto,,
161111-355403,,Incidente importado desde SAC,,Emisión Masivos,Usuario Importador,Telemarketing,,Consulta,Solucionado,,,,,AUS1 - AUTOMOTORES,860465,,3406893,Baja de póliza,,,,'2016-11-11 08:39:00','2016-11-11 08:39:00','2016-11-11 08:39:00',Atendido,,
161111-355404,,Incidente importado desde SAC,,Cac,Usuario Importador,Telemarketing,,Consulta,Solucionado,,,,,AUS1 - AUTOMOTORES,860466,,613228,Facturación,,,,'2016-11-11 08:39:00','2016-11-11 08:39:00','2016-11-11 08:39:00',Atendido,,
161111-355405,,Incidente importado desde SAC,,Cac,Usuario Importador,Telemarketing,,Consulta,Solucionado,,,,,ATD1 - ROBO/USUAR.T.DEB-CRE,860467,,881579,Baja de póliza,,,,'2016-11-11 08:39:00','2016-11-11 08:39:00','2016-11-11 08:39:00',Atendido,,
161111-355407,,Incidente importado desde SAC,,Cac,Usuario Importador,Telemarketing,,Consulta,Solucionado,,,,,EGE1 - EXT.GARANTIA ELECTRO,860469,,2171180,Certificado de cobertura,,,,'2016-11-11 08:39:00','2016-11-11 08:39:00','2016-11-11 08:39:00',Atendido,,
161111-355393,,Incidente importado desde SAC,,Cac,Usuario Importador,Telemarketing,,Consulta,Solucionado,,,,,APR1 - AUTOMOTORES,860455,,5229029,Post - Denuncia,,,,'2016-11-11 08:38:59','2016-11-11 08:38:59','2016-11-11 08:38:59',Atendido,,
161111-355399,,Incidente importado desde SAC,,Cac,Usuario Importador,Telemarketing,,Consulta,Solucionado,,,,,ATD1 - ROBO/USUAR.T.DEB-CRE,860461,,2368636,Facturación,,,,'2016-11-11 08:38:59','2016-11-11 08:38:59','2016-11-11 08:38:59',Atendido,,
161111-355379,,Incidente importado desde SAC,,Gerencia Clientes,Usuario Importador,Carta Documento,,Consulta,Solucionado,,,,,AUA1 - AUTOMOTORES CARTERA GENERAL,860441,,7552006,Certificado de cobertura,,,,'2016-11-11 08:38:57','2016-11-11 08:38:57','2016-11-11 08:38:57',Atendido,,
161111-355384,,Incidente importado desde SAC,,Cac,Usuario Importador,Carta Documento,,Consulta,Solucionado,,,,,HOM1 - SEGURO DEL HOGAR,860446,,2349633,Post - Denuncia,,,,'2016-11-11 08:38:57','2016-11-11 08:38:57','2016-11-11 08:38:57',Atendido,,
161111-355372,,Incidente importado desde SAC,,Cac,Usuario Importador,Telemarketing,,Consulta,Solucionado,,,,,APR1 - AUTOMOTORES,860434,,3456308,Modificaciones datos del producto,,,,'2016-11-11 08:38:56','2016-11-11 08:38:56','2016-11-11 08:38:56',Atendido,,
161111-355373,,Incidente importado desde SAC,,Cac,Usuario Importador,Carta Documento,,Consulta,Solucionado,,,,,AUS1 - AUTOMOTORES,860435,,1345917,Modificación datos personales,,,,'2016-11-11 08:38:56','2016-11-11 08:38:56','2016-11-11 08:38:56',Atendido,,
161111-355374,,Incidente importado desde SAC,,Robo / Destruccion Total,Usuario Importador,Carta,,Consulta,Solucionado,,,,,AUT1 - AUTOMOTORES,860436,,2823184,Siniestro Jet,,,,'2016-11-11 08:38:56','2016-11-11 08:38:56','2016-11-11 08:38:56',Resuelto,,
161111-355366,,Incidente importado desde SAC,,Cac,Usuario Importador,Telemarketing,,Consulta,Solucionado,,,,,AUS1 - AUTOMOTORES,860428,,4771236,Facturación,,,,'2016-11-11 08:38:55','2016-11-11 08:38:55','2016-11-11 08:38:55',Atendido,,
161111-355368,,Incidente importado desde SAC,,Mailing,Usuario Importador,Telemarketing,,Reclamo,Solucionado,,,,,AUS1 - AUTOMOTORES,860430,,3476942,Cupón de pago,,,,'2016-11-11 08:38:55','2016-11-11 08:38:55','2016-11-11 08:38:55',Resuelto,,
161111-355349,,Incidente importado desde SAC,,Cac,Usuario Importador,Carta Documento,,Consulta,Solucionado,,,,,AUI1 - AUTOMOTORES INSTITUCIONES,860412,,2705879,Certificado de cobertura,,,,'2016-11-11 08:38:53','2016-11-11 08:38:53','2016-11-11 08:38:53',Atendido,,
161111-355350,,Incidente importado desde SAC,,Gerencia Clientes,Usuario Importador,Telemarketing,,Reclamo,Solucionado,,,,,AUS1 - AUTOMOTORES,860413,,3447703,Venta con anomalías,,,,'2016-11-11 08:38:53','2016-11-11 08:38:53','2016-11-11 08:38:53',No Procedente,,
161111-355354,,Incidente importado desde SAC,,Emisión Masivos,Usuario Importador,Telemarketing,,Consulta,Solucionado,,,,,HOM1 - SEGURO DEL HOGAR,860417,,4231026,Baja de póliza,,,,'2016-11-11 08:38:53','2016-11-11 08:38:53','2016-11-11 08:38:53',Atendido,,
161111-355355,,Incidente importado desde SAC,,Mailing,Usuario Importador,Telemarketing,,Reclamo,Solucionado,,,,,AUS1 - AUTOMOTORES,860418,,3097227,Cupón de pago,,,,'2016-11-11 08:38:53','2016-11-11 08:38:53','2016-11-11 08:38:53',Resuelto,,
161111-355336,,Incidente importado desde SAC,,Cac,Usuario Importador,Telemarketing,,Consulta,Solucionado,,,,,AUS1 - AUTOMOTORES,860399,,1283615,Facturación,,,,'2016-11-11 08:38:52','2016-11-11 08:38:52','2016-11-11 08:38:52',Atendido,,
161111-355341,,Incidente importado desde SAC,,Gerencia Clientes,Usuario Importador,Entes Reguladores,,Accion Proactiva,Solucionado,,,,,AUS1 - AUTOMOTORES,860404,,2539856,Uso Interno SAA - Acción Proactiva,,,,'2016-11-11 08:38:52','2016-11-11 08:38:52','2016-11-11 08:38:52',Resuelto,,
161111-355342,,Incidente importado desde SAC,,Cac,Usuario Importador,Carta Documento,,Consulta,Solucionado,,,,,AUS1 - AUTOMOTORES,860405,,4195700,Certificado de cobertura,,,,'2016-11-11 08:38:52','2016-11-11 08:38:52','2016-11-11 08:38:52',Atendido,,
161111-355345,,Incidente importado desde SAC,,Cac,Usuario Importador,Telemarketing,,Consulta,Solucionado,,,,,AUS1 - AUTOMOTORES,860408,,6110185,Facturación,,,,'2016-11-11 08:38:52','2016-11-11 08:38:52','2016-11-11 08:38:52',Atendido,,
161111-355330,,Incidente importado desde SAC,,Cac,Usuario Importador,Carta Documento,,Consulta,Solucionado,,,,,AUI1 - AUTOMOTORES INSTITUCIONES,860393,,6510635,Certificado de cobertura,,,,'2016-11-11 08:38:51','2016-11-11 08:38:51','2016-11-11 08:38:51',Atendido,,
161111-355315,,Incidente importado desde SAC,,Emisión Masivos,Usuario Importador,Telemarketing,,Consulta,Solucionado,,,,,AUS1 - AUTOMOTORES,860378,,4765214,Baja de póliza,,,,'2016-11-11 08:38:50','2016-11-11 08:38:50','2016-11-11 08:38:50',Atendido,,
161111-355317,,Incidente importado desde SAC,,Gerencia Clientes,Usuario Importador,Telemarketing,,Reclamo,Solucionado,,,,,ATD1 - ROBO/USUAR.T.DEB-CRE,860380,,3600350,Venta con anomalías,,,,'2016-11-11 08:38:50','2016-11-11 08:38:50','2016-11-11 08:38:50',Resuelto,,
161111-355319,,Incidente importado desde SAC,,Cac,Usuario Importador,Telemarketing,,Consulta,Solucionado,,,,,AUI1 - AUTOMOTORES INSTITUCIONES,860382,,5459918,Facturación,,,,'2016-11-11 08:38:50','2016-11-11 08:38:50','2016-11-11 08:38:50',Atendido,,
161111-355304,,Incidente importado desde SAC,,Gerencia Clientes,Usuario Importador,Telemarketing,,Reclamo,Solucionado,,,,,AUS1 - AUTOMOTORES,860367,,3463772,Venta con anomalías,,,,'2016-11-11 08:38:49','2016-11-11 08:38:49','2016-11-11 08:38:49',No Procedente,,
161111-355308,,Incidente importado desde SAC,,Cac,Usuario Importador,Telemarketing,,Consulta,Solucionado,,,,,AUS1 - AUTOMOTORES,860371,,3938306,Cupón de pago,,,,'2016-11-11 08:38:49','2016-11-11 08:38:49','2016-11-11 08:38:49',Atendido,,
161111-355286,,Incidente importado desde SAC,,Cac,Usuario Importador,Telemarketing,,Consulta,Solucionado,,,,,HOM1 - SEGURO DEL HOGAR,860349,,4543918,Facturación,,,,'2016-11-11 08:38:48','2016-11-11 08:38:48','2016-11-11 08:38:48',Atendido,,
161111-355289,,Incidente importado desde SAC,,Emisión Masivos,Usuario Importador,Canal productor,,Consulta,Solucionado,,,,,AUS1 - AUTOMOTORES,860352,,2967920,Baja de póliza,,,,'2016-11-11 08:38:48','2016-11-11 08:38:48','2016-11-11 08:38:48',Atendido,,
161111-355297,,Incidente importado desde SAC,,Daños Materiales Autos,Usuario Importador,Carta,,Consulta,Solucionado,,,,,AUT1 - AUTOMOTORES,860360,,1416204,Siniestro Jet,,,,'2016-11-11 08:38:48','2016-11-11 08:38:48','2016-11-11 08:38:48',Resuelto,,
161111-355270,,Incidente importado desde SAC,,Cac,Usuario Importador,Telemarketing,,Consulta,Solucionado,,,,,AUS1 - AUTOMOTORES,860333,,7396895,Facturación,,,,'2016-11-11 08:38:47','2016-11-11 08:38:47','2016-11-11 08:38:47',Atendido,,
161111-355280,,Incidente importado desde SAC,,Emisión Masivos,Usuario Importador,Carta Documento,,Consulta,Solucionado,,,,,AUS1 - AUTOMOTORES,860343,,3583420,Baja de póliza,,,,'2016-11-11 08:38:47','2016-11-11 08:38:47','2016-11-11 08:38:47',Atendido,,
161111-355283,,Incidente importado desde SAC,,Cac,Usuario Importador,Telemarketing,,Consulta,Solucionado,,,,,AUS1 - AUTOMOTORES,860346,,614492,Facturación,,,,'2016-11-11 08:38:47','2016-11-11 08:38:47','2016-11-11 08:38:47',Atendido,,
161111-355260,,Incidente importado desde SAC,,Mailing,Usuario Importador,Telemarketing,,Reclamo,Solucionado,,,,,AUS1 - AUTOMOTORES,860323,,1323370,Cupón de pago,,,,'2016-11-11 08:38:46','2016-11-11 08:38:46','2016-11-11 08:38:46',Resuelto,,
161111-355261,,Incidente importado desde SAC,,Cac,Usuario Importador,Carta Documento,,Consulta,Solucionado,,,,,AUS1 - AUTOMOTORES,860324,,413667,Facturación,,,,'2016-11-11 08:38:46','2016-11-11 08:38:46','2016-11-11 08:38:46',Atendido,,
161111-355264,,Incidente importado desde SAC,,Emisión Masivos,Usuario Importador,Telemarketing,,Consulta,Solucionado,,,,,AUS1 - AUTOMOTORES,860327,,1121640,Baja de póliza,,,,'2016-11-11 08:38:46','2016-11-11 08:38:46','2016-11-11 08:38:46',Atendido,,
161111-355266,,Incidente importado desde SAC,,Fleet Services,Usuario Importador,Telemarketing,,Consulta,Solucionado,,,,,APL1 - AUTOMOTORES PLANES,860329,,5576622,Contacto del tercero,,,,'2016-11-11 08:38:46','2016-11-11 08:38:46','2016-11-11 08:38:46',Atendido,,
161111-355268,,Incidente importado desde SAC,,Cac,Usuario Importador,Telemarketing,,Consulta,Solucionado,,,,,AUS1 - AUTOMOTORES,860331,,7046099,Condiciones de póliza,,,,'2016-11-11 08:38:46','2016-11-11 08:38:46','2016-11-11 08:38:46',Atendido,,
161111-355241,,Incidente importado desde SAC,,Cac,Usuario Importador,Telemarketing,,Consulta,Solucionado,,,,,AUS1 - AUTOMOTORES,860303,,3274593,Post - Denuncia,,,,'2016-11-11 08:38:45','2016-11-11 08:38:45','2016-11-11 08:38:45',Atendido,,
161111-355243,,Incidente importado desde SAC,,Cac,Usuario Importador,Telemarketing,,Consulta,Solucionado,,,,,APR1 - AUTOMOTORES,860305,,2126186,Post - Denuncia,,,,'2016-11-11 08:38:45','2016-11-11 08:38:45','2016-11-11 08:38:45',Atendido,,
161111-355244,,Incidente importado desde SAC,,Fleet Services,Usuario Importador,Telemarketing,,Consulta,Solucionado,,,,,AUA1 - AUTOMOTORES CARTERA GENERAL,860306,,4833054,Contacto del tercero,,,,'2016-11-11 08:38:45','2016-11-11 08:38:45','2016-11-11 08:38:45',Atendido,,
161111-355246,,Incidente importado desde SAC,,Cac,Usuario Importador,Telemarketing,,Consulta,Solucionado,,,,,AUS1 - AUTOMOTORES,860308,,5211694,Bonificación,,,,'2016-11-11 08:38:45','2016-11-11 08:38:45','2016-11-11 08:38:45',Atendido,,
161111-355247,,Incidente importado desde SAC,,Cac,Usuario Importador,Carta Documento,,Consulta,Solucionado,,,,,HOM1 - SEGURO DEL HOGAR,860309,,3440716,Condiciones de póliza,,,,'2016-11-11 08:38:45','2016-11-11 08:38:45','2016-11-11 08:38:45',Atendido,,
161111-355251,,Incidente importado desde SAC,,Cac,Usuario Importador,Telemarketing,,Consulta,Solucionado,,,,,AUS1 - AUTOMOTORES,860313,,3273845,Facturación,,,,'2016-11-11 08:38:45','2016-11-11 08:38:45','2016-11-11 08:38:45',Atendido,,
161111-355226,,Incidente importado desde SAC,,Cac,Usuario Importador,Telemarketing,,Consulta,Solucionado,,,,,AUS1 - AUTOMOTORES,860289,,192790,Facturación,,,,'2016-11-11 08:38:44','2016-11-11 08:38:44','2016-11-11 08:38:44',Atendido,,
161111-355233,,Incidente importado desde SAC,,Cac,Usuario Importador,Telemarketing,,Consulta,Solucionado,,,,,AUS1 - AUTOMOTORES,860295,,6998058,Facturación,,,,'2016-11-11 08:38:44','2016-11-11 08:38:44','2016-11-11 08:38:44',Atendido,,
161111-355235,,Incidente importado desde SAC,,Cac,Usuario Importador,Canal productor,,Consulta,Solucionado,,,,,CON1 - INTEGRAL CONSORCIO,860297,,3499611,Denuncia Riesgos Varios,,,,'2016-11-11 08:38:44','2016-11-11 08:38:44','2016-11-11 08:38:44',Atendido,,
161111-355223,,Incidente importado desde SAC,,Cac,Usuario Importador,Telemarketing,,Consulta,Solucionado,,,,,CON1 - INTEGRAL CONSORCIO,860286,,3499611,Denuncia Riesgos Varios,,,,'2016-11-11 08:38:43','2016-11-11 08:38:43','2016-11-11 08:38:43',Atendido,,
161111-355219,,Incidente importado desde SAC,,Cac,Usuario Importador,Telemarketing,,Consulta,Solucionado,,,,,AUS1 - AUTOMOTORES,860282,,1900889,Facturación,,,,'2016-11-11 08:38:42','2016-11-11 08:38:42','2016-11-11 08:38:42',Atendido,,
161111-355208,,Incidente importado desde SAC,,Cac,Usuario Importador,Telemarketing,,Consulta,Solucionado,,,,,AUS1 - AUTOMOTORES,860272,,2710608,Post - Denuncia,,,,'2016-11-11 08:38:40','2016-11-11 08:38:40','2016-11-11 08:38:40',Atendido,,
161111-355198,,Incidente importado desde SAC,,Prestadores,Usuario Importador,Telemarketing,,Reclamo,Solucionado,,,,,APR1 - AUTOMOTORES,860262,,3613157,Reintegro SOS,,,,'2016-11-11 08:38:39','2016-11-11 08:38:39','2016-11-11 08:38:39',No Procedente,,
161111-355199,,Incidente importado desde SAC,,Daños Materiales Autos,Usuario Importador,Carta,,Consulta,Solucionado,,,,,AUT1 - AUTOMOTORES,860263,,1288670,Siniestro Jet,,,,'2016-11-11 08:38:39','2016-11-11 08:38:39','2016-11-11 08:38:39',Resuelto,,
161111-355204,,Incidente importado desde SAC,,Cac,Usuario Importador,Telemarketing,,Consulta,Solucionado,,,,,AUS1 - AUTOMOTORES,860268,,5448972,Denuncia Robos,,,,'2016-11-11 08:38:39','2016-11-11 08:38:39','2016-11-11 08:38:39',Atendido,,
161111-355186,,Incidente importado desde SAC,,Cac,Usuario Importador,Telemarketing,,Consulta,Solucionado,,,,,AUS1 - AUTOMOTORES,860250,,4624889,Bonificación,,,,'2016-11-11 08:38:38','2016-11-11 08:38:38','2016-11-11 08:38:38',Atendido,,
161111-355188,,Incidente importado desde SAC,,Cac,Usuario Importador,Telemarketing,,Reclamo,Solucionado,,,,,HOM1 - SEGURO DEL HOGAR,860252,,3977376,Cambio de titularidad,,,,'2016-11-11 08:38:38','2016-11-11 08:38:38','2016-11-11 08:38:38',No Procedente,,
161111-355193,,Incidente importado desde SAC,,Cac,Usuario Importador,Telemarketing,,Consulta,Solucionado,,,,,HOM1 - SEGURO DEL HOGAR,860257,,2594044,Facturación,,,,'2016-11-11 08:38:38','2016-11-11 08:38:38','2016-11-11 08:38:38',Atendido,,
161111-355167,,Incidente importado desde SAC,,Suscripción AutoScoring,Usuario Importador,Telemarketing,,Disconformidad,Solucionado,,,,,AUS1 - AUTOMOTORES,860231,,359787,,,,,'2016-11-11 08:38:37','2016-11-11 08:38:37','2016-11-11 08:38:37',Atendido,,
161111-355172,,Incidente importado desde SAC,,Emisión Cartera Gral.,Usuario Importador,Telemarketing,,Consulta,Solucionado,,,,,ICO1 - INTEGR.COMERCIO,860236,,3411573,Baja de póliza,,,,'2016-11-11 08:38:37','2016-11-11 08:38:37','2016-11-11 08:38:37',Atendido,,
161111-355176,,Incidente importado desde SAC,,Cac,Usuario Importador,Telemarketing,,Consulta,Solucionado,,,,,AUS1 - AUTOMOTORES,860240,,3237955,Condiciones de póliza,,,,'2016-11-11 08:38:37','2016-11-11 08:38:37','2016-11-11 08:38:37',Atendido,,
161111-355177,,Incidente importado desde SAC,,Cac,Usuario Importador,Telemarketing,,Consulta,Solucionado,,,,,AUS1 - AUTOMOTORES,860241,,4847869,Post - Denuncia,,,,'2016-11-11 08:38:37','2016-11-11 08:38:37','2016-11-11 08:38:37',Atendido,,
161111-355148,,Incidente importado desde SAC,,Cac,Usuario Importador,Telemarketing,,Consulta,Solucionado,,,,,AUS1 - AUTOMOTORES,860212,,1377124,Post - Denuncia,,,,'2016-11-11 08:38:36','2016-11-11 08:38:36','2016-11-11 08:38:36',Atendido,,
161111-355149,,Incidente importado desde SAC,,Cac,Usuario Importador,Telemarketing,,Consulta,Solucionado,,,,,AUI1 - AUTOMOTORES INSTITUCIONES,860213,,3520193,Condiciones de póliza,,,,'2016-11-11 08:38:36','2016-11-11 08:38:36','2016-11-11 08:38:36',Atendido,,
161111-355152,,Incidente importado desde SAC,,Cac,Usuario Importador,Telemarketing,,Consulta,Solucionado,,,,,AUS1 - AUTOMOTORES,860216,,1369099,Bonificación,,,,'2016-11-11 08:38:36','2016-11-11 08:38:36','2016-11-11 08:38:36',Atendido,,
161111-355157,,Incidente importado desde SAC,,Emisión Masivos,Usuario Importador,Telemarketing,,Consulta,Solucionado,,,,,HOM1 - SEGURO DEL HOGAR,860221,,2313247,Baja de póliza,,,,'2016-11-11 08:38:36','2016-11-11 08:38:36','2016-11-11 08:38:36',Atendido,,
161111-355160,,Incidente importado desde SAC,,Gerencia Clientes,Usuario Importador,Telemarketing,,Reclamo,Solucionado,,,,,AUS1 - AUTOMOTORES,860224,,4506101,Venta con anomalías,,,,'2016-11-11 08:38:36','2016-11-11 08:38:36','2016-11-11 08:38:36',No Procedente,,
161111-355165,,Incidente importado desde SAC,,Mailing,Usuario Importador,Telemarketing,,Reclamo,Solucionado,,,,,AUS1 - AUTOMOTORES,860229,,5243325,Cupón de pago,,,,'2016-11-11 08:38:36','2016-11-11 08:38:36','2016-11-11 08:38:36',Resuelto,,
161111-355138,,Incidente importado desde SAC,,Cac,Usuario Importador,Telemarketing,,Consulta,Solucionado,,,,,HOM1 - SEGURO DEL HOGAR,860202,,2286534,Condiciones de póliza,,,,'2016-11-11 08:38:35','2016-11-11 08:38:35','2016-11-11 08:38:35',Atendido,,
161111-355141,,Incidente importado desde SAC,,Oficina Cordoba,Usuario Importador,Telemarketing,,Reclamo,Solucionado,,,,,HOM1 - SEGURO DEL HOGAR,860205,,5357185,Riesgos Varios Cordoba,,,,'2016-11-11 08:38:35','2016-11-11 08:38:35','2016-11-11 08:38:35',Resuelto,,
161111-355142,,Incidente importado desde SAC,,Cac,Usuario Importador,Telemarketing,,Consulta,Solucionado,,,,,APR1 - AUTOMOTORES,860206,,3303381,Denuncia daños materiales,,,,'2016-11-11 08:38:35','2016-11-11 08:38:35','2016-11-11 08:38:35',Atendido,,
161111-355144,,Incidente importado desde SAC,,Robo / Destruccion Total,Usuario Importador,Carta,,Consulta,Solucionado,,,,,AUT1 - AUTOMOTORES,860208,,2025682,Siniestro Jet,,,,'2016-11-11 08:38:35','2016-11-11 08:38:35','2016-11-11 08:38:35',Resuelto,,
161111-355145,,Incidente importado desde SAC,,Cac,Usuario Importador,Telemarketing,,Consulta,Solucionado,,,,,AUS1 - AUTOMOTORES,860209,,5424663,Post - Denuncia,,,,'2016-11-11 08:38:35','2016-11-11 08:38:35','2016-11-11 08:38:35',Atendido,,
161111-355129,,Incidente importado desde SAC,,Drive in Ciudadela,Usuario Importador,Telemarketing,,Consulta,Solucionado,,,,,AUI1 - AUTOMOTORES INSTITUCIONES,860193,,2187709,Siniestro Jet (Cobertura),,,,'2016-11-11 08:38:34','2016-11-11 08:38:34','2016-11-11 08:38:34',Resuelto,,
161111-355130,,Incidente importado desde SAC,,Fleet Services,Usuario Importador,Telemarketing,,Consulta,Solucionado,,,,,AUS1 - AUTOMOTORES,860194,,1431296,Contacto del tercero,,,,'2016-11-11 08:38:34','2016-11-11 08:38:34','2016-11-11 08:38:34',Atendido,,
161111-355132,,Incidente importado desde SAC,,Emisión Masivos,Usuario Importador,Telemarketing,,Consulta,Solucionado,,,,,AUS1 - AUTOMOTORES,860196,,5557373,Baja de póliza,,,,'2016-11-11 08:38:34','2016-11-11 08:38:34','2016-11-11 08:38:34',Atendido,,
161111-355133,,Incidente importado desde SAC,,Cac,Usuario Importador,Telemarketing,,Consulta,Solucionado,,,,,AUS1 - AUTOMOTORES,860197,,6532242,Facturación,,,,'2016-11-11 08:38:34','2016-11-11 08:38:34','2016-11-11 08:38:34',Atendido,,
161111-355135,,Incidente importado desde SAC,,Suscripción AutoScoring,Usuario Importador,Telemarketing,,Disconformidad,Solucionado,,,,,APL1 - AUTOMOTORES PLANES,860199,,4838948,Aumento de precio,,,,'2016-11-11 08:38:34','2016-11-11 08:38:34','2016-11-11 08:38:34',Atendido,,
161111-355115,,Incidente importado desde SAC,,Cac,Usuario Importador,Carta Documento,,Consulta,Solucionado,,,,,APR1 - AUTOMOTORES,860179,,406175,Certificado de cobertura,,,,'2016-11-11 08:38:33','2016-11-11 08:38:33','2016-11-11 08:38:33',Atendido,,
161111-355116,,Incidente importado desde SAC,,Fleet Services,Usuario Importador,Telemarketing,,Consulta,Solucionado,,,,,AUS1 - AUTOMOTORES,860180,,4828788,Contacto del tercero,,,,'2016-11-11 08:38:33','2016-11-11 08:38:33','2016-11-11 08:38:33',Atendido,,
161111-355117,,Incidente importado desde SAC,,Emisión Masivos,Usuario Importador,Telemarketing,,Consulta,Solucionado,,,,,HOM1 - SEGURO DEL HOGAR,860181,,1303467,Baja de póliza,,,,'2016-11-11 08:38:33','2016-11-11 08:38:33','2016-11-11 08:38:33',Atendido,,
161111-355118,,Incidente importado desde SAC,,Cobranzas Automático,Usuario Importador,Telemarketing,,Reclamo,Solucionado,,,,,HOM1 - SEGURO DEL HOGAR,860182,,7746780,Facturación,,,,'2016-11-11 08:38:33','2016-11-11 08:38:33','2016-11-11 08:38:33',Resuelto,,
161111-355120,,Incidente importado desde SAC,,Mailing,Usuario Importador,Telemarketing,,Reclamo,Solucionado,,,,,AUS1 - AUTOMOTORES,860184,,3247048,Certificado de cobertura,,,,'2016-11-11 08:38:33','2016-11-11 08:38:33','2016-11-11 08:38:33',Resuelto,,
161111-355101,,Incidente importado desde SAC,,Cac,Usuario Importador,Telemarketing,,Consulta,Solucionado,,,,,AUS1 - AUTOMOTORES,860165,,2828144,Bonificación,,,,'2016-11-11 08:38:32','2016-11-11 08:38:32','2016-11-11 08:38:32',Atendido,,
161111-355103,,Incidente importado desde SAC,,Emisión Cartera Gral.,Usuario Importador,Telemarketing,,Consulta,Solucionado,,,,,AUT1 - AUTOMOTORES,860167,,2102104,,,,,'2016-11-11 08:38:32','2016-11-11 08:38:32','2016-11-11 08:38:32',Atendido,,
161111-355106,,Incidente importado desde SAC,,Gerencia Clientes,Usuario Importador,Telemarketing,,Reclamo,Solucionado,,,,,ATD1 - ROBO/USUAR.T.DEB-CRE,860170,,3444175,Venta con anomalías,,,,'2016-11-11 08:38:32','2016-11-11 08:38:32','2016-11-11 08:38:32',Resuelto,,
161111-355107,,Incidente importado desde SAC,,Cac,Usuario Importador,Telemarketing,,Consulta,Solucionado,,,,,AUT1 - AUTOMOTORES,860171,,5068988,Facturación,,,,'2016-11-11 08:38:32','2016-11-11 08:38:32','2016-11-11 08:38:32',Atendido,,
161111-355108,,Incidente importado desde SAC,,Cac,Usuario Importador,Carta Documento,,Consulta,Solucionado,,,,,HOM1 - SEGURO DEL HOGAR,860172,,1764771,Post - Denuncia,,,,'2016-11-11 08:38:32','2016-11-11 08:38:32','2016-11-11 08:38:32',Atendido,,
161111-355086,,Incidente importado desde SAC,,Cac,Usuario Importador,Telemarketing,,Consulta,Solucionado,,,,,APR1 - AUTOMOTORES,860150,,2904144,Post - Denuncia,,,,'2016-11-11 08:38:31','2016-11-11 08:38:31','2016-11-11 08:38:31',Atendido,,
161111-355090,,Incidente importado desde SAC,,Cac,Usuario Importador,Telemarketing,,Consulta,Solucionado,,,,,APR1 - AUTOMOTORES,860154,,4108729,Denuncia daños materiales,,,,'2016-11-11 08:38:31','2016-11-11 08:38:31','2016-11-11 08:38:31',Atendido,,
161111-355093,,Incidente importado desde SAC,,Cac,Usuario Importador,Llamada entrante,,Consulta,Solucionado,,,,,APL1 - AUTOMOTORES PLANES,860157,,3902718,Certificado de cobertura,,,,'2016-11-11 08:38:31','2016-11-11 08:38:31','2016-11-11 08:38:31',Atendido,,
161111-355077,,Incidente importado desde SAC,,Mailing,Usuario Importador,Telemarketing,,Reclamo,Solucionado,,,,,AUS1 - AUTOMOTORES,860141,,2907679,Cupón de pago,,,,'2016-11-11 08:38:29','2016-11-11 08:38:29','2016-11-11 08:38:29',Resuelto,,
161111-355071,,Incidente importado desde SAC,,Cac,Usuario Importador,Telemarketing,,Consulta,Solucionado,,,,,HOM1 - SEGURO DEL HOGAR,860135,,931479,Facturación,,,,'2016-11-11 08:38:27','2016-11-11 08:38:27','2016-11-11 08:38:27',Atendido,,
161111-355059,,Incidente importado desde SAC,,Mailing,Usuario Importador,Telemarketing,,Reclamo,Solucionado,,,,,AUS1 - AUTOMOTORES,860123,,784889,Cupón de pago,,,,'2016-11-11 08:38:26','2016-11-11 08:38:26','2016-11-11 08:38:26',Resuelto,,
161111-355062,,Incidente importado desde SAC,,Cac,Usuario Importador,Carta Documento,,Consulta,Solucionado,,,,,APL1 - AUTOMOTORES PLANES,860126,,3472317,Certificado de cobertura,,,,'2016-11-11 08:38:26','2016-11-11 08:38:26','2016-11-11 08:38:26',Atendido,,
161111-355063,,Incidente importado desde SAC,,Emisión Masivos,Usuario Importador,Carta Documento,,Consulta,Solucionado,,,,,AUS1 - AUTOMOTORES,860127,,7848553,Baja de póliza,,,,'2016-11-11 08:38:26','2016-11-11 08:38:26','2016-11-11 08:38:26',Atendido,,
161111-355068,,Incidente importado desde SAC,,Cac,Usuario Importador,Telemarketing,,Consulta,Solucionado,,,,,AUS1 - AUTOMOTORES,860132,,7739055,Certificado de cobertura,,,,'2016-11-11 08:38:26','2016-11-11 08:38:26','2016-11-11 08:38:26',Atendido,,
161111-355070,,Incidente importado desde SAC,,Oficina Rosario,Usuario Importador,Telemarketing,,Reclamo,Solucionado,,,,,HOM1 - SEGURO DEL HOGAR,860134,,3368899,Riesgos Varios Rosario,,,,'2016-11-11 08:38:26','2016-11-11 08:38:26','2016-11-11 08:38:26',Resuelto,,
161111-355042,,Incidente importado desde SAC,,Cac,Usuario Importador,Telemarketing,,Consulta,Solucionado,,,,,APR1 - AUTOMOTORES,860106,,5298714,Modificaciones datos del producto,,,,'2016-11-11 08:38:25','2016-11-11 08:38:25','2016-11-11 08:38:25',Atendido,,
161111-355043,,Incidente importado desde SAC,,Cac,Usuario Importador,Carta Documento,,Consulta,Solucionado,,,,,APR1 - AUTOMOTORES,860107,,3236652,Certificado de cobertura,,,,'2016-11-11 08:38:25','2016-11-11 08:38:25','2016-11-11 08:38:25',Atendido,,
161111-355044,,Incidente importado desde SAC,,Cleas,Usuario Importador,Carta,,Consulta,Solucionado,,,,,AUT1 - AUTOMOTORES,860108,,1322999,Siniestro Jet,,,,'2016-11-11 08:38:25','2016-11-11 08:38:25','2016-11-11 08:38:25',Resuelto,,
161111-355049,,Incidente importado desde SAC,,Gerencia Clientes,Usuario Importador,Telemarketing,,Disconformidad,Solucionado,,,,,AUS1 - AUTOMOTORES,860113,,2231245,Baja de póliza,,,,'2016-11-11 08:38:25','2016-11-11 08:38:25','2016-11-11 08:38:25',Resuelto,,
161111-355050,,Incidente importado desde SAC,,Cac,Usuario Importador,Telemarketing,,Consulta,Solucionado,,,,,AUS1 - AUTOMOTORES,860114,,5637783,Post - Denuncia,,,,'2016-11-11 08:38:25','2016-11-11 08:38:25','2016-11-11 08:38:25',Atendido,,
161111-355052,,Incidente importado desde SAC,,Fleet Services,Usuario Importador,Telemarketing,,Consulta,Solucionado,,,,,AUS1 - AUTOMOTORES,860116,,3006457,Contacto del tercero,,,,'2016-11-11 08:38:25','2016-11-11 08:38:25','2016-11-11 08:38:25',Atendido,,
161111-355031,,Incidente importado desde SAC,,Gerencia Clientes,Usuario Importador,Carta Documento,,Accion Proactiva,Solucionado,,,,,EGE1 - EXT.GARANTIA ELECTRO,860095,,3367268,Uso Interno Clientes Varios - Acción Proactiva,,,,'2016-11-11 08:38:24','2016-11-11 08:38:24','2016-11-11 08:38:24',Resuelto,,
161111-355032,,Incidente importado desde SAC,,Cac,Usuario Importador,Telemarketing,,Consulta,Solucionado,,,,,AUS1 - AUTOMOTORES,860096,,1357538,Facturación,,,,'2016-11-11 08:38:24','2016-11-11 08:38:24','2016-11-11 08:38:24',Atendido,,
161111-355033,,Incidente importado desde SAC,,Emisión Masivos,Usuario Importador,Carta Documento,,Consulta,Solucionado,,,,,RCP1 - R.C.PATRONAL,860097,,2624293,,,,,'2016-11-11 08:38:24','2016-11-11 08:38:24','2016-11-11 08:38:24',Atendido,,
161111-355038,,Incidente importado desde SAC,,Cac,Usuario Importador,Carta Documento,,Consulta,Solucionado,,,,,AUI1 - AUTOMOTORES INSTITUCIONES,860102,,545381,Certificado de cobertura,,,,'2016-11-11 08:38:24','2016-11-11 08:38:24','2016-11-11 08:38:24',Atendido,,
161111-355039,,Incidente importado desde SAC,,Emisión Masivos,Usuario Importador,Telemarketing,,Consulta,Solucionado,,,,,HOM1 - SEGURO DEL HOGAR,860103,,4148942,Baja de póliza,,,,'2016-11-11 08:38:24','2016-11-11 08:38:24','2016-11-11 08:38:24',Atendido,,
161111-355022,,Incidente importado desde SAC,,Cac,Usuario Importador,Telemarketing,,Consulta,Solucionado,,,,,AUS1 - AUTOMOTORES,860086,,3476266,Post - Denuncia,,,,'2016-11-11 08:38:23','2016-11-11 08:38:23','2016-11-11 08:38:23',Atendido,,
161111-355028,,Incidente importado desde SAC,,Cac,Usuario Importador,Carta Documento,,Consulta,Solucionado,,,,,AUS1 - AUTOMOTORES,860092,,151940,Facturación,,,,'2016-11-11 08:38:23','2016-11-11 08:38:23','2016-11-11 08:38:23',Atendido,,
161111-355013,,Incidente importado desde SAC,,Emisión Masivos,Usuario Importador,Telemarketing,,Consulta,Solucionado,,,,,AUS1 - AUTOMOTORES,860077,,2075466,Baja de póliza,,,,'2016-11-11 08:38:22','2016-11-11 08:38:22','2016-11-11 08:38:22',Atendido,,
161111-354998,,Incidente importado desde SAC,,Emisión Masivos,Usuario Importador,Telemarketing,,Consulta,Solucionado,,,,,AUS1 - AUTOMOTORES,860062,,4100318,Baja de póliza,,,,'2016-11-11 08:38:21','2016-11-11 08:38:21','2016-11-11 08:38:21',Atendido,,
161111-355000,,Incidente importado desde SAC,,Cac,Usuario Importador,Telemarketing,,Consulta,Solucionado,,,,,HOM1 - SEGURO DEL HOGAR,860064,,839511,Modificación de canal de cobro por única vez,,,,'2016-11-11 08:38:21','2016-11-11 08:38:21','2016-11-11 08:38:21',Atendido,,
161111-355004,,Incidente importado desde SAC,,Cac,Usuario Importador,Carta Documento,,Consulta,Solucionado,,,,,AUT1 - AUTOMOTORES,860068,,7179707,Facturación,,,,'2016-11-11 08:38:21','2016-11-11 08:38:21','2016-11-11 08:38:21',Atendido,,
161111-355005,,Incidente importado desde SAC,,Emisión Masivos,Usuario Importador,Telemarketing,,Consulta,Solucionado,,,,,AUS1 - AUTOMOTORES,860069,,5531007,Baja de póliza,,,,'2016-11-11 08:38:21','2016-11-11 08:38:21','2016-11-11 08:38:21',Atendido,,
161111-355007,,Incidente importado desde SAC,,Cac,Usuario Importador,Telemarketing,,Consulta,Solucionado,,,,,AUS1 - AUTOMOTORES,860071,,279071,Facturación,,,,'2016-11-11 08:38:21','2016-11-11 08:38:21','2016-11-11 08:38:21',Atendido,,
161111-354981,,Incidente importado desde SAC,,Prestadores,Usuario Importador,Carta Documento,,Accion Proactiva,Solucionado,,,,,AUS1 - AUTOMOTORES,860045,,7494195,Reintegro Prestadores - Acción Proactiva,,,,'2016-11-11 08:38:19','2016-11-11 08:38:19','2016-11-11 08:38:19',Resuelto,,
161111-354983,,Incidente importado desde SAC,,Cac,Usuario Importador,Carta Documento,,Consulta,Solucionado,,,,,AUI1 - AUTOMOTORES INSTITUCIONES,860047,,3485052,Condiciones de póliza,,,,'2016-11-11 08:38:19','2016-11-11 08:38:19','2016-11-11 08:38:19',Atendido,,
161111-354984,,Incidente importado desde SAC,,Daños Materiales Autos,Usuario Importador,Carta,,Consulta,Solucionado,,,,,AUT1 - AUTOMOTORES,860048,,1426164,Siniestro Jet,,,,'2016-11-11 08:38:19','2016-11-11 08:38:19','2016-11-11 08:38:19',Resuelto,,
161111-354985,,Incidente importado desde SAC,,Cac,Usuario Importador,Telemarketing,,Consulta,Solucionado,,,,,HOM1 - SEGURO DEL HOGAR,860049,,1048098,Facturación,,,,'2016-11-11 08:38:19','2016-11-11 08:38:19','2016-11-11 08:38:19',Atendido,,
161111-354972,,Incidente importado desde SAC,,Cac,Usuario Importador,Telemarketing,,Consulta,Solucionado,,,,,APR1 - AUTOMOTORES,860036,,3876853,Modificaciones datos del producto,,,,'2016-11-11 08:38:17','2016-11-11 08:38:17','2016-11-11 08:38:17',Atendido,,
161111-354973,,Incidente importado desde SAC,,Cac,Usuario Importador,Telemarketing,,Consulta,Solucionado,,,,,HOM1 - SEGURO DEL HOGAR,860037,,5335674,Condiciones de póliza,,,,'2016-11-11 08:38:17','2016-11-11 08:38:17','2016-11-11 08:38:17',Atendido,,
161111-354968,,Incidente importado desde SAC,,Cac,Usuario Importador,Telemarketing,,Consulta,Solucionado,,,,,AUS1 - AUTOMOTORES,860032,,5542795,Baja de póliza,,,,'2016-11-11 08:38:16','2016-11-11 08:38:16','2016-11-11 08:38:16',Atendido,,
161111-354963,,Incidente importado desde SAC,,Emisión Masivos,Usuario Importador,Telemarketing,,Consulta,Solucionado,,,,,AUS1 - AUTOMOTORES,860027,,2707523,Baja de póliza,,,,'2016-11-11 08:38:15','2016-11-11 08:38:15','2016-11-11 08:38:15',Atendido,,
161111-354954,,Incidente importado desde SAC,,Fleet Services,Usuario Importador,Telemarketing,,Reclamo,Solucionado,,,,,AUT1 - AUTOMOTORES,860018,,3469244,Contacto del tercero,,,,'2016-11-11 08:38:13','2016-11-11 08:38:13','2016-11-11 08:38:13',Resuelto,,
161111-354956,,Incidente importado desde SAC,,Cac,Usuario Importador,Telemarketing,,Consulta,Solucionado,,,,,APR1 - AUTOMOTORES,860020,,6248632,Modificaciones datos del producto,,,,'2016-11-11 08:38:13','2016-11-11 08:38:13','2016-11-11 08:38:13',Atendido,,
161111-354945,,Incidente importado desde SAC,,Mailing,Usuario Importador,Telemarketing,,Disconformidad,Solucionado,,,,,HOM1 - SEGURO DEL HOGAR,860009,,4751252,Condiciones de póliza,,,,'2016-11-11 08:38:12','2016-11-11 08:38:12','2016-11-11 08:38:12',Resuelto,,
161111-354949,,Incidente importado desde SAC,,Emisión Masivos,Usuario Importador,Telemarketing,,Consulta,Solucionado,,,,,HOM1 - SEGURO DEL HOGAR,860013,,7214966,Baja de póliza,,,,'2016-11-11 08:38:12','2016-11-11 08:38:12','2016-11-11 08:38:12',Atendido,,
161111-354931,,Incidente importado desde SAC,,Cobranzas Efectivo,Usuario Importador,Telemarketing,,Reclamo,Solucionado,,,,,AUS1 - AUTOMOTORES,859995,,2612406,Cupón de pago,,,,'2016-11-11 08:38:11','2016-11-11 08:38:11','2016-11-11 08:38:11',Anulado,,
161111-354937,,Incidente importado desde SAC,,Cac,Usuario Importador,Telemarketing,,Consulta,Solucionado,,,,,APR1 - AUTOMOTORES,860001,,3439274,Facturación,,,,'2016-11-11 08:38:11','2016-11-11 08:38:11','2016-11-11 08:38:11',Atendido,,
161111-354938,,Incidente importado desde SAC,,Cac,Usuario Importador,Telemarketing,,Consulta,Solucionado,,,,,HOM1 - SEGURO DEL HOGAR,860002,,3674197,Facturación,,,,'2016-11-11 08:38:11','2016-11-11 08:38:11','2016-11-11 08:38:11',Atendido,,
161111-354925,,Incidente importado desde SAC,,Emisión Masivos,Usuario Importador,Telemarketing,,Reclamo,Solucionado,,,,,AUS1 - AUTOMOTORES,859989,,4062005,Facturación,,,,'2016-11-11 08:38:10','2016-11-11 08:38:10','2016-11-11 08:38:10',Resuelto,,
161111-354928,,Incidente importado desde SAC,,Mailing,Usuario Importador,Telemarketing,,Reclamo,Solucionado,,,,,AUS1 - AUTOMOTORES,859992,,4593847,Certificado de cobertura,,,,'2016-11-11 08:38:10','2016-11-11 08:38:10','2016-11-11 08:38:10',Resuelto,,
161111-354930,,Incidente importado desde SAC,,Cac,Usuario Importador,Telemarketing,,Consulta,Solucionado,,,,,AUS1 - AUTOMOTORES,859994,,4015819,Post - Denuncia,,,,'2016-11-11 08:38:10','2016-11-11 08:38:10','2016-11-11 08:38:10',Atendido,,
161111-354914,,Incidente importado desde SAC,,Cac,Usuario Importador,Telemarketing,,Consulta,Solucionado,,,,,APL1 - AUTOMOTORES PLANES,859978,,5634881,Modificaciones datos del producto,,,,'2016-11-11 08:38:09','2016-11-11 08:38:09','2016-11-11 08:38:09',Atendido,,
161111-354915,,Incidente importado desde SAC,,Cac,Usuario Importador,Telemarketing,,Consulta,Solucionado,,,,,AUS1 - AUTOMOTORES,859979,,1965707,Reducción de cobertura,,,,'2016-11-11 08:38:09','2016-11-11 08:38:09','2016-11-11 08:38:09',Atendido,,
161111-354917,,Incidente importado desde SAC,,Cac,Usuario Importador,Telemarketing,,Consulta,Solucionado,,,,,APR1 - AUTOMOTORES,859981,,7591486,Post - Denuncia,,,,'2016-11-11 08:38:09','2016-11-11 08:38:09','2016-11-11 08:38:09',Atendido,,
161111-354918,,Incidente importado desde SAC,,Cac,Usuario Importador,Telemarketing,,Consulta,Solucionado,,,,,HOM1 - SEGURO DEL HOGAR,859982,,5122335,Facturación,,,,'2016-11-11 08:38:09','2016-11-11 08:38:09','2016-11-11 08:38:09',Atendido,,
161111-354909,,Incidente importado desde SAC,,Cac,Usuario Importador,Telemarketing,,Consulta,Solucionado,,,,,AUS1 - AUTOMOTORES,859973,,912303,Facturación,,,,'2016-11-11 08:38:08','2016-11-11 08:38:08','2016-11-11 08:38:08',Atendido,,
161111-354911,,Incidente importado desde SAC,,Cac,Usuario Importador,Telemarketing,,Consulta,Solucionado,,,,,AUT1 - AUTOMOTORES,859975,,815302,Cartera general,,,,'2016-11-11 08:38:08','2016-11-11 08:38:08','2016-11-11 08:38:08',Atendido,,
161111-354912,,Incidente importado desde SAC,,Fleet Services,Usuario Importador,Telemarketing,,Consulta,Solucionado,,,,,AUS1 - AUTOMOTORES,859976,,2050368,Contacto del tercero,,,,'2016-11-11 08:38:08','2016-11-11 08:38:08','2016-11-11 08:38:08',Atendido,,
161111-354907,,Incidente importado desde SAC,,Cac,Usuario Importador,Telemarketing,,Consulta,Solucionado,,,,,AUS1 - AUTOMOTORES,859971,,1302510,Facturación,,,,'2016-11-11 08:38:07','2016-11-11 08:38:07','2016-11-11 08:38:07',Atendido,,
161111-354908,,Incidente importado desde SAC,,Prestadores,Usuario Importador,Carta Documento,,Reclamo,Solucionado,,,,,AUS1 - AUTOMOTORES,859972,,3448880,SOS,,,,'2016-11-11 08:38:07','2016-11-11 08:38:07','2016-11-11 08:38:07',Resuelto,,
161111-354894,,Incidente importado desde SAC,,Cac,Usuario Importador,Telemarketing,,Consulta,Solucionado,,,,,APR1 - AUTOMOTORES,859958,,5255358,Post - Denuncia,,,,'2016-11-11 08:38:06','2016-11-11 08:38:06','2016-11-11 08:38:06',Atendido,,
161111-354896,,Incidente importado desde SAC,,Cac,Usuario Importador,Telemarketing,,Consulta,Solucionado,,,,,APL1 - AUTOMOTORES PLANES,859960,,7806009,Modificaciones datos del producto,,,,'2016-11-11 08:38:06','2016-11-11 08:38:06','2016-11-11 08:38:06',Atendido,,
161111-354897,,Incidente importado desde SAC,,Cac,Usuario Importador,Telemarketing,,Consulta,Solucionado,,,,,AUS1 - AUTOMOTORES,859961,,5128384,Post - Denuncia,,,,'2016-11-11 08:38:06','2016-11-11 08:38:06','2016-11-11 08:38:06',Atendido,,
161111-354885,,Incidente importado desde SAC,,Cac,Usuario Importador,Telemarketing,,Consulta,Solucionado,,,,,APR1 - AUTOMOTORES,859949,,2374739,Post - Denuncia,,,,'2016-11-11 08:38:05','2016-11-11 08:38:05','2016-11-11 08:38:05',Atendido,,
161111-354888,,Incidente importado desde SAC,,Cac,Usuario Importador,Carta Documento,,Consulta,Solucionado,,,,,APL1 - AUTOMOTORES PLANES,859952,,2730718,Certificado de cobertura,,,,'2016-11-11 08:38:05','2016-11-11 08:38:05','2016-11-11 08:38:05',Atendido,,
161111-354889,,Incidente importado desde SAC,,Cac,Usuario Importador,Telemarketing,,Consulta,Solucionado,,,,,HOM1 - SEGURO DEL HOGAR,859953,,1296926,Facturación,,,,'2016-11-11 08:38:05','2016-11-11 08:38:05','2016-11-11 08:38:05',Atendido,,
161111-354873,,Incidente importado desde SAC,,Cac,Usuario Importador,Telemarketing,,Reclamo,Solucionado,,,,,AUS1 - AUTOMOTORES,859937,,3086942,Facturación,,,,'2016-11-11 08:38:04','2016-11-11 08:38:04','2016-11-11 08:38:04',Resuelto,,
161111-354875,,Incidente importado desde SAC,,Cac,Usuario Importador,Telemarketing,,Consulta,Solucionado,,,,,HOM1 - SEGURO DEL HOGAR,859939,,2930688,Post - Denuncia,,,,'2016-11-11 08:38:04','2016-11-11 08:38:04','2016-11-11 08:38:04',Atendido,,
161111-354862,,Incidente importado desde SAC,,Cac,Usuario Importador,Telemarketing,,Consulta,Solucionado,,,,,EGE1 - EXT.GARANTIA ELECTRO,859926,,3305638,Atenc. Serv. Tecn (Stro ext. de gtías),,,,'2016-11-11 08:38:02','2016-11-11 08:38:02','2016-11-11 08:38:02',Atendido,,
161111-354845,,Incidente importado desde SAC,,Cac,Usuario Importador,Telemarketing,,Consulta,Solucionado,,,,,APR1 - AUTOMOTORES,859909,,5814424,Facturación,,,,'2016-11-11 08:37:58','2016-11-11 08:37:58','2016-11-11 08:37:58',Atendido,,
161111-354834,,Incidente importado desde SAC,,Cac,Usuario Importador,Carta Documento,,Consulta,Solucionado,,,,,AUS1 - AUTOMOTORES,859898,,1317042,Certificado de cobertura,,,,'2016-11-11 08:37:57','2016-11-11 08:37:57','2016-11-11 08:37:57',Atendido,,
161111-354826,,Incidente importado desde SAC,,Cac,Usuario Importador,Telemarketing,,Consulta,Solucionado,,,,,AUS1 - AUTOMOTORES,859890,,1277696,Facturación,,,,'2016-11-11 08:37:56','2016-11-11 08:37:56','2016-11-11 08:37:56',Atendido,,
161111-354828,,Incidente importado desde SAC,,Gerencia Clientes,Usuario Importador,Telemarketing,,Reclamo,Solucionado,,,,,AUS1 - AUTOMOTORES,859892,,3410972,Venta con anomalías,,,,'2016-11-11 08:37:56','2016-11-11 08:37:56','2016-11-11 08:37:56',No Procedente,,
161111-354833,,Incidente importado desde SAC,,Oficina Mendoza,Usuario Importador,Carta,,Consulta,Solucionado,,,,,ICO1 - INTEGR.COMERCIO,859897,,1421109,Siniestro Jet,,,,'2016-11-11 08:37:56','2016-11-11 08:37:56','2016-11-11 08:37:56',Resuelto,,
161111-354814,,Incidente importado desde SAC,,Cac,Usuario Importador,Telemarketing,,Consulta,Solucionado,,,,,AUS1 - AUTOMOTORES,859878,,7207925,Post - Denuncia,,,,'2016-11-11 08:37:55','2016-11-11 08:37:55','2016-11-11 08:37:55',Atendido,,
161111-354815,,Incidente importado desde SAC,,Fleet Services,Usuario Importador,Telemarketing,,Consulta,Solucionado,,,,,APR1 - AUTOMOTORES,859879,,6210514,Contacto del tercero,,,,'2016-11-11 08:37:55','2016-11-11 08:37:55','2016-11-11 08:37:55',Atendido,,
161111-354821,,Incidente importado desde SAC,,Cac,Usuario Importador,Telemarketing,,Consulta,Solucionado,,,,,HOM1 - SEGURO DEL HOGAR,859885,,480594,Post - Denuncia,,,,'2016-11-11 08:37:55','2016-11-11 08:37:55','2016-11-11 08:37:55',Atendido,,
161111-354803,,Incidente importado desde SAC,,Cac,Usuario Importador,Telemarketing,,Consulta,Solucionado,,,,,AUS1 - AUTOMOTORES,859867,,7139278,Facturación,,,,'2016-11-11 08:37:54','2016-11-11 08:37:54','2016-11-11 08:37:54',Atendido,,
161111-354805,,Incidente importado desde SAC,,Cac,Usuario Importador,Telemarketing,,Consulta,Solucionado,,,,,AUS1 - AUTOMOTORES,859869,,3421052,Baja de póliza,,,,'2016-11-11 08:37:54','2016-11-11 08:37:54','2016-11-11 08:37:54',Atendido,,
161111-354806,,Incidente importado desde SAC,,Cac,Usuario Importador,Telemarketing,,Consulta,Solucionado,,,,,ATD1 - ROBO/USUAR.T.DEB-CRE,859870,,4265334,Baja de póliza,,,,'2016-11-11 08:37:54','2016-11-11 08:37:54','2016-11-11 08:37:54',Atendido,,
161111-354808,,Incidente importado desde SAC,,Emisión Masivos,Usuario Importador,Carta Documento,,Consulta,Solucionado,,,,,AUS1 - AUTOMOTORES,859872,,5938630,Baja de póliza,,,,'2016-11-11 08:37:54','2016-11-11 08:37:54','2016-11-11 08:37:54',Atendido,,
161111-354811,,Incidente importado desde SAC,,Cac,Usuario Importador,Telemarketing,,Consulta,Solucionado,,,,,APR1 - AUTOMOTORES,859875,,7261654,Post - Denuncia,,,,'2016-11-11 08:37:54','2016-11-11 08:37:54','2016-11-11 08:37:54',Atendido,,
161111-354793,,Incidente importado desde SAC,,Cac,Usuario Importador,Telemarketing,,Consulta,Solucionado,,,,,HOM1 - SEGURO DEL HOGAR,859857,,5793117,Cambio de campaña,,,,'2016-11-11 08:37:53','2016-11-11 08:37:53','2016-11-11 08:37:53',Atendido,,
161111-354795,,Incidente importado desde SAC,,Emisión Masivos,Usuario Importador,Carta Documento,,Consulta,Solucionado,,,,,HOM1 - SEGURO DEL HOGAR,859859,,2708562,Baja de póliza,,,,'2016-11-11 08:37:53','2016-11-11 08:37:53','2016-11-11 08:37:53',Atendido,,
161111-354784,,Incidente importado desde SAC,,Emisión Masivos,Usuario Importador,Telemarketing,,Consulta,Solucionado,,,,,HOM1 - SEGURO DEL HOGAR,859848,,4790623,Baja de póliza,,,,'2016-11-11 08:37:52','2016-11-11 08:37:52','2016-11-11 08:37:52',Atendido,,
161111-354788,,Incidente importado desde SAC,,Cac,Usuario Importador,Telemarketing,,Consulta,Solucionado,,,,,AUS1 - AUTOMOTORES,859852,,7334858,Facturación,,,,'2016-11-11 08:37:52','2016-11-11 08:37:52','2016-11-11 08:37:52',Atendido,,
161111-354773,,Incidente importado desde SAC,,Cac,Usuario Importador,Carta Documento,,Consulta,Solucionado,,,,,AUI1 - AUTOMOTORES INSTITUCIONES,859837,,6673585,Modificación datos personales,,,,'2016-11-11 08:37:51','2016-11-11 08:37:51','2016-11-11 08:37:51',Atendido,,
161111-354778,,Incidente importado desde SAC,,Drive in Ciudadela,Usuario Importador,Carta,,Consulta,Solucionado,,,,,AUT1 - AUTOMOTORES,859842,,3123383,Siniestro Jet,,,,'2016-11-11 08:37:51','2016-11-11 08:37:51','2016-11-11 08:37:51',Resuelto,,
161111-354779,,Incidente importado desde SAC,,Cac,Usuario Importador,Telemarketing,,Consulta,Solucionado,,,,,HOM1 - SEGURO DEL HOGAR,859843,,5953485,Condiciones de póliza,,,,'2016-11-11 08:37:51','2016-11-11 08:37:51','2016-11-11 08:37:51',Atendido,,
161111-354765,,Incidente importado desde SAC,,Cac,Usuario Importador,Telemarketing,,Consulta,Solucionado,,,,,APL1 - AUTOMOTORES PLANES,859829,,2599665,Certificado de cobertura,,,,'2016-11-11 08:37:50','2016-11-11 08:37:50','2016-11-11 08:37:50',Atendido,,
161111-354770,,Incidente importado desde SAC,,Cac,Usuario Importador,Telemarketing,,Consulta,Solucionado,,,,,APL1 - AUTOMOTORES PLANES,859834,,5990481,Post - Denuncia,,,,'2016-11-11 08:37:50','2016-11-11 08:37:50','2016-11-11 08:37:50',Atendido,,
161111-354772,,Incidente importado desde SAC,,Cac,Usuario Importador,Telemarketing,,Consulta,Solucionado,,,,,AUI1 - AUTOMOTORES INSTITUCIONES,859836,,7454829,Facturación,,,,'2016-11-11 08:37:50','2016-11-11 08:37:50','2016-11-11 08:37:50',Atendido,,
161111-354764,,Incidente importado desde SAC,,Cac,Usuario Importador,Telemarketing,,Consulta,Solucionado,,,,,APR1 - AUTOMOTORES,859828,,4258812,Modificaciones datos del producto,,,,'2016-11-11 08:37:49','2016-11-11 08:37:49','2016-11-11 08:37:49',Atendido,,
161111-354757,,Incidente importado desde SAC,,Cac,Usuario Importador,Carta Documento,,Consulta,Solucionado,,,,,APR1 - AUTOMOTORES,859821,,1251878,Certificado de cobertura,,,,'2016-11-11 08:37:48','2016-11-11 08:37:48','2016-11-11 08:37:48',Atendido,,
161111-354758,,Incidente importado desde SAC,,Cac,Usuario Importador,Telemarketing,,Consulta,Solucionado,,,,,APR1 - AUTOMOTORES,859822,,2883659,Post - Denuncia,,,,'2016-11-11 08:37:48','2016-11-11 08:37:48','2016-11-11 08:37:48',Atendido,,
161111-354749,,Incidente importado desde SAC,,Fleet Services,Usuario Importador,Telemarketing,,Consulta,Solucionado,,,,,AUS1 - AUTOMOTORES,859813,,5011980,Contacto del tercero,,,,'2016-11-11 08:37:46','2016-11-11 08:37:46','2016-11-11 08:37:46',Resuelto,,
161111-354752,,Incidente importado desde SAC,,Cac,Usuario Importador,Telemarketing,,Consulta,Solucionado,,,,,AUS1 - AUTOMOTORES,859816,,3082434,Denuncia daños materiales,,,,'2016-11-11 08:37:46','2016-11-11 08:37:46','2016-11-11 08:37:46',Atendido,,
161111-354745,,Incidente importado desde SAC,,Cac,Usuario Importador,Carta Documento,,Consulta,Solucionado,,,,,AUS1 - AUTOMOTORES,859809,,7123593,Certificado de cobertura,,,,'2016-11-11 08:37:45','2016-11-11 08:37:45','2016-11-11 08:37:45',Atendido,,
161111-354739,,Incidente importado desde SAC,,Cac,Usuario Importador,Telemarketing,,Consulta,Solucionado,,,,,AUI1 - AUTOMOTORES INSTITUCIONES,859803,,5317038,Facturación,,,,'2016-11-11 08:37:44','2016-11-11 08:37:44','2016-11-11 08:37:44',Atendido,,
161111-354731,,Incidente importado desde SAC,,Fleet Services,Usuario Importador,Carta Documento,,Consulta,Solucionado,,,,,AUT1 - AUTOMOTORES,859795,,3472119,Siniestro Jet,,,,'2016-11-11 08:37:43','2016-11-11 08:37:43','2016-11-11 08:37:43',Resuelto,,
161111-354732,,Incidente importado desde SAC,,Cobranzas Automático,Usuario Importador,Telemarketing,,Consulta,Solucionado,,,,,AUS1 - AUTOMOTORES,859796,,2783458,Reintegro - Automático,,,,'2016-11-11 08:37:43','2016-11-11 08:37:43','2016-11-11 08:37:43',Atendido,,
161111-354716,,Incidente importado desde SAC,,Cac,Usuario Importador,Telemarketing,,Consulta,Solucionado,,,,,AUS1 - AUTOMOTORES,859780,,708529,Post - Denuncia,,,,'2016-11-11 08:37:42','2016-11-11 08:37:42','2016-11-11 08:37:42',Atendido,,
161111-354721,,Incidente importado desde SAC,,Gerencia Clientes,Usuario Importador,Carta Documento,,Consulta,Solucionado,,,,,AUA1 - AUTOMOTORES CARTERA GENERAL,859785,,3295232,Certificado de cobertura,,,,'2016-11-11 08:37:42','2016-11-11 08:37:42','2016-11-11 08:37:42',Atendido,,
161111-354722,,Incidente importado desde SAC,,Cac,Usuario Importador,Telemarketing,,Consulta,Solucionado,,,,,AUP1 - AUTOMOTORES PRODUCTORES,859786,,893166,Post - Denuncia,,,,'2016-11-11 08:37:42','2016-11-11 08:37:42','2016-11-11 08:37:42',Atendido,,
161111-354706,,Incidente importado desde SAC,,Cac,Usuario Importador,Telemarketing,,Consulta,Solucionado,,,,,APL1 - AUTOMOTORES PLANES,859770,,3056912,Modificaciones datos del producto,,,,'2016-11-11 08:37:41','2016-11-11 08:37:41','2016-11-11 08:37:41',Atendido,,
161111-354708,,Incidente importado desde SAC,,Oficina Mar del Plata,Usuario Importador,Telemarketing,,Reclamo,Solucionado,,,,,HOM1 - SEGURO DEL HOGAR,859772,,5481372,Daños materiales Mar del Plata,,,,'2016-11-11 08:37:41','2016-11-11 08:37:41','2016-11-11 08:37:41',Resuelto,,
161111-354709,,Incidente importado desde SAC,,Oficina Mar del Plata,Usuario Importador,Carta,,Consulta,Solucionado,,,,,AUT1 - AUTOMOTORES,859773,,7407160,Siniestro Jet,,,,'2016-11-11 08:37:41','2016-11-11 08:37:41','2016-11-11 08:37:41',Resuelto,,
161111-354697,,Incidente importado desde SAC,,Cac,Usuario Importador,Telemarketing,,Consulta,Solucionado,,,,,AUS1 - AUTOMOTORES,859761,,276847,Facturación,,,,'2016-11-11 08:37:40','2016-11-11 08:37:40','2016-11-11 08:37:40',Atendido,,
161111-354688,,Incidente importado desde SAC,,Cac,Usuario Importador,Telemarketing,,Consulta,Solucionado,,,,,AUI1 - AUTOMOTORES INSTITUCIONES,859752,,3515856,Denuncia Robos,,,,'2016-11-11 08:37:39','2016-11-11 08:37:39','2016-11-11 08:37:39',Atendido,,
161111-354691,,Incidente importado desde SAC,,Cac,Usuario Importador,Telemarketing,,Consulta,Solucionado,,,,,AUS1 - AUTOMOTORES,859755,,3196535,Post - Denuncia,,,,'2016-11-11 08:37:39','2016-11-11 08:37:39','2016-11-11 08:37:39',Atendido,,
161111-354677,,Incidente importado desde SAC,,Cac,Usuario Importador,Carta Documento,,Consulta,Solucionado,,,,,APR1 - AUTOMOTORES,859741,,3626741,Certificado de cobertura,,,,'2016-11-11 08:37:38','2016-11-11 08:37:38','2016-11-11 08:37:38',Atendido,,
161111-354683,,Incidente importado desde SAC,,Cac,Usuario Importador,Telemarketing,,Consulta,Solucionado,,,,,APR1 - AUTOMOTORES,859747,,3610825,Modificaciones datos del producto,,,,'2016-11-11 08:37:38','2016-11-11 08:37:38','2016-11-11 08:37:38',Atendido,,
161111-354675,,Incidente importado desde SAC,,Cac,Usuario Importador,Telemarketing,,Consulta,Solucionado,,,,,AUS1 - AUTOMOTORES,859739,,5205574,Facturación,,,,'2016-11-11 08:37:37','2016-11-11 08:37:37','2016-11-11 08:37:37',Atendido,,
161111-354663,,Incidente importado desde SAC,,Fleet Services,Usuario Importador,Telemarketing,,Consulta,Solucionado,,,,,AUA1 - AUTOMOTORES CARTERA GENERAL,859727,,5324564,Contacto del tercero,,,,'2016-11-11 08:37:36','2016-11-11 08:37:36','2016-11-11 08:37:36',Atendido,,
161111-354661,,Incidente importado desde SAC,,Riesgos Varios Casa Central,Usuario Importador,Carta,,Consulta,Solucionado,,,,,HOM1 - SEGURO DEL HOGAR,859725,,1985237,Siniestro Jet,,,,'2016-11-11 08:37:35','2016-11-11 08:37:35','2016-11-11 08:37:35',Resuelto,,
161111-354662,,Incidente importado desde SAC,,Robo / Destruccion Total,Usuario Importador,Carta,,Consulta,Solucionado,,,,,AUS1 - AUTOMOTORES,859726,,3913850,Siniestro Jet,,,,'2016-11-11 08:37:35','2016-11-11 08:37:35','2016-11-11 08:37:35',Resuelto,,
161111-354650,,Incidente importado desde SAC,,Cac,Usuario Importador,Telemarketing,,Consulta,Solucionado,,,,,HOM1 - SEGURO DEL HOGAR,859714,,5248524,Post - Denuncia,,,,'2016-11-11 08:37:33','2016-11-11 08:37:33','2016-11-11 08:37:33',Atendido,,
161111-354635,,Incidente importado desde SAC,,Cac,Usuario Importador,Telemarketing,,Consulta,Solucionado,,,,,APL1 - AUTOMOTORES PLANES,859699,,3312039,Post - Denuncia,,,,'2016-11-11 08:37:31','2016-11-11 08:37:31','2016-11-11 08:37:31',Atendido,,
161111-354636,,Incidente importado desde SAC,,Cac,Usuario Importador,Carta Documento,,Consulta,Solucionado,,,,,AUS1 - AUTOMOTORES,859700,,2174065,Post - Denuncia,,,,'2016-11-11 08:37:31','2016-11-11 08:37:31','2016-11-11 08:37:31',Atendido,,
161111-354637,,Incidente importado desde SAC,,Cac,Usuario Importador,Carta Documento,,Consulta,Solucionado,,,,,APR1 - AUTOMOTORES,859701,,3453265,Certificado de cobertura,,,,'2016-11-11 08:37:31','2016-11-11 08:37:31','2016-11-11 08:37:31',Atendido,,
161111-354628,,Incidente importado desde SAC,,Emisión Masivos,Usuario Importador,Telemarketing,,Consulta,Solucionado,,,,,AUS1 - AUTOMOTORES,859692,,2983226,Baja de póliza,,,,'2016-11-11 08:37:30','2016-11-11 08:37:30','2016-11-11 08:37:30',Atendido,,
161111-354632,,Incidente importado desde SAC,,Cac,Usuario Importador,Telemarketing,,Consulta,Solucionado,,,,,APR1 - AUTOMOTORES,859696,,5202046,Post - Denuncia,,,,'2016-11-11 08:37:30','2016-11-11 08:37:30','2016-11-11 08:37:30',Atendido,,
161111-354617,,Incidente importado desde SAC,,Cac,Usuario Importador,Telemarketing,,Consulta,Solucionado,,,,,AUS1 - AUTOMOTORES,859681,,2548488,Post - Denuncia,,,,'2016-11-11 08:37:29','2016-11-11 08:37:29','2016-11-11 08:37:29',Atendido,,
161111-354613,,Incidente importado desde SAC,,Mailing,Usuario Importador,Telemarketing,,Reclamo,Solucionado,,,,,AUS1 - AUTOMOTORES,859677,,3109273,Certificado de cobertura,,,,'2016-11-11 08:37:28','2016-11-11 08:37:28','2016-11-11 08:37:28',Resuelto,,
161111-354614,,Incidente importado desde SAC,,Cac,Usuario Importador,Telemarketing,,Consulta,Solucionado,,,,,ATD1 - ROBO/USUAR.T.DEB-CRE,859678,,604903,Baja de póliza,,,,'2016-11-11 08:37:28','2016-11-11 08:37:28','2016-11-11 08:37:28',Atendido,,
161111-354600,,Incidente importado desde SAC,,Cac,Usuario Importador,Telemarketing,,Consulta,Solucionado,,,,,HOM1 - SEGURO DEL HOGAR,859664,,882130,Facturación,,,,'2016-11-11 08:37:27','2016-11-11 08:37:27','2016-11-11 08:37:27',Atendido,,
161111-354605,,Incidente importado desde SAC,,Cac,Usuario Importador,Telemarketing,,Consulta,Solucionado,,,,,HOM1 - SEGURO DEL HOGAR,859669,,5243850,Facturación,,,,'2016-11-11 08:37:27','2016-11-11 08:37:27','2016-11-11 08:37:27',Atendido,,
161111-354594,,Incidente importado desde SAC,,Cac,Usuario Importador,Telemarketing,,Consulta,Solucionado,,,,,AUS1 - AUTOMOTORES,859658,,3255131,Post - Denuncia,,,,'2016-11-11 08:37:26','2016-11-11 08:37:26','2016-11-11 08:37:26',Atendido,,
161111-354596,,Incidente importado desde SAC,,Emisión Masivos,Usuario Importador,Telemarketing,,Consulta,Solucionado,,,,,AUS1 - AUTOMOTORES,859660,,1358799,Baja de póliza,,,,'2016-11-11 08:37:26','2016-11-11 08:37:26','2016-11-11 08:37:26',Atendido,,
161111-354597,,Incidente importado desde SAC,,Cac,Usuario Importador,Telemarketing,,Consulta,Solucionado,,,,,AUS1 - AUTOMOTORES,859661,,2412317,Reducción de cobertura,,,,'2016-11-11 08:37:26','2016-11-11 08:37:26','2016-11-11 08:37:26',Atendido,,
161111-354582,,Incidente importado desde SAC,,Cleas,Usuario Importador,Carta,,Consulta,Solucionado,,,,,AUT1 - AUTOMOTORES,859646,,7306272,Siniestro Jet,,,,'2016-11-11 08:37:25','2016-11-11 08:37:25','2016-11-11 08:37:25',Resuelto,,
161111-354573,,Incidente importado desde SAC,,Cac,Usuario Importador,Telemarketing,,Consulta,Solucionado,,,,,HOM1 - SEGURO DEL HOGAR,859637,,4532645,Facturación,,,,'2016-11-11 08:37:24','2016-11-11 08:37:24','2016-11-11 08:37:24',Atendido,,
161111-354578,,Incidente importado desde SAC,,Cac,Usuario Importador,Telemarketing,,Consulta,Solucionado,,,,,HOM1 - SEGURO DEL HOGAR,859642,,2570136,Facturación,,,,'2016-11-11 08:37:24','2016-11-11 08:37:24','2016-11-11 08:37:24',Atendido,,
161111-354568,,Incidente importado desde SAC,,Cac,Usuario Importador,Carta Documento,,Consulta,Solucionado,,,,,APL1 - AUTOMOTORES PLANES,859632,,4866118,Certificado de cobertura,,,,'2016-11-11 08:37:23','2016-11-11 08:37:23','2016-11-11 08:37:23',Atendido,,
161111-354558,,Incidente importado desde SAC,,Cac,Usuario Importador,Telemarketing,,Consulta,Solucionado,,,,,AUS1 - AUTOMOTORES,859622,,7169827,Inspección por previa,,,,'2016-11-11 08:37:22','2016-11-11 08:37:22','2016-11-11 08:37:22',Atendido,,
161111-354563,,Incidente importado desde SAC,,Cac,Usuario Importador,Telemarketing,,Consulta,Solucionado,,,,,AUS1 - AUTOMOTORES,859627,,6545216,Post - Denuncia,,,,'2016-11-11 08:37:22','2016-11-11 08:37:22','2016-11-11 08:37:22',Atendido,,
161111-354564,,Incidente importado desde SAC,,Prestadores,Usuario Importador,Telemarketing,,Reclamo,Solucionado,,,,,AUS1 - AUTOMOTORES,859628,,479249,SOS,,,,'2016-11-11 08:37:22','2016-11-11 08:37:22','2016-11-11 08:37:22',Resuelto,,
161111-354549,,Incidente importado desde SAC,,Cac,Usuario Importador,Carta Documento,,Consulta,Solucionado,,,,,AUS1 - AUTOMOTORES,859614,,1550626,Facturación,,,,'2016-11-11 08:37:20','2016-11-11 08:37:20','2016-11-11 08:37:20',Atendido,,
161111-354536,,Incidente importado desde SAC,,Cac,Usuario Importador,Telemarketing,,Consulta,Solucionado,,,,,AUS1 - AUTOMOTORES,859601,,2874170,Facturación,,,,'2016-11-11 08:37:17','2016-11-11 08:37:17','2016-11-11 08:37:17',Atendido,,
161111-354538,,Incidente importado desde SAC,,Cac,Usuario Importador,Telemarketing,,Consulta,Solucionado,,,,,AUS1 - AUTOMOTORES,859603,,4506891,Condiciones de póliza,,,,'2016-11-11 08:37:17','2016-11-11 08:37:17','2016-11-11 08:37:17',Atendido,,
161111-354539,,Incidente importado desde SAC,,Riesgos Varios Casa Central,Usuario Importador,Telemarketing,,Reclamo,Solucionado,,,,,HOM1 - SEGURO DEL HOGAR,859604,,1182060,Riesgos Varios Casa Central,,,,'2016-11-11 08:37:17','2016-11-11 08:37:17','2016-11-11 08:37:17',Resuelto,,
161111-354527,,Incidente importado desde SAC,,Cac,Usuario Importador,Telemarketing,,Consulta,Solucionado,,,,,AUS1 - AUTOMOTORES,859592,,2600077,Facturación,,,,'2016-11-11 08:37:16','2016-11-11 08:37:16','2016-11-11 08:37:16',Atendido,,
161111-354528,,Incidente importado desde SAC,,,Usuario Importador,Telemarketing,,Reclamo,Solucionado,,,,,APR1 - AUTOMOTORES,859593,,3435923,Daños materiales Cordoba,,,,'2016-11-11 08:37:16','2016-11-11 08:37:16','2016-11-11 08:37:16',Resuelto,,
161111-354529,,Incidente importado desde SAC,,Cac,Usuario Importador,Telemarketing,,Consulta,Solucionado,,,,,AUT1 - AUTOMOTORES,859594,,1746806,Facturación,,,,'2016-11-11 08:37:16','2016-11-11 08:37:16','2016-11-11 08:37:16',Atendido,,
161111-354532,,Incidente importado desde SAC,,Cac,Usuario Importador,Llamada entrante,,Consulta,Solucionado,,,,,APR1 - AUTOMOTORES,859597,,884112,Modificaciones datos del producto,,,,'2016-11-11 08:37:16','2016-11-11 08:37:16','2016-11-11 08:37:16',Atendido,,
161111-354519,,Incidente importado desde SAC,,Cac,Usuario Importador,Telemarketing,,Consulta,Solucionado,,,,,AUS1 - AUTOMOTORES,859584,,2046846,Facturación,,,,'2016-11-11 08:37:15','2016-11-11 08:37:15','2016-11-11 08:37:15',Atendido,,
161111-354525,,Incidente importado desde SAC,,Cac,Usuario Importador,Telemarketing,,Consulta,Solucionado,,,,,HOM1 - SEGURO DEL HOGAR,859590,,6685417,Post - Denuncia,,,,'2016-11-11 08:37:15','2016-11-11 08:37:15','2016-11-11 08:37:15',Atendido,,
161111-354506,,Incidente importado desde SAC,,Fleet Services,Usuario Importador,Telemarketing,,Consulta,Solucionado,,,,,APL1 - AUTOMOTORES PLANES,859571,,6680307,Contacto del tercero,,,,'2016-11-11 08:37:14','2016-11-11 08:37:14','2016-11-11 08:37:14',Atendido,,
161111-354509,,Incidente importado desde SAC,,Fleet Services,Usuario Importador,Telemarketing,,Consulta,Solucionado,,,,,AUT1 - AUTOMOTORES,859574,,7390606,Contacto del tercero,,,,'2016-11-11 08:37:14','2016-11-11 08:37:14','2016-11-11 08:37:14',Atendido,,
161111-354511,,Incidente importado desde SAC,,,Usuario Importador,Telemarketing,,Consulta,Solucionado,,,,,AUI1 - AUTOMOTORES INSTITUCIONES,859576,,634932,Baja de póliza,,,,'2016-11-11 08:37:14','2016-11-11 08:37:14','2016-11-11 08:37:14',Atendido,,
161111-354513,,Incidente importado desde SAC,,Gerencia Clientes,Usuario Importador,Telemarketing,,Reclamo,Solucionado,,,,,AUS1 - AUTOMOTORES,859578,,4746753,Venta con anomalías,,,,'2016-11-11 08:37:14','2016-11-11 08:37:14','2016-11-11 08:37:14',No Procedente,,
161111-354515,,Incidente importado desde SAC,,Cac,Usuario Importador,Telemarketing,,Consulta,Solucionado,,,,,APR1 - AUTOMOTORES,859580,,3512069,Modificaciones datos del producto,,,,'2016-11-11 08:37:14','2016-11-11 08:37:14','2016-11-11 08:37:14',Atendido,,
161111-354496,,Incidente importado desde SAC,,Cac,Usuario Importador,Telemarketing,,Consulta,Solucionado,,,,,AUS1 - AUTOMOTORES,859561,,186193,Post - Denuncia,,,,'2016-11-11 08:37:13','2016-11-11 08:37:13','2016-11-11 08:37:13',Atendido,,
161111-354502,,Incidente importado desde SAC,,Cac,Usuario Importador,Telemarketing,,Consulta,Solucionado,,,,,APL1 - AUTOMOTORES PLANES,859567,,543195,Post - Denuncia,,,,'2016-11-11 08:37:13','2016-11-11 08:37:13','2016-11-11 08:37:13',Atendido,,
161111-354487,,Incidente importado desde SAC,,Cac,Usuario Importador,Telemarketing,,Consulta,Solucionado,,,,,AUS1 - AUTOMOTORES,859552,,1116193,Condiciones de póliza,,,,'2016-11-11 08:37:12','2016-11-11 08:37:12','2016-11-11 08:37:12',Atendido,,
161111-354488,,Incidente importado desde SAC,,Cac,Usuario Importador,Telemarketing,,Consulta,Solucionado,,,,,AUS1 - AUTOMOTORES,859553,,7335595,Post - Denuncia,,,,'2016-11-11 08:37:12','2016-11-11 08:37:12','2016-11-11 08:37:12',Atendido,,
161111-354476,,Incidente importado desde SAC,,Fleet Services,Usuario Importador,Telemarketing,,Consulta,Solucionado,,,,,AUA1 - AUTOMOTORES CARTERA GENERAL,859541,,1325287,Contacto del tercero,,,,'2016-11-11 08:37:11','2016-11-11 08:37:11','2016-11-11 08:37:11',Atendido,,
161111-354475,,Incidente importado desde SAC,,Cac,Usuario Importador,Telemarketing,,Consulta,Solucionado,,,,,AUS1 - AUTOMOTORES,859540,,3446403,Post - Denuncia,,,,'2016-11-11 08:37:10','2016-11-11 08:37:10','2016-11-11 08:37:10',Atendido,,
161111-354468,,Incidente importado desde SAC,,Cac,Usuario Importador,Carta Documento,,Consulta,Solucionado,,,,,AUI1 - AUTOMOTORES INSTITUCIONES,859533,,2369549,Certificado de cobertura,,,,'2016-11-11 08:37:09','2016-11-11 08:37:09','2016-11-11 08:37:09',Atendido,,
161111-354455,,Incidente importado desde SAC,,Cac,Usuario Importador,Telemarketing,,Consulta,Solucionado,,,,,APR1 - AUTOMOTORES,859520,,7732499,Post - Denuncia,,,,'2016-11-11 08:37:08','2016-11-11 08:37:08','2016-11-11 08:37:08',Atendido,,
161111-354456,,Incidente importado desde SAC,,Cac,Usuario Importador,Telemarketing,,Consulta,Solucionado,,,,,HOM1 - SEGURO DEL HOGAR,859521,,5486230,Condiciones de póliza,,,,'2016-11-11 08:37:08','2016-11-11 08:37:08','2016-11-11 08:37:08',Atendido,,
161111-354454,,Incidente importado desde SAC,,Cac,Usuario Importador,Telemarketing,,Consulta,Solucionado,,,,,AUS1 - AUTOMOTORES,859519,,5956593,Facturación,,,,'2016-11-11 08:37:07','2016-11-11 08:37:07','2016-11-11 08:37:07',Atendido,,
161111-354451,,Incidente importado desde SAC,,Emisión Masivos,Usuario Importador,Telemarketing,,Consulta,Solucionado,,,,,AUS1 - AUTOMOTORES,859516,,3508373,Baja de póliza,,,,'2016-11-11 08:37:06','2016-11-11 08:37:06','2016-11-11 08:37:06',Atendido,,
161111-354441,,Incidente importado desde SAC,,Cac,Usuario Importador,Carta Documento,,Consulta,Solucionado,,,,,AUS1 - AUTOMOTORES,859506,,1749613,Recotización,,,,'2016-11-11 08:37:04','2016-11-11 08:37:04','2016-11-11 08:37:04',Atendido,,
161111-354442,,Incidente importado desde SAC,,Cac,Usuario Importador,Telemarketing,,Consulta,Solucionado,,,,,AUS1 - AUTOMOTORES,859507,,4506959,Facturación,,,,'2016-11-11 08:37:04','2016-11-11 08:37:04','2016-11-11 08:37:04',Atendido,,
161111-354443,,Incidente importado desde SAC,,Cac,Usuario Importador,Telemarketing,,Consulta,Solucionado,,,,,APR1 - AUTOMOTORES,859508,,3802895,Modificaciones datos del producto,,,,'2016-11-11 08:37:04','2016-11-11 08:37:04','2016-11-11 08:37:04',Atendido,,
161111-354447,,Incidente importado desde SAC,,Cac,Usuario Importador,Telemarketing,,Consulta,Solucionado,,,,,HOC1 - SEGURO DEL HOGAR,859512,,7815518,Post - Denuncia,,,,'2016-11-11 08:37:04','2016-11-11 08:37:04','2016-11-11 08:37:04',Atendido,,
161111-354448,,Incidente importado desde SAC,,Cac,Usuario Importador,Telemarketing,,Consulta,Solucionado,,,,,APR1 - AUTOMOTORES,859513,,5205735,Denuncia daños materiales,,,,'2016-11-11 08:37:04','2016-11-11 08:37:04','2016-11-11 08:37:04',Atendido,,
161111-354449,,Incidente importado desde SAC,,Cac,Usuario Importador,Telemarketing,,Consulta,Solucionado,,,,,APR1 - AUTOMOTORES,859514,,3412887,Modificaciones datos del producto,,,,'2016-11-11 08:37:04','2016-11-11 08:37:04','2016-11-11 08:37:04',Atendido,,
161111-354437,,Incidente importado desde SAC,,Cac,Usuario Importador,Telemarketing,,Consulta,Solucionado,,,,,APL1 - AUTOMOTORES PLANES,859502,,7157877,Modificaciones datos del producto,,,,'2016-11-11 08:37:03','2016-11-11 08:37:03','2016-11-11 08:37:03',Atendido,,
161111-354439,,Incidente importado desde SAC,,Cac,Usuario Importador,Carta Documento,,Consulta,Solucionado,,,,,AUS1 - AUTOMOTORES,859504,,3381649,Certificado de cobertura,,,,'2016-11-11 08:37:03','2016-11-11 08:37:03','2016-11-11 08:37:03',Atendido,,
161111-354427,,Incidente importado desde SAC,,Cac,Usuario Importador,Telemarketing,,Consulta,Solucionado,,,,,AUS1 - AUTOMOTORES,859492,,4265534,Facturación,,,,'2016-11-11 08:37:02','2016-11-11 08:37:02','2016-11-11 08:37:02',Atendido,,
161111-354430,,Incidente importado desde SAC,,Emisión Cartera Gral.,Usuario Importador,Telemarketing,,Consulta,Solucionado,,,,,ATD1 - ROBO/USUAR.T.DEB-CRE,859495,,1837425,Baja de póliza,,,,'2016-11-11 08:37:02','2016-11-11 08:37:02','2016-11-11 08:37:02',Atendido,,
161111-354414,,Incidente importado desde SAC,,Fleet Services,Usuario Importador,Telemarketing,,Consulta,Solucionado,,,,,APR1 - AUTOMOTORES,859479,,3498280,Contacto del tercero,,,,'2016-11-11 08:37:01','2016-11-11 08:37:01','2016-11-11 08:37:01',Atendido,,
161111-354415,,Incidente importado desde SAC,,Cac,Usuario Importador,Telemarketing,,Consulta,Solucionado,,,,,AUS1 - AUTOMOTORES,859480,,3646299,Post - Denuncia,,,,'2016-11-11 08:37:01','2016-11-11 08:37:01','2016-11-11 08:37:01',Atendido,,
161111-354419,,Incidente importado desde SAC,,Fleet Services,Usuario Importador,Telemarketing,,Reclamo,Solucionado,,,,,AUT1 - AUTOMOTORES,859484,,4506512,Contacto del tercero,,,,'2016-11-11 08:37:01','2016-11-11 08:37:01','2016-11-11 08:37:01',Resuelto,,
161111-354423,,Incidente importado desde SAC,,Emisión Masivos,Usuario Importador,Telemarketing,,Consulta,Solucionado,,,,,AUS1 - AUTOMOTORES,859488,,907981,Baja de póliza,,,,'2016-11-11 08:37:01','2016-11-11 08:37:01','2016-11-11 08:37:01',Atendido,,
161111-354407,,Incidente importado desde SAC,,Gerencia Clientes,Usuario Importador,Telemarketing,,Disconformidad,Solucionado,,,,,AUS1 - AUTOMOTORES,859472,,2774683,Condiciones de póliza,,,,'2016-11-11 08:37:00','2016-11-11 08:37:00','2016-11-11 08:37:00',Atendido,,
161111-354398,,Incidente importado desde SAC,,Fleet Services,Usuario Importador,Telemarketing,,Consulta,Solucionado,,,,,APR1 - AUTOMOTORES,859463,,5600114,Contacto del tercero,,,,'2016-11-11 08:36:59','2016-11-11 08:36:59','2016-11-11 08:36:59',Atendido,,
161111-354399,,Incidente importado desde SAC,,Cac,Usuario Importador,Carta Documento,,Consulta,Solucionado,,,,,AUS1 - AUTOMOTORES,859464,,3423938,Certificado de cobertura,,,,'2016-11-11 08:36:59','2016-11-11 08:36:59','2016-11-11 08:36:59',Atendido,,
161111-354401,,Incidente importado desde SAC,,Cleas,Usuario Importador,Carta,,Consulta,Solucionado,,,,,AUT1 - AUTOMOTORES,859466,,1288672,Siniestro Jet,,,,'2016-11-11 08:36:59','2016-11-11 08:36:59','2016-11-11 08:36:59',Resuelto,,
161111-354402,,Incidente importado desde SAC,,Cac,Usuario Importador,Carta Documento,,Consulta,Solucionado,,,,,AUS1 - AUTOMOTORES,859467,,3472013,Cupón de pago,,,,'2016-11-11 08:36:59','2016-11-11 08:36:59','2016-11-11 08:36:59',Atendido,,
161111-354405,,Incidente importado desde SAC,,Cac,Usuario Importador,Telemarketing,,Consulta,Solucionado,,,,,AUS1 - AUTOMOTORES,859470,,458182,Facturación,,,,'2016-11-11 08:36:59','2016-11-11 08:36:59','2016-11-11 08:36:59',Atendido,,
161111-354392,,Incidente importado desde SAC,,Cac,Usuario Importador,Telemarketing,,Consulta,Solucionado,,,,,AUS1 - AUTOMOTORES,859457,,7748750,Denuncia Lesiones,,,,'2016-11-11 08:36:58','2016-11-11 08:36:58','2016-11-11 08:36:58',Atendido,,
161111-354384,,Incidente importado desde SAC,,Cac,Usuario Importador,Telemarketing,,Consulta,Solucionado,,,,,HOM1 - SEGURO DEL HOGAR,859449,,4857936,Facturación,,,,'2016-11-11 08:36:57','2016-11-11 08:36:57','2016-11-11 08:36:57',Atendido,,
161111-354385,,Incidente importado desde SAC,,Robo / Destruccion Total,Usuario Importador,Carta,,Consulta,Solucionado,,,,,AUS1 - AUTOMOTORES,859450,,1335611,Siniestro Jet,,,,'2016-11-11 08:36:57','2016-11-11 08:36:57','2016-11-11 08:36:57',Resuelto,,
161111-354379,,Incidente importado desde SAC,,Cac,Usuario Importador,Telemarketing,,Consulta,Solucionado,,,,,AUS1 - AUTOMOTORES,859444,,3283312,Facturación,,,,'2016-11-11 08:36:56','2016-11-11 08:36:56','2016-11-11 08:36:56',Atendido,,
161111-354383,,Incidente importado desde SAC,,Robo / Destruccion Total,Usuario Importador,Telemarketing,,Reclamo,Solucionado,,,,,AUA1 - AUTOMOTORES CARTERA GENERAL,859448,,7369046,Destrucción Total,,,,'2016-11-11 08:36:56','2016-11-11 08:36:56','2016-11-11 08:36:56',Resuelto,,
161111-354368,,Incidente importado desde SAC,,Cac,Usuario Importador,Telemarketing,,Consulta,Solucionado,,,,,AUS1 - AUTOMOTORES,859433,,3237893,Post - Denuncia,,,,'2016-11-11 08:36:55','2016-11-11 08:36:55','2016-11-11 08:36:55',Atendido,,
161111-354370,,Incidente importado desde SAC,,Cac,Usuario Importador,Telemarketing,,Consulta,Solucionado,,,,,AUS1 - AUTOMOTORES,859435,,6867508,Post - Denuncia,,,,'2016-11-11 08:36:55','2016-11-11 08:36:55','2016-11-11 08:36:55',Atendido,,
161111-354374,,Incidente importado desde SAC,,Cac,Usuario Importador,Telemarketing,,Consulta,Solucionado,,,,,APR1 - AUTOMOTORES,859439,,3563711,Post - Denuncia,,,,'2016-11-11 08:36:55','2016-11-11 08:36:55','2016-11-11 08:36:55',Atendido,,
161111-354360,,Incidente importado desde SAC,,Cac,Usuario Importador,Carta Documento,,Consulta,Solucionado,,,,,AUI1 - AUTOMOTORES INSTITUCIONES,859425,,3472900,Certificado de cobertura,,,,'2016-11-11 08:36:54','2016-11-11 08:36:54','2016-11-11 08:36:54',Atendido,,
161111-354364,,Incidente importado desde SAC,,Cac,Usuario Importador,Telemarketing,,Consulta,Solucionado,,,,,AUS1 - AUTOMOTORES,859429,,2936564,Baja de póliza,,,,'2016-11-11 08:36:54','2016-11-11 08:36:54','2016-11-11 08:36:54',Atendido,,
161111-354359,,Incidente importado desde SAC,,Cac,Usuario Importador,Carta Documento,,Consulta,Solucionado,,,,,APR1 - AUTOMOTORES,859424,,2958189,Certificado de cobertura,,,,'2016-11-11 08:36:53','2016-11-11 08:36:53','2016-11-11 08:36:53',Atendido,,
161111-354354,,Incidente importado desde SAC,,Cac,Usuario Importador,Telemarketing,,Consulta,Solucionado,,,,,APL1 - AUTOMOTORES PLANES,859419,,3173676,Post - Denuncia,,,,'2016-11-11 08:36:52','2016-11-11 08:36:52','2016-11-11 08:36:52',Atendido,,
161111-354355,,Incidente importado desde SAC,,Prestadores,Usuario Importador,Telemarketing,,Reclamo,Solucionado,,,,,HOM1 - SEGURO DEL HOGAR,859420,,3712407,Ibero,,,,'2016-11-11 08:36:52','2016-11-11 08:36:52','2016-11-11 08:36:52',Resuelto,,
161111-354348,,Incidente importado desde SAC,,Cac,Usuario Importador,Telemarketing,,Consulta,Solucionado,,,,,AUS1 - AUTOMOTORES,859413,,5077777,Facturación,,,,'2016-11-11 08:36:51','2016-11-11 08:36:51','2016-11-11 08:36:51',Atendido,,
161111-354352,,Incidente importado desde SAC,,Cac,Usuario Importador,Telemarketing,,Consulta,Solucionado,,,,,AUS1 - AUTOMOTORES,859417,,4181652,Denuncia Robos,,,,'2016-11-11 08:36:51','2016-11-11 08:36:51','2016-11-11 08:36:51',Atendido,,
161111-354353,,Incidente importado desde SAC,,Cac,Usuario Importador,Telemarketing,,Consulta,Solucionado,,,,,AUS1 - AUTOMOTORES,859418,,5958606,Post - Denuncia,,,,'2016-11-11 08:36:51','2016-11-11 08:36:51','2016-11-11 08:36:51',Atendido,,
161111-354342,,Incidente importado desde SAC,,Cac,Usuario Importador,Telemarketing,,Consulta,Solucionado,,,,,HOM1 - SEGURO DEL HOGAR,859407,,4020057,Condiciones de póliza,,,,'2016-11-11 08:36:50','2016-11-11 08:36:50','2016-11-11 08:36:50',Atendido,,
161111-354334,,Incidente importado desde SAC,,Cac,Usuario Importador,Carta Documento,,Consulta,Solucionado,,,,,AUS1 - AUTOMOTORES,859399,,4046668,Certificado de cobertura,,,,'2016-11-11 08:36:49','2016-11-11 08:36:49','2016-11-11 08:36:49',Atendido,,
161111-354337,,Incidente importado desde SAC,,Cac,Usuario Importador,Telemarketing,,Consulta,Solucionado,,,,,AUS1 - AUTOMOTORES,859402,,1322982,Post - Denuncia,,,,'2016-11-11 08:36:49','2016-11-11 08:36:49','2016-11-11 08:36:49',Atendido,,
161111-354328,,Incidente importado desde SAC,,Cac,Usuario Importador,Telemarketing,,Consulta,Solucionado,,,,,AUS1 - AUTOMOTORES,859394,,5574531,Facturación,,,,'2016-11-11 08:36:48','2016-11-11 08:36:48','2016-11-11 08:36:48',Atendido,,
161111-354319,,Incidente importado desde SAC,,Cac,Usuario Importador,Telemarketing,,Consulta,Solucionado,,,,,APR1 - AUTOMOTORES,859385,,3857722,Modificaciones datos del producto,,,,'2016-11-11 08:36:47','2016-11-11 08:36:47','2016-11-11 08:36:47',Atendido,,
161111-354308,,Incidente importado desde SAC,,Cac,Usuario Importador,Telemarketing,,Consulta,Solucionado,,,,,APL1 - AUTOMOTORES PLANES,859374,,2022283,Modificaciones datos del producto,,,,'2016-11-11 08:36:46','2016-11-11 08:36:46','2016-11-11 08:36:46',Atendido,,
161111-354311,,Incidente importado desde SAC,,Prestadores,Usuario Importador,Telemarketing,,Reclamo,Solucionado,,,,,AUS1 - AUTOMOTORES,859377,,2657873,Demora servicio SOS,,,,'2016-11-11 08:36:46','2016-11-11 08:36:46','2016-11-11 08:36:46',Resuelto,,
161111-354301,,Incidente importado desde SAC,,,Usuario Importador,Telemarketing,,Consulta,Solucionado,,,,,AUI1 - AUTOMOTORES INSTITUCIONES,859367,,3392232,Baja de póliza,,,,'2016-11-11 08:36:45','2016-11-11 08:36:45','2016-11-11 08:36:45',Atendido,,
161111-354285,,Incidente importado desde SAC,,Mailing,Usuario Importador,Telemarketing,,Reclamo,Solucionado,,,,,HOM1 - SEGURO DEL HOGAR,859351,,1872992,Certificado de cobertura,,,,'2016-11-11 08:36:44','2016-11-11 08:36:44','2016-11-11 08:36:44',Resuelto,,
161111-354291,,Incidente importado desde SAC,,Cac,Usuario Importador,Telemarketing,,Consulta,Solucionado,,,,,HOM1 - SEGURO DEL HOGAR,859357,,7382192,Post - Denuncia,,,,'2016-11-11 08:36:44','2016-11-11 08:36:44','2016-11-11 08:36:44',Atendido,,
161111-354294,,Incidente importado desde SAC,,Cobranzas Automático,Usuario Importador,Telemarketing,,Consulta,Solucionado,,,,,AUI1 - AUTOMOTORES INSTITUCIONES,859360,,3512868,Reintegro - Automático,,,,'2016-11-11 08:36:44','2016-11-11 08:36:44','2016-11-11 08:36:44',Atendido,,
161111-354277,,Incidente importado desde SAC,,Cac,Usuario Importador,Telemarketing,,Consulta,Solucionado,,,,,AUS1 - AUTOMOTORES,859343,,3713558,Modificación datos personales,,,,'2016-11-11 08:36:43','2016-11-11 08:36:43','2016-11-11 08:36:43',Atendido,,
161111-354281,,Incidente importado desde SAC,,Cac,Usuario Importador,Telemarketing,,Consulta,Solucionado,,,,,APL1 - AUTOMOTORES PLANES,859347,,4339130,Modificaciones datos del producto,,,,'2016-11-11 08:36:43','2016-11-11 08:36:43','2016-11-11 08:36:43',Atendido,,
161111-354273,,Incidente importado desde SAC,,Cac,Usuario Importador,Telemarketing,,Consulta,Solucionado,,,,,AUS1 - AUTOMOTORES,859339,,4493515,Facturación,,,,'2016-11-11 08:36:42','2016-11-11 08:36:42','2016-11-11 08:36:42',Atendido,,
161111-354270,,Incidente importado desde SAC,,Fleet Services,Usuario Importador,Carta Documento,,Consulta,Solucionado,,,,,AUS1 - AUTOMOTORES,859336,,5950896,Contacto del tercero,,,,'2016-11-11 08:36:41','2016-11-11 08:36:41','2016-11-11 08:36:41',Atendido,,
161111-354259,,Incidente importado desde SAC,,Cac,Usuario Importador,Telemarketing,,Consulta,Solucionado,,,,,APL1 - AUTOMOTORES PLANES,859325,,3038353,Modificaciones datos del producto,,,,'2016-11-11 08:36:40','2016-11-11 08:36:40','2016-11-11 08:36:40',Atendido,,
161111-354251,,Incidente importado desde SAC,,Fleet Services,Usuario Importador,Telemarketing,,Consulta,Solucionado,,,,,APL1 - AUTOMOTORES PLANES,859317,,3429813,Contacto del tercero,,,,'2016-11-11 08:36:38','2016-11-11 08:36:38','2016-11-11 08:36:38',Atendido,,
161111-354248,,Incidente importado desde SAC,,Cac,Usuario Importador,Telemarketing,,Consulta,Solucionado,,,,,AUS1 - AUTOMOTORES,859314,,7521372,Post - Denuncia,,,,'2016-11-11 08:36:37','2016-11-11 08:36:37','2016-11-11 08:36:37',Atendido,,
161111-354238,,Incidente importado desde SAC,,Cac,Usuario Importador,Telemarketing,,Consulta,Solucionado,,,,,HOM1 - SEGURO DEL HOGAR,859304,,5433214,Facturación,,,,'2016-11-11 08:36:36','2016-11-11 08:36:36','2016-11-11 08:36:36',Atendido,,
161111-354240,,Incidente importado desde SAC,,Cac,Usuario Importador,Telemarketing,,Consulta,Solucionado,,,,,AUS1 - AUTOMOTORES,859306,,3160777,Condiciones de póliza,,,,'2016-11-11 08:36:36','2016-11-11 08:36:36','2016-11-11 08:36:36',Atendido,,
161111-354241,,Incidente importado desde SAC,,Cac,Usuario Importador,Telemarketing,,Consulta,Solucionado,,,,,HOM1 - SEGURO DEL HOGAR,859307,,4250076,Facturación,,,,'2016-11-11 08:36:36','2016-11-11 08:36:36','2016-11-11 08:36:36',Atendido,,
161111-354243,,Incidente importado desde SAC,,Cac,Usuario Importador,Telemarketing,,Consulta,Solucionado,,,,,AUS1 - AUTOMOTORES,859309,,2425224,Denuncia daños materiales,,,,'2016-11-11 08:36:36','2016-11-11 08:36:36','2016-11-11 08:36:36',Atendido,,
161111-354228,,Incidente importado desde SAC,,Daños Materiales Autos,Usuario Importador,Carta,,Consulta,Solucionado,,,,,AUT1 - AUTOMOTORES,859294,,3156462,Siniestro Jet,,,,'2016-11-11 08:36:35','2016-11-11 08:36:35','2016-11-11 08:36:35',Resuelto,,
161111-354229,,Incidente importado desde SAC,,Cac,Usuario Importador,Telemarketing,,Consulta,Solucionado,,,,,APR1 - AUTOMOTORES,859295,,3908970,Modificaciones datos del producto,,,,'2016-11-11 08:36:35','2016-11-11 08:36:35','2016-11-11 08:36:35',Atendido,,
161111-354233,,Incidente importado desde SAC,,Riesgos Varios Casa Central,Usuario Importador,Telemarketing,,Consulta,Solucionado,,,,,ICO1 - INTEGR.COMERCIO,859299,,1362269,Siniestro Jet,,,,'2016-11-11 08:36:35','2016-11-11 08:36:35','2016-11-11 08:36:35',Resuelto,,
161111-354215,,Incidente importado desde SAC,,Emisión Masivos,Usuario Importador,Carta Documento,,Consulta,Solucionado,,,,,HOM1 - SEGURO DEL HOGAR,859281,,4271996,Baja de póliza,,,,'2016-11-11 08:36:34','2016-11-11 08:36:34','2016-11-11 08:36:34',Atendido,,
161111-354218,,Incidente importado desde SAC,,Cac,Usuario Importador,Carta Documento,,Consulta,Solucionado,,,,,AUS1 - AUTOMOTORES,859284,,438221,Cupón de pago,,,,'2016-11-11 08:36:34','2016-11-11 08:36:34','2016-11-11 08:36:34',Atendido,,
161111-354220,,Incidente importado desde SAC,,Mailing,Usuario Importador,Telemarketing,,Reclamo,Solucionado,,,,,APR1 - AUTOMOTORES,859286,,4808147,Certificado de cobertura,,,,'2016-11-11 08:36:34','2016-11-11 08:36:34','2016-11-11 08:36:34',Resuelto,,
161111-354212,,Incidente importado desde SAC,,Mailing,Usuario Importador,Telemarketing,,Reclamo,Solucionado,,,,,AUS1 - AUTOMOTORES,859278,,3395672,Certificado de cobertura,,,,'2016-11-11 08:36:33','2016-11-11 08:36:33','2016-11-11 08:36:33',Resuelto,,
161111-354203,,Incidente importado desde SAC,,Daños Materiales Autos,Usuario Importador,Telemarketing,,Disconformidad,Solucionado,,,,,AUS1 - AUTOMOTORES,859269,,2226976,Con resolución de siniestro - Disconformidad,,,,'2016-11-11 08:36:32','2016-11-11 08:36:32','2016-11-11 08:36:32',Atendido,,
161111-354205,,Incidente importado desde SAC,,Cac,Usuario Importador,Carta Documento,,Consulta,Solucionado,,,,,AUS1 - AUTOMOTORES,859271,,1404287,Certificado de cobertura,,,,'2016-11-11 08:36:32','2016-11-11 08:36:32','2016-11-11 08:36:32',Atendido,,
161111-354208,,Incidente importado desde SAC,,Cac,Usuario Importador,Telemarketing,,Consulta,Solucionado,,,,,APL1 - AUTOMOTORES PLANES,859274,,2549883,Certificado de cobertura,,,,'2016-11-11 08:36:32','2016-11-11 08:36:32','2016-11-11 08:36:32',Atendido,,
161111-354209,,Incidente importado desde SAC,,Mailing,Usuario Importador,Telemarketing,,Reclamo,Solucionado,,,,,APR1 - AUTOMOTORES,859275,,5342090,Certificado de cobertura,,,,'2016-11-11 08:36:32','2016-11-11 08:36:32','2016-11-11 08:36:32',Resuelto,,
161111-354196,,Incidente importado desde SAC,,Cac,Usuario Importador,Telemarketing,,Consulta,Solucionado,,,,,AUS1 - AUTOMOTORES,859261,,6876560,Facturación,,,,'2016-11-11 08:36:31','2016-11-11 08:36:31','2016-11-11 08:36:31',Atendido,,
161111-353958,,,,Mailing,Maria Victoria Elgue,Llamada entrante,,Consulta,Solucionado,,,45815,,AUT1 - AUTOMOTORES,859264,,4565773,Certificado Mercosur/tarjeta de circulación,,,,'2016-11-11 08:36:31','2016-11-11 08:36:31','2016-11-11 08:36:31',Atendido,,
161111-354189,,Incidente importado desde SAC,,Oficina Mendoza,Usuario Importador,Telemarketing,,Reclamo,Solucionado,,,,,AUS1 - AUTOMOTORES,859254,,2016239,Daños materiales Mendoza,,,,'2016-11-11 08:36:30','2016-11-11 08:36:30','2016-11-11 08:36:30',Resuelto,,
161111-354184,,Incidente importado desde SAC,,Fleet Services,Usuario Importador,Carta Documento,,Consulta,Solucionado,,,,,AUT1 - AUTOMOTORES,859249,,3266471,Siniestro Jet,,,,'2016-11-11 08:36:29','2016-11-11 08:36:29','2016-11-11 08:36:29',Resuelto,,
161111-354187,,Incidente importado desde SAC,,Cac,Usuario Importador,Telemarketing,,Consulta,Solucionado,,,,,AUS1 - AUTOMOTORES,859252,,5921490,Facturación,,,,'2016-11-11 08:36:29','2016-11-11 08:36:29','2016-11-11 08:36:29',Atendido,,
161111-354174,,Incidente importado desde SAC,,Mailing,Usuario Importador,Telemarketing,,Reclamo,Solucionado,,,,,AUS1 - AUTOMOTORES,859239,,5607532,Cupón de pago,,,,'2016-11-11 08:36:28','2016-11-11 08:36:28','2016-11-11 08:36:28',Resuelto,,
161111-354177,,Incidente importado desde SAC,,Cac,Usuario Importador,Telemarketing,,Consulta,Solucionado,,,,,AUS1 - AUTOMOTORES,859242,,5202532,Condiciones de póliza,,,,'2016-11-11 08:36:28','2016-11-11 08:36:28','2016-11-11 08:36:28',Atendido,,
161111-353844,,,,Cac,Julieta Alonso,Llamada entrante,,Consulta,Solucionado,,,45817,,APL1 - AUTOMOTORES PLANES,859226,,7869180,Condiciones de póliza,,,,'2016-11-11 08:36:24','2016-11-11 08:36:24','2016-11-11 08:36:24',Atendido,,
161111-354151,,Incidente importado desde SAC,,Cleas,Usuario Importador,Carta,,Consulta,Solucionado,,,,,APL1 - AUTOMOTORES PLANES,859215,,2289567,Siniestro Jet (Cobertura),,,,'2016-11-11 08:36:23','2016-11-11 08:36:23','2016-11-11 08:36:23',Resuelto,,
161111-354152,,Incidente importado desde SAC,,Gerencia Clientes,Usuario Importador,Entes Reguladores,,Accion Proactiva,Solucionado,,,,,APR1 - AUTOMOTORES,859216,,3706893,Uso Interno SAA - Acción Proactiva,,,,'2016-11-11 08:36:23','2016-11-11 08:36:23','2016-11-11 08:36:23',Resuelto,,
161111-354155,,Incidente importado desde SAC,,UPF,Usuario Importador,Telemarketing,,Accion Proactiva,Solucionado,,,,,AUS1 - AUTOMOTORES,859219,,2175097,Irregularidad siniestro - Acción Proactiva,,,,'2016-11-11 08:36:23','2016-11-11 08:36:23','2016-11-11 08:36:23',Resuelto,,
161111-354157,,Incidente importado desde SAC,,Cac,Usuario Importador,Telemarketing,,Consulta,Solucionado,,,,,AUS1 - AUTOMOTORES,859221,,2955757,Facturación,,,,'2016-11-11 08:36:23','2016-11-11 08:36:23','2016-11-11 08:36:23',Atendido,,
161111-354158,,Incidente importado desde SAC,,Cac,Usuario Importador,Telemarketing,,Consulta,Solucionado,,,,,AUS1 - AUTOMOTORES,859222,,7121554,Denuncia Robos,,,,'2016-11-11 08:36:23','2016-11-11 08:36:23','2016-11-11 08:36:23',Atendido,,
161111-354160,,Incidente importado desde SAC,,Emisión Masivos,Usuario Importador,Telemarketing,,Consulta,Solucionado,,,,,AUS1 - AUTOMOTORES,859224,,519260,Baja de póliza,,,,'2016-11-11 08:36:23','2016-11-11 08:36:23','2016-11-11 08:36:23',Atendido,,
161111-354147,,Incidente importado desde SAC,,Cac,Usuario Importador,Telemarketing,,Consulta,Solucionado,,,,,AUS1 - AUTOMOTORES,859211,,7229629,Facturación,,,,'2016-11-11 08:36:22','2016-11-11 08:36:22','2016-11-11 08:36:22',Atendido,,
161111-354141,,Incidente importado desde SAC,,Cac,Usuario Importador,Telemarketing,,Consulta,Solucionado,,,,,AUS1 - AUTOMOTORES,859205,,3062149,Condiciones de póliza,,,,'2016-11-11 08:36:21','2016-11-11 08:36:21','2016-11-11 08:36:21',Atendido,,
161111-354130,,Incidente importado desde SAC,,Cac,Usuario Importador,Telemarketing,,Consulta,Solucionado,,,,,AUS1 - AUTOMOTORES,859194,,3044085,Facturación,,,,'2016-11-11 08:36:20','2016-11-11 08:36:20','2016-11-11 08:36:20',Atendido,,
161111-354133,,Incidente importado desde SAC,,Cac,Usuario Importador,Telemarketing,,Consulta,Solucionado,,,,,APL1 - AUTOMOTORES PLANES,859197,,1865746,Certificado de cobertura,,,,'2016-11-11 08:36:20','2016-11-11 08:36:20','2016-11-11 08:36:20',Atendido,,
161111-354136,,Incidente importado desde SAC,,Cac,Usuario Importador,Telemarketing,,Consulta,Solucionado,,,,,AUS1 - AUTOMOTORES,859200,,3357814,Cupón de pago,,,,'2016-11-11 08:36:20','2016-11-11 08:36:20','2016-11-11 08:36:20',Atendido,,
161111-354123,,Incidente importado desde SAC,,Daños Materiales Autos,Usuario Importador,Carta,,Consulta,Solucionado,,,,,AUT1 - AUTOMOTORES,859187,,1288189,Siniestro Jet,,,,'2016-11-11 08:36:19','2016-11-11 08:36:19','2016-11-11 08:36:19',Resuelto,,
161111-354126,,Incidente importado desde SAC,,Fleet Services,Usuario Importador,Telemarketing,,Consulta,Solucionado,,,,,AUI1 - AUTOMOTORES INSTITUCIONES,859190,,7290157,Contacto del tercero,,,,'2016-11-11 08:36:19','2016-11-11 08:36:19','2016-11-11 08:36:19',Atendido,,
161111-354128,,Incidente importado desde SAC,,Cac,Usuario Importador,Telemarketing,,Consulta,Solucionado,,,,,AUS1 - AUTOMOTORES,859192,,2834875,Facturación,,,,'2016-11-11 08:36:19','2016-11-11 08:36:19','2016-11-11 08:36:19',Atendido,,
161111-354121,,Incidente importado desde SAC,,Cac,Usuario Importador,Carta Documento,,Consulta,Solucionado,,,,,AUS1 - AUTOMOTORES,859185,,1884752,Post - Denuncia,,,,'2016-11-11 08:36:18','2016-11-11 08:36:18','2016-11-11 08:36:18',Atendido,,
161111-354105,,Incidente importado desde SAC,,Cac,Usuario Importador,Telemarketing,,Consulta,Solucionado,,,,,AUS1 - AUTOMOTORES,859169,,377781,Cambio de campaña,,,,'2016-11-11 08:36:17','2016-11-11 08:36:17','2016-11-11 08:36:17',Atendido,,
161111-354108,,Incidente importado desde SAC,,Cac,Usuario Importador,Telemarketing,,Consulta,Solucionado,,,,,HOM1 - SEGURO DEL HOGAR,859172,,6889236,Facturación,,,,'2016-11-11 08:36:17','2016-11-11 08:36:17','2016-11-11 08:36:17',Atendido,,
161111-354109,,Incidente importado desde SAC,,Cac,Usuario Importador,Telemarketing,,Consulta,Solucionado,,,,,ATD1 - ROBO/USUAR.T.DEB-CRE,859173,,7347498,Baja de póliza,,,,'2016-11-11 08:36:17','2016-11-11 08:36:17','2016-11-11 08:36:17',Atendido,,
161111-354110,,Incidente importado desde SAC,,Cac,Usuario Importador,Telemarketing,,Consulta,Solucionado,,,,,AUS1 - AUTOMOTORES,859174,,4324136,Facturación,,,,'2016-11-11 08:36:17','2016-11-11 08:36:17','2016-11-11 08:36:17',Atendido,,
161111-354095,,Incidente importado desde SAC,,Cac,Usuario Importador,Telemarketing,,Consulta,Solucionado,,,,,AUS1 - AUTOMOTORES,859158,,5985236,Post - Denuncia,,,,'2016-11-11 08:36:16','2016-11-11 08:36:16','2016-11-11 08:36:16',Atendido,,
161111-354098,,Incidente importado desde SAC,,Emisión Masivos,Usuario Importador,Carta Documento,,Consulta,Solucionado,,,,,HOM1 - SEGURO DEL HOGAR,859161,,7693805,Baja de póliza,,,,'2016-11-11 08:36:16','2016-11-11 08:36:16','2016-11-11 08:36:16',Atendido,,
161111-353809,,,,Emisión Cartera Gral.,Verónica Tamburro,Llamada entrante,,Consulta,Solucionado,,,45816,,CON1 - INTEGRAL CONSORCIO,859164,,4570504,Facturación,,,,'2016-11-11 08:36:16','2016-11-11 08:36:16','2016-11-11 08:36:16',Atendido,,
161111-354094,,Incidente importado desde SAC,,Cac,Usuario Importador,Carta Documento,,Consulta,Solucionado,,,,,APL1 - AUTOMOTORES PLANES,859157,,7239704,Post - Denuncia,,,,'2016-11-11 08:36:15','2016-11-11 08:36:15','2016-11-11 08:36:15',Atendido,,
161111-354077,,Incidente importado desde SAC,,Fleet Services,Usuario Importador,Telemarketing,,Consulta,Solucionado,,,,,AUT1 - AUTOMOTORES,859140,,1288672,Contacto del tercero,,,,'2016-11-11 08:36:12','2016-11-11 08:36:12','2016-11-11 08:36:12',Atendido,,
161111-354079,,Incidente importado desde SAC,,Emisión Masivos,Usuario Importador,Telemarketing,,Consulta,Solucionado,,,,,AUS1 - AUTOMOTORES,859142,,1940082,Baja de póliza,,,,'2016-11-11 08:36:12','2016-11-11 08:36:12','2016-11-11 08:36:12',Atendido,,
161111-354074,,Incidente importado desde SAC,,Cac,Usuario Importador,Telemarketing,,Consulta,Solucionado,,,,,APL1 - AUTOMOTORES PLANES,859137,,4615865,Post - Denuncia,,,,'2016-11-11 08:36:11','2016-11-11 08:36:11','2016-11-11 08:36:11',Atendido,,
161111-354075,,Incidente importado desde SAC,,Cac,Usuario Importador,Telemarketing,,Consulta,Solucionado,,,,,AUS1 - AUTOMOTORES,859138,,7853959,Post - Denuncia,,,,'2016-11-11 08:36:11','2016-11-11 08:36:11','2016-11-11 08:36:11',Atendido,,
161111-354061,,Incidente importado desde SAC,,Emisión Masivos,Usuario Importador,Telemarketing,,Consulta,Solucionado,,,,,AUS1 - AUTOMOTORES,859124,,5417916,Baja de póliza,,,,'2016-11-11 08:36:09','2016-11-11 08:36:09','2016-11-11 08:36:09',Atendido,,
161111-354066,,Incidente importado desde SAC,,Cac,Usuario Importador,Telemarketing,,Consulta,Solucionado,,,,,AUS1 - AUTOMOTORES,859129,,1771827,Post - Denuncia,,,,'2016-11-11 08:36:09','2016-11-11 08:36:09','2016-11-11 08:36:09',Atendido,,
161111-354068,,Incidente importado desde SAC,,Robo / Destruccion Total,Usuario Importador,Carta,,Consulta,Solucionado,,,,,AUS1 - AUTOMOTORES,859131,,7022378,Siniestro Jet,,,,'2016-11-11 08:36:09','2016-11-11 08:36:09','2016-11-11 08:36:09',Resuelto,,
161111-354044,,Incidente importado desde SAC,,Cac,Usuario Importador,Carta Documento,,Consulta,Solucionado,,,,,AUS1 - AUTOMOTORES,859107,,1120216,Certificado de cobertura,,,,'2016-11-11 08:36:07','2016-11-11 08:36:07','2016-11-11 08:36:07',Atendido,,
161111-354046,,Incidente importado desde SAC,,Cac,Usuario Importador,Telemarketing,,Consulta,Solucionado,,,,,AUS1 - AUTOMOTORES,859109,,4397052,Facturación,,,,'2016-11-11 08:36:07','2016-11-11 08:36:07','2016-11-11 08:36:07',Atendido,,
161111-354038,,Incidente importado desde SAC,,Gerencia Clientes,Usuario Importador,Telemarketing,,Reclamo,Solucionado,,,,,AUS1 - AUTOMOTORES,859101,,3632214,Venta con anomalías,,,,'2016-11-11 08:36:06','2016-11-11 08:36:06','2016-11-11 08:36:06',Resuelto,,
161111-354024,,Incidente importado desde SAC,,Cac,Usuario Importador,Telemarketing,,Consulta,Solucionado,,,,,AUS1 - AUTOMOTORES,859087,,5736041,Post - Denuncia,,,,'2016-11-11 08:36:05','2016-11-11 08:36:05','2016-11-11 08:36:05',Atendido,,
161111-354029,,Incidente importado desde SAC,,Mailing,Usuario Importador,Telemarketing,,Reclamo,Solucionado,,,,,HOM1 - SEGURO DEL HOGAR,859092,,5481357,Cupón de pago,,,,'2016-11-11 08:36:05','2016-11-11 08:36:05','2016-11-11 08:36:05',Resuelto,,
161111-354018,,Incidente importado desde SAC,,Cac,Usuario Importador,Telemarketing,,Consulta,Solucionado,,,,,HOM1 - SEGURO DEL HOGAR,859081,,1317546,Condiciones de póliza,,,,'2016-11-11 08:36:04','2016-11-11 08:36:04','2016-11-11 08:36:04',Atendido,,
161111-354020,,Incidente importado desde SAC,,Cac,Usuario Importador,Carta Documento,,Consulta,Solucionado,,,,,AUI1 - AUTOMOTORES INSTITUCIONES,859083,,5123099,Certificado de cobertura,,,,'2016-11-11 08:36:04','2016-11-11 08:36:04','2016-11-11 08:36:04',Atendido,,
161111-354022,,Incidente importado desde SAC,,Cac,Usuario Importador,Telemarketing,,Consulta,Solucionado,,,,,APL1 - AUTOMOTORES PLANES,859085,,552650,Facturación,,,,'2016-11-11 08:36:04','2016-11-11 08:36:04','2016-11-11 08:36:04',Atendido,,
161111-354012,,Incidente importado desde SAC,,UPF,Usuario Importador,Telemarketing,,Accion Proactiva,Solucionado,,,,,AUT1 - AUTOMOTORES,859075,,5459141,Irregularidad siniestro - Acción Proactiva,,,,'2016-11-11 08:36:03','2016-11-11 08:36:03','2016-11-11 08:36:03',Resuelto,,
161111-354006,,Incidente importado desde SAC,,Cac,Usuario Importador,Telemarketing,,Consulta,Solucionado,,,,,APR1 - AUTOMOTORES,859069,,3506301,Post - Denuncia,,,,'2016-11-11 08:36:02','2016-11-11 08:36:02','2016-11-11 08:36:02',Atendido,,
161111-354007,,Incidente importado desde SAC,,Cac,Usuario Importador,Telemarketing,,Consulta,Solucionado,,,,,AUS1 - AUTOMOTORES,859070,,2023784,Facturación,,,,'2016-11-11 08:36:02','2016-11-11 08:36:02','2016-11-11 08:36:02',Atendido,,
161111-354008,,Incidente importado desde SAC,,Cac,Usuario Importador,Telemarketing,,Consulta,Solucionado,,,,,AUS1 - AUTOMOTORES,859071,,1881403,Post - Denuncia,,,,'2016-11-11 08:36:02','2016-11-11 08:36:02','2016-11-11 08:36:02',Atendido,,
161111-354010,,Incidente importado desde SAC,,Cac,Usuario Importador,Telemarketing,,Consulta,Solucionado,,,,,AUS1 - AUTOMOTORES,859073,,2678564,Facturación,,,,'2016-11-11 08:36:02','2016-11-11 08:36:02','2016-11-11 08:36:02',Atendido,,
161111-353997,,Incidente importado desde SAC,,Cac,Usuario Importador,Telemarketing,,Consulta,Solucionado,,,,,AUS1 - AUTOMOTORES,859059,,5519016,Facturación,,,,'2016-11-11 08:36:01','2016-11-11 08:36:01','2016-11-11 08:36:01',Atendido,,
161111-354001,,Incidente importado desde SAC,,Cac,Usuario Importador,Telemarketing,,Consulta,Solucionado,,,,,APL1 - AUTOMOTORES PLANES,859063,,3420031,Modificaciones datos del producto,,,,'2016-11-11 08:36:01','2016-11-11 08:36:01','2016-11-11 08:36:01',Atendido,,
161111-354002,,Incidente importado desde SAC,,Gerencia Clientes,Usuario Importador,Telemarketing,,Disconformidad,Solucionado,,,,,AUS1 - AUTOMOTORES,859064,,3691509,Condiciones de póliza,,,,'2016-11-11 08:36:01','2016-11-11 08:36:01','2016-11-11 08:36:01',Resuelto,,
161111-353986,,Incidente importado desde SAC,,Cac,Usuario Importador,Telemarketing,,Consulta,Solucionado,,,,,APL1 - AUTOMOTORES PLANES,859048,,3630388,Facturación,,,,'2016-11-11 08:35:59','2016-11-11 08:35:59','2016-11-11 08:35:59',Atendido,,
161111-353987,,Incidente importado desde SAC,,Cac,Usuario Importador,Telemarketing,,Consulta,Solucionado,,,,,APL1 - AUTOMOTORES PLANES,859049,,3420203,Modificaciones datos del producto,,,,'2016-11-11 08:35:59','2016-11-11 08:35:59','2016-11-11 08:35:59',Atendido,,
161111-353988,,Incidente importado desde SAC,,Fleet Services,Usuario Importador,Telemarketing,,Consulta,Solucionado,,,,,AUS1 - AUTOMOTORES,859050,,1361009,Contacto del tercero,,,,'2016-11-11 08:35:59','2016-11-11 08:35:59','2016-11-11 08:35:59',Atendido,,
161111-353982,,Incidente importado desde SAC,,Cac,Usuario Importador,Telemarketing,,Consulta,Solucionado,,,,,HOM1 - SEGURO DEL HOGAR,859044,,4703584,Condiciones de póliza,,,,'2016-11-11 08:35:57','2016-11-11 08:35:57','2016-11-11 08:35:57',Atendido,,
161111-353972,,Incidente importado desde SAC,,Cac,Usuario Importador,Telemarketing,,Consulta,Solucionado,,,,,AUS1 - AUTOMOTORES,859034,,5923457,Facturación,,,,'2016-11-11 08:35:55','2016-11-11 08:35:55','2016-11-11 08:35:55',Atendido,,
161111-353963,,Incidente importado desde SAC,,Drive in La Plata,Usuario Importador,Carta Documento,,Consulta,Solucionado,,,,,AUT1 - AUTOMOTORES,859025,,1288670,Siniestro Jet,,,,'2016-11-11 08:35:54','2016-11-11 08:35:54','2016-11-11 08:35:54',Resuelto,,
161111-353955,,Incidente importado desde SAC,,Mailing,Usuario Importador,Telemarketing,,Reclamo,Solucionado,,,,,AUS1 - AUTOMOTORES,859018,,2694690,Certificado de cobertura,,,,'2016-11-11 08:35:53','2016-11-11 08:35:53','2016-11-11 08:35:53',Resuelto,,
161111-353956,,Incidente importado desde SAC,,Mailing,Usuario Importador,Telemarketing,,Reclamo,Solucionado,,,,,AUS1 - AUTOMOTORES,859019,,1363652,Cupón de pago,,,,'2016-11-11 08:35:53','2016-11-11 08:35:53','2016-11-11 08:35:53',Resuelto,,
161111-353957,,Incidente importado desde SAC,,Cac,Usuario Importador,Telemarketing,,Consulta,Solucionado,,,,,APR1 - AUTOMOTORES,859020,,3410714,Post - Denuncia,,,,'2016-11-11 08:35:53','2016-11-11 08:35:53','2016-11-11 08:35:53',Atendido,,
161111-353951,,Incidente importado desde SAC,,Cac,Usuario Importador,Telemarketing,,Consulta,Solucionado,,,,,AUT1 - AUTOMOTORES,859014,,3528780,Facturación,,,,'2016-11-11 08:35:52','2016-11-11 08:35:52','2016-11-11 08:35:52',Atendido,,
161111-353937,,Incidente importado desde SAC,,Emisión Masivos,Usuario Importador,Telemarketing,,Reclamo,Solucionado,,,,,APR1 - AUTOMOTORES,859000,,5070085,Demora en alta de póliza,,,,'2016-11-11 08:35:51','2016-11-11 08:35:51','2016-11-11 08:35:51',Resuelto,,
161111-353941,,Incidente importado desde SAC,,Cac,Usuario Importador,Telemarketing,,Consulta,Solucionado,,,,,AUS1 - AUTOMOTORES,859004,,2412002,Facturación,,,,'2016-11-11 08:35:51','2016-11-11 08:35:51','2016-11-11 08:35:51',Atendido,,
161111-353942,,Incidente importado desde SAC,,Cac,Usuario Importador,Telemarketing,,Consulta,Solucionado,,,,,AUS1 - AUTOMOTORES,859005,,717302,Facturación,,,,'2016-11-11 08:35:51','2016-11-11 08:35:51','2016-11-11 08:35:51',Atendido,,
161111-353925,,Incidente importado desde SAC,,Cac,Usuario Importador,Telemarketing,,Consulta,Solucionado,,,,,APR1 - AUTOMOTORES,858988,,3477101,Post - Denuncia,,,,'2016-11-11 08:35:50','2016-11-11 08:35:50','2016-11-11 08:35:50',Atendido,,
161111-353926,,Incidente importado desde SAC,,Cac,Usuario Importador,Telemarketing,,Consulta,Solucionado,,,,,AUI1 - AUTOMOTORES INSTITUCIONES,858989,,4625176,Post - Denuncia,,,,'2016-11-11 08:35:50','2016-11-11 08:35:50','2016-11-11 08:35:50',Atendido,,
161111-353927,,Incidente importado desde SAC,,Cac,Usuario Importador,Telemarketing,,Consulta,Solucionado,,,,,AUS1 - AUTOMOTORES,858990,,6208358,Facturación,,,,'2016-11-11 08:35:50','2016-11-11 08:35:50','2016-11-11 08:35:50',Atendido,,
161111-353931,,Incidente importado desde SAC,,Cac,Usuario Importador,Carta Documento,,Consulta,Solucionado,,,,,APR1 - AUTOMOTORES,858994,,1257613,Certificado de cobertura,,,,'2016-11-11 08:35:50','2016-11-11 08:35:50','2016-11-11 08:35:50',Atendido,,
161111-353915,,Incidente importado desde SAC,,Cac,Usuario Importador,Telemarketing,,Consulta,Solucionado,,,,,AUS1 - AUTOMOTORES,858978,,7745800,Facturación,,,,'2016-11-11 08:35:49','2016-11-11 08:35:49','2016-11-11 08:35:49',Atendido,,
161111-353922,,Incidente importado desde SAC,,Cac,Usuario Importador,Carta Documento,,Consulta,Solucionado,,,,,AUA1 - AUTOMOTORES CARTERA GENERAL,858985,,3517728,,,,,'2016-11-11 08:35:49','2016-11-11 08:35:49','2016-11-11 08:35:49',Atendido,,
161111-353911,,Incidente importado desde SAC,,Cac,Usuario Importador,Telemarketing,,Consulta,Solucionado,,,,,HOM1 - SEGURO DEL HOGAR,858974,,564266,Facturación,,,,'2016-11-11 08:35:48','2016-11-11 08:35:48','2016-11-11 08:35:48',Atendido,,
161111-353912,,Incidente importado desde SAC,,Cac,Usuario Importador,Telemarketing,,Consulta,Solucionado,,,,,AUS1 - AUTOMOTORES,858975,,5414205,Facturación,,,,'2016-11-11 08:35:48','2016-11-11 08:35:48','2016-11-11 08:35:48',Atendido,,
161111-353900,,Incidente importado desde SAC,,Cac,Usuario Importador,Telemarketing,,Consulta,Solucionado,,,,,AUS1 - AUTOMOTORES,858963,,6840881,Certificado de cobertura,,,,'2016-11-11 08:35:47','2016-11-11 08:35:47','2016-11-11 08:35:47',Atendido,,
161111-353904,,Incidente importado desde SAC,,Cac,Usuario Importador,Telemarketing,,Consulta,Solucionado,,,,,AUI1 - AUTOMOTORES INSTITUCIONES,858967,,838920,Facturación,,,,'2016-11-11 08:35:47','2016-11-11 08:35:47','2016-11-11 08:35:47',Atendido,,
161111-353905,,Incidente importado desde SAC,,Cac,Usuario Importador,Telemarketing,,Consulta,Solucionado,,,,,HOM1 - SEGURO DEL HOGAR,858968,,5331015,Facturación,,,,'2016-11-11 08:35:47','2016-11-11 08:35:47','2016-11-11 08:35:47',Atendido,,
161111-353906,,Incidente importado desde SAC,,Cac,Usuario Importador,Carta Documento,,Consulta,Solucionado,,,,,HOM1 - SEGURO DEL HOGAR,858969,,3223829,Facturación,,,,'2016-11-11 08:35:47','2016-11-11 08:35:47','2016-11-11 08:35:47',Atendido,,
161111-353899,,Incidente importado desde SAC,,Cac,Usuario Importador,Carta Documento,,Consulta,Solucionado,,,,,AUS1 - AUTOMOTORES,858962,,3792092,Facturación,,,,'2016-11-11 08:35:46','2016-11-11 08:35:46','2016-11-11 08:35:46',Atendido,,
161111-353895,,Incidente importado desde SAC,,Cac,Usuario Importador,Carta Documento,,Consulta,Solucionado,,,,,APR1 - AUTOMOTORES,858958,,5190768,Certificado de cobertura,,,,'2016-11-11 08:35:45','2016-11-11 08:35:45','2016-11-11 08:35:45',Atendido,,
161111-353894,,Incidente importado desde SAC,,Cac,Usuario Importador,Telemarketing,,Consulta,Solucionado,,,,,APL1 - AUTOMOTORES PLANES,858957,,660422,Modificaciones datos del producto,,,,'2016-11-11 08:35:44','2016-11-11 08:35:44','2016-11-11 08:35:44',Atendido,,
161111-353887,,Incidente importado desde SAC,,Cac,Usuario Importador,Carta Documento,,Consulta,Solucionado,,,,,AUS1 - AUTOMOTORES,858950,,367752,Post - Denuncia,,,,'2016-11-11 08:35:43','2016-11-11 08:35:43','2016-11-11 08:35:43',Atendido,,
161111-353889,,Incidente importado desde SAC,,Cac,Usuario Importador,Telemarketing,,Consulta,Solucionado,,,,,AUS1 - AUTOMOTORES,858952,,6925560,Facturación,,,,'2016-11-11 08:35:43','2016-11-11 08:35:43','2016-11-11 08:35:43',Atendido,,
161111-353892,,Incidente importado desde SAC,,Fleet Services,Usuario Importador,Telemarketing,,Consulta,Solucionado,,,,,AUT1 - AUTOMOTORES,858955,,3428604,Contacto del tercero,,,,'2016-11-11 08:35:43','2016-11-11 08:35:43','2016-11-11 08:35:43',Atendido,,
161111-353882,,Incidente importado desde SAC,,Cac,Usuario Importador,Telemarketing,,Consulta,Solucionado,,,,,HOM1 - SEGURO DEL HOGAR,858945,,3198408,Facturación,,,,'2016-11-11 08:35:42','2016-11-11 08:35:42','2016-11-11 08:35:42',Atendido,,
161111-353883,,Incidente importado desde SAC,,Cac,Usuario Importador,Telemarketing,,Consulta,Solucionado,,,,,AUS1 - AUTOMOTORES,858946,,6774127,Post - Denuncia,,,,'2016-11-11 08:35:42','2016-11-11 08:35:42','2016-11-11 08:35:42',Atendido,,
161111-353885,,Incidente importado desde SAC,,Fleet Services,Usuario Importador,Telemarketing,,Consulta,Solucionado,,,,,AUS1 - AUTOMOTORES,858948,,1300374,Contacto del tercero,,,,'2016-11-11 08:35:42','2016-11-11 08:35:42','2016-11-11 08:35:42',Atendido,,
161111-353872,,Incidente importado desde SAC,,Cac,Usuario Importador,Telemarketing,,Consulta,Solucionado,,,,,AUS1 - AUTOMOTORES,858935,,2649608,Facturación,,,,'2016-11-11 08:35:41','2016-11-11 08:35:41','2016-11-11 08:35:41',Atendido,,
161111-353875,,Incidente importado desde SAC,,Cac,Usuario Importador,Telemarketing,,Consulta,Solucionado,,,,,AUT1 - AUTOMOTORES,858938,,3092345,Facturación,,,,'2016-11-11 08:35:41','2016-11-11 08:35:41','2016-11-11 08:35:41',Atendido,,
161111-353858,,Incidente importado desde SAC,,Cac,Usuario Importador,Telemarketing,,Consulta,Solucionado,,,,,AUS1 - AUTOMOTORES,858921,,3042708,Facturación,,,,'2016-11-11 08:35:39','2016-11-11 08:35:39','2016-11-11 08:35:39',Atendido,,
161111-353849,,Incidente importado desde SAC,,Cac,Usuario Importador,Telemarketing,,Consulta,Solucionado,,,,,AUS1 - AUTOMOTORES,858912,,6133996,Denuncia daños materiales,,,,'2016-11-11 08:35:38','2016-11-11 08:35:38','2016-11-11 08:35:38',Atendido,,
161111-353853,,Incidente importado desde SAC,,Cac,Usuario Importador,Telemarketing,,Consulta,Solucionado,,,,,AUS1 - AUTOMOTORES,858916,,4793287,Facturación,,,,'2016-11-11 08:35:38','2016-11-11 08:35:38','2016-11-11 08:35:38',Atendido,,
161111-353855,,Incidente importado desde SAC,,Cac,Usuario Importador,Telemarketing,,Consulta,Solucionado,,,,,APL1 - AUTOMOTORES PLANES,858918,,3158882,Post - Denuncia,,,,'2016-11-11 08:35:38','2016-11-11 08:35:38','2016-11-11 08:35:38',Atendido,,
161111-353839,,Incidente importado desde SAC,,Mailing,Usuario Importador,Telemarketing,,Reclamo,Solucionado,,,,,HOM1 - SEGURO DEL HOGAR,858903,,2983322,Cupón de pago,,,,'2016-11-11 08:35:37','2016-11-11 08:35:37','2016-11-11 08:35:37',Resuelto,,
161111-353843,,Incidente importado desde SAC,,Cac,Usuario Importador,Telemarketing,,Consulta,Solucionado,,,,,AUS1 - AUTOMOTORES,858907,,2877992,Modificaciones scoring,,,,'2016-11-11 08:35:37','2016-11-11 08:35:37','2016-11-11 08:35:37',Atendido,,
161111-353847,,Incidente importado desde SAC,,Cac,Usuario Importador,Carta Documento,,Consulta,Solucionado,,,,,AUS1 - AUTOMOTORES,858910,,4879878,Certificado de cobertura,,,,'2016-11-11 08:35:37','2016-11-11 08:35:37','2016-11-11 08:35:37',Atendido,,
161111-353831,,Incidente importado desde SAC,,Cac,Usuario Importador,Telemarketing,,Consulta,Solucionado,,,,,AUS1 - AUTOMOTORES,858895,,6838574,Post - Denuncia,,,,'2016-11-11 08:35:36','2016-11-11 08:35:36','2016-11-11 08:35:36',Atendido,,
161111-353830,,Incidente importado desde SAC,,Cac,Usuario Importador,Carta Documento,,Consulta,Solucionado,,,,,HOM1 - SEGURO DEL HOGAR,858894,,2746231,Condiciones de póliza,,,,'2016-11-11 08:35:35','2016-11-11 08:35:35','2016-11-11 08:35:35',Atendido,,
161111-353825,,Incidente importado desde SAC,,Cac,Usuario Importador,Telemarketing,,Consulta,Solucionado,,,,,APR1 - AUTOMOTORES,858889,,5371818,Post - Denuncia,,,,'2016-11-11 08:35:34','2016-11-11 08:35:34','2016-11-11 08:35:34',Atendido,,
161111-353815,,Incidente importado desde SAC,,Cac,Usuario Importador,Telemarketing,,Consulta,Solucionado,,,,,AUS1 - AUTOMOTORES,858879,,2433948,Certificado de cobertura,,,,'2016-11-11 08:35:33','2016-11-11 08:35:33','2016-11-11 08:35:33',Atendido,,
161111-353817,,Incidente importado desde SAC,,Cac,Usuario Importador,Telemarketing,,Consulta,Solucionado,,,,,AUT1 - AUTOMOTORES,858881,,3412059,Facturación,,,,'2016-11-11 08:35:33','2016-11-11 08:35:33','2016-11-11 08:35:33',Atendido,,
161111-353814,,Incidente importado desde SAC,,Cac,Usuario Importador,Telemarketing,,Consulta,Solucionado,,,,,AUI1 - AUTOMOTORES INSTITUCIONES,858878,,6980454,Facturación,,,,'2016-11-11 08:35:31','2016-11-11 08:35:31','2016-11-11 08:35:31',Atendido,,
161111-353807,,Incidente importado desde SAC,,Mailing,Usuario Importador,Telemarketing,,Reclamo,Solucionado,,,,,AUS1 - AUTOMOTORES,858872,,459810,Cupón de pago,,,,'2016-11-11 08:35:29','2016-11-11 08:35:29','2016-11-11 08:35:29',Resuelto,,
161111-353792,,Incidente importado desde SAC,,Cac,Usuario Importador,Telemarketing,,Consulta,Solucionado,,,,,AUS1 - AUTOMOTORES,858857,,1101026,Facturación,,,,'2016-11-11 08:35:27','2016-11-11 08:35:27','2016-11-11 08:35:27',Atendido,,
161111-353793,,Incidente importado desde SAC,,Cac,Usuario Importador,Telemarketing,,Consulta,Solucionado,,,,,AUS1 - AUTOMOTORES,858858,,6647757,Facturación,,,,'2016-11-11 08:35:27','2016-11-11 08:35:27','2016-11-11 08:35:27',Atendido,,
161111-353784,,Incidente importado desde SAC,,Fleet Services,Usuario Importador,Telemarketing,,Consulta,Solucionado,,,,,AUA1 - AUTOMOTORES CARTERA GENERAL,858849,,5581541,Contacto del tercero,,,,'2016-11-11 08:35:26','2016-11-11 08:35:26','2016-11-11 08:35:26',Atendido,,
161111-353776,,Incidente importado desde SAC,,Cac,Usuario Importador,Telemarketing,,Consulta,Solucionado,,,,,HOM1 - SEGURO DEL HOGAR,858841,,5401622,Denuncia Riesgos Varios,,,,'2016-11-11 08:35:25','2016-11-11 08:35:25','2016-11-11 08:35:25',Atendido,,
161111-353780,,Incidente importado desde SAC,,Fleet Services,Usuario Importador,Telemarketing,,Consulta,Solucionado,,,,,AUT1 - AUTOMOTORES,858845,,6901707,Contacto del tercero,,,,'2016-11-11 08:35:25','2016-11-11 08:35:25','2016-11-11 08:35:25',Resuelto,,
161111-353771,,Incidente importado desde SAC,,Cac,Usuario Importador,Telemarketing,,Consulta,Solucionado,,,,,HOM1 - SEGURO DEL HOGAR,858836,,7679299,Baja de póliza,,,,'2016-11-11 08:35:24','2016-11-11 08:35:24','2016-11-11 08:35:24',Atendido,,
161111-353773,,Incidente importado desde SAC,,Gerencia Clientes,Usuario Importador,Telemarketing,,Reclamo,Solucionado,,,,,AUS1 - AUTOMOTORES,858838,,3215658,Venta con anomalías,,,,'2016-11-11 08:35:24','2016-11-11 08:35:24','2016-11-11 08:35:24',Resuelto,,
161111-353769,,Incidente importado desde SAC,,Cac,Usuario Importador,Telemarketing,,Consulta,Solucionado,,,,,AUS1 - AUTOMOTORES,858834,,6867508,Post - Denuncia,,,,'2016-11-11 08:35:23','2016-11-11 08:35:23','2016-11-11 08:35:23',Atendido,,
161111-353759,,Incidente importado desde SAC,,Cac,Usuario Importador,Telemarketing,,Consulta,Solucionado,,,,,AUS1 - AUTOMOTORES,858824,,2066842,Facturación,,,,'2016-11-11 08:35:22','2016-11-11 08:35:22','2016-11-11 08:35:22',Atendido,,
161111-353751,,Incidente importado desde SAC,,Cac,Usuario Importador,Telemarketing,,Consulta,Solucionado,,,,,APR1 - AUTOMOTORES,858816,,3687082,Facturación,,,,'2016-11-11 08:35:21','2016-11-11 08:35:21','2016-11-11 08:35:21',Atendido,,
161111-353755,,Incidente importado desde SAC,,Cac,Usuario Importador,Telemarketing,,Consulta,Solucionado,,,,,HOM1 - SEGURO DEL HOGAR,858820,,6011103,Facturación,,,,'2016-11-11 08:35:21','2016-11-11 08:35:21','2016-11-11 08:35:21',Atendido,,
161111-353756,,Incidente importado desde SAC,,Cac,Usuario Importador,Telemarketing,,Consulta,Solucionado,,,,,AUS1 - AUTOMOTORES,858821,,2688879,Facturación,,,,'2016-11-11 08:35:21','2016-11-11 08:35:21','2016-11-11 08:35:21',Atendido,,
161111-353758,,Incidente importado desde SAC,,Cac,Usuario Importador,Carta Documento,,Consulta,Solucionado,,,,,AUS1 - AUTOMOTORES,858823,,6788909,Certificado de cobertura,,,,'2016-11-11 08:35:21','2016-11-11 08:35:21','2016-11-11 08:35:21',Atendido,,
161111-353741,,Incidente importado desde SAC,,Cac,Usuario Importador,Carta Documento,,Consulta,Solucionado,,,,,AUS1 - AUTOMOTORES,858806,,281274,Condiciones de póliza,,,,'2016-11-11 08:35:20','2016-11-11 08:35:20','2016-11-11 08:35:20',Atendido,,
161111-353750,,Incidente importado desde SAC,,Cac,Usuario Importador,Telemarketing,,Consulta,Solucionado,,,,,AUS1 - AUTOMOTORES,858815,,1356141,Certificado de cobertura,,,,'2016-11-11 08:35:20','2016-11-11 08:35:20','2016-11-11 08:35:20',Atendido,,
161111-349615,,,,Cac,Sabrina Diaz,Llamada entrante,,Consulta,Solucionado,,,45807,,APR1 - AUTOMOTORES,858796,,418440,Post - Denuncia,,,,'2016-11-11 08:35:17','2016-11-11 08:35:17','2016-11-11 08:35:17',Atendido,,
161111-353734,,Incidente importado desde SAC,,Cac,Usuario Importador,Telemarketing,,Consulta,Solucionado,,,,,AUS1 - AUTOMOTORES,858798,,2655365,Facturación,,,,'2016-11-11 08:35:17','2016-11-11 08:35:17','2016-11-11 08:35:17',Atendido,,
161111-353730,,Incidente importado desde SAC,,Cac,Usuario Importador,Telemarketing,,Consulta,Solucionado,,,,,APR1 - AUTOMOTORES,858793,,3093331,Denuncia daños materiales,,,,'2016-11-11 08:35:16','2016-11-11 08:35:16','2016-11-11 08:35:16',Atendido,,
161111-353731,,Incidente importado desde SAC,,Cac,Usuario Importador,Telemarketing,,Consulta,Solucionado,,,,,HOM1 - SEGURO DEL HOGAR,858794,,4325064,Modificación de canal de cobro por única vez,,,,'2016-11-11 08:35:16','2016-11-11 08:35:16','2016-11-11 08:35:16',Atendido,,
161111-353733,,Incidente importado desde SAC,,Cac,Usuario Importador,Telemarketing,,Consulta,Solucionado,,,,,HOM1 - SEGURO DEL HOGAR,858797,,535252,Post - Denuncia,,,,'2016-11-11 08:35:16','2016-11-11 08:35:16','2016-11-11 08:35:16',Atendido,,
161111-353719,,Incidente importado desde SAC,,Emisión Masivos,Usuario Importador,Telemarketing,,Consulta,Solucionado,,,,,HOM1 - SEGURO DEL HOGAR,858782,,6626614,Baja de póliza,,,,'2016-11-11 08:35:14','2016-11-11 08:35:14','2016-11-11 08:35:14',Atendido,,
161111-353721,,Incidente importado desde SAC,,Cac,Usuario Importador,Telemarketing,,Consulta,Solucionado,,,,,AUS1 - AUTOMOTORES,858784,,6746180,Certificado de cobertura,,,,'2016-11-11 08:35:14','2016-11-11 08:35:14','2016-11-11 08:35:14',Atendido,,
161111-353713,,Incidente importado desde SAC,,Emisión Masivos,Usuario Importador,Carta Documento,,Consulta,Solucionado,,,,,AUS1 - AUTOMOTORES,858776,,7319617,Baja de póliza,,,,'2016-11-11 08:35:13','2016-11-11 08:35:13','2016-11-11 08:35:13',Atendido,,
161111-353704,,Incidente importado desde SAC,,Fleet Services,Usuario Importador,Telemarketing,,Consulta,Solucionado,,,,,AUA1 - AUTOMOTORES CARTERA GENERAL,858767,,1326861,Contacto del tercero,,,,'2016-11-11 08:35:12','2016-11-11 08:35:12','2016-11-11 08:35:12',Atendido,,
161111-353700,,Incidente importado desde SAC,,Cac,Usuario Importador,Carta Documento,,Consulta,Solucionado,,,,,AUS1 - AUTOMOTORES,858763,,7296389,Post - Denuncia,,,,'2016-11-11 08:35:11','2016-11-11 08:35:11','2016-11-11 08:35:11',Atendido,,
161111-353686,,Incidente importado desde SAC,,Prestadores,Usuario Importador,Telemarketing,,Reclamo,Solucionado,,,,,HOM1 - SEGURO DEL HOGAR,858749,,1831818,Zedek,,,,'2016-11-11 08:35:10','2016-11-11 08:35:10','2016-11-11 08:35:10',Resuelto,,
161111-353687,,Incidente importado desde SAC,,Cac,Usuario Importador,Telemarketing,,Consulta,Solucionado,,,,,HOM1 - SEGURO DEL HOGAR,858750,,4385629,Facturación,,,,'2016-11-11 08:35:10','2016-11-11 08:35:10','2016-11-11 08:35:10',Atendido,,
161111-353689,,Incidente importado desde SAC,,Cac,Usuario Importador,Telemarketing,,Consulta,Solucionado,,,,,AUS1 - AUTOMOTORES,858752,,2673142,Post - Denuncia,,,,'2016-11-11 08:35:10','2016-11-11 08:35:10','2016-11-11 08:35:10',Atendido,,
161111-353692,,Incidente importado desde SAC,,Mailing,Usuario Importador,Telemarketing,,Reclamo,Solucionado,,,,,AUS1 - AUTOMOTORES,858755,,505444,Cupón de pago,,,,'2016-11-11 08:35:10','2016-11-11 08:35:10','2016-11-11 08:35:10',Resuelto,,
161111-353675,,Incidente importado desde SAC,,Cac,Usuario Importador,Telemarketing,,Consulta,Solucionado,,,,,ATD1 - ROBO/USUAR.T.DEB-CRE,858738,,5320693,Baja de póliza,,,,'2016-11-11 08:35:09','2016-11-11 08:35:09','2016-11-11 08:35:09',Atendido,,
161111-353683,,Incidente importado desde SAC,,Cac,Usuario Importador,Telemarketing,,Consulta,Solucionado,,,,,APR1 - AUTOMOTORES,858746,,2359959,Post - Denuncia,,,,'2016-11-11 08:35:09','2016-11-11 08:35:09','2016-11-11 08:35:09',Atendido,,
161111-353667,,Incidente importado desde SAC,,Cac,Usuario Importador,Telemarketing,,Consulta,Solucionado,,,,,AUS1 - AUTOMOTORES,858730,,5207011,Facturación,,,,'2016-11-11 08:35:08','2016-11-11 08:35:08','2016-11-11 08:35:08',Atendido,,
161111-353672,,Incidente importado desde SAC,,Cac,Usuario Importador,Telemarketing,,Consulta,Solucionado,,,,,APR1 - AUTOMOTORES,858735,,6861151,Post - Denuncia,,,,'2016-11-11 08:35:08','2016-11-11 08:35:08','2016-11-11 08:35:08',Atendido,,
161111-353666,,Incidente importado desde SAC,,Cleas,Usuario Importador,Carta,,Consulta,Solucionado,,,,,AUT1 - AUTOMOTORES,858729,,6911966,Siniestro Jet,,,,'2016-11-11 08:35:07','2016-11-11 08:35:07','2016-11-11 08:35:07',Resuelto,,
161111-353652,,Incidente importado desde SAC,,Cac,Usuario Importador,Telemarketing,,Consulta,Solucionado,,,,,AUT1 - AUTOMOTORES,858715,,1298991,Facturación,,,,'2016-11-11 08:35:05','2016-11-11 08:35:05','2016-11-11 08:35:05',Atendido,,
161111-353649,,Incidente importado desde SAC,,Cac,Usuario Importador,Telemarketing,,Consulta,Solucionado,,,,,APR1 - AUTOMOTORES,858712,,2481989,Denuncia daños materiales,,,,'2016-11-11 08:35:04','2016-11-11 08:35:04','2016-11-11 08:35:04',Atendido,,
161111-353650,,Incidente importado desde SAC,,Fleet Services,Usuario Importador,Carta Documento,,Consulta,Solucionado,,,,,AUA1 - AUTOMOTORES CARTERA GENERAL,858713,,4461262,Contacto del tercero,,,,'2016-11-11 08:35:04','2016-11-11 08:35:04','2016-11-11 08:35:04',Atendido,,
161111-353643,,Incidente importado desde SAC,,Oficina Rosario,Usuario Importador,Telemarketing,,Reclamo,Solucionado,,,,,AUS1 - AUTOMOTORES,858706,,4496407,Daños materiales Rosario,,,,'2016-11-11 08:35:03','2016-11-11 08:35:03','2016-11-11 08:35:03',Resuelto,,
161111-353631,,Incidente importado desde SAC,,Cac,Usuario Importador,Telemarketing,,Consulta,Solucionado,,,,,HOM1 - SEGURO DEL HOGAR,858694,,434408,Post - Denuncia,,,,'2016-11-11 08:35:01','2016-11-11 08:35:01','2016-11-11 08:35:01',Atendido,,
161111-353635,,Incidente importado desde SAC,,Cac,Usuario Importador,Telemarketing,,Consulta,Solucionado,,,,,AUS1 - AUTOMOTORES,858698,,7422774,Post - Denuncia,,,,'2016-11-11 08:35:01','2016-11-11 08:35:01','2016-11-11 08:35:01',Atendido,,
161111-353636,,Incidente importado desde SAC,,Cac,Usuario Importador,Carta Documento,,Consulta,Solucionado,,,,,APL1 - AUTOMOTORES PLANES,858699,,2404923,Facturación,,,,'2016-11-11 08:35:01','2016-11-11 08:35:01','2016-11-11 08:35:01',Atendido,,
161111-353627,,Incidente importado desde SAC,,Cac,Usuario Importador,Telemarketing,,Consulta,Solucionado,,,,,AUS1 - AUTOMOTORES,858690,,500873,Post - Denuncia,,,,'2016-11-11 08:35:00','2016-11-11 08:35:00','2016-11-11 08:35:00',Atendido,,
161111-353628,,Incidente importado desde SAC,,Cac,Usuario Importador,Telemarketing,,Consulta,Solucionado,,,,,AUI1 - AUTOMOTORES INSTITUCIONES,858691,,3451575,Facturación,,,,'2016-11-11 08:35:00','2016-11-11 08:35:00','2016-11-11 08:35:00',Atendido,,
161111-353629,,Incidente importado desde SAC,,Gerencia Clientes,Usuario Importador,Telemarketing,,Reclamo,Solucionado,,,,,AUS1 - AUTOMOTORES,858692,,2461808,Venta con anomalías,,,,'2016-11-11 08:35:00','2016-11-11 08:35:00','2016-11-11 08:35:00',Resuelto,,
161111-353618,,Incidente importado desde SAC,,Cac,Usuario Importador,Telemarketing,,Consulta,Solucionado,,,,,APR1 - AUTOMOTORES,858681,,3330810,Servicio de grúa,,,,'2016-11-11 08:34:59','2016-11-11 08:34:59','2016-11-11 08:34:59',Atendido,,
161111-353609,,Incidente importado desde SAC,,Cac,Usuario Importador,Telemarketing,,Consulta,Solucionado,,,,,APR1 - AUTOMOTORES,858672,,4940506,Certificado de cobertura,,,,'2016-11-11 08:34:58','2016-11-11 08:34:58','2016-11-11 08:34:58',Atendido,,
161111-353612,,Incidente importado desde SAC,,Emisión Masivos,Usuario Importador,Telemarketing,,Consulta,Solucionado,,,,,AUS1 - AUTOMOTORES,858675,,7400203,Baja de póliza,,,,'2016-11-11 08:34:58','2016-11-11 08:34:58','2016-11-11 08:34:58',Atendido,,
161111-353601,,Incidente importado desde SAC,,Emisión Masivos,Usuario Importador,Telemarketing,,Consulta,Solucionado,,,,,HOM1 - SEGURO DEL HOGAR,858664,,2512565,Baja de póliza,,,,'2016-11-11 08:34:57','2016-11-11 08:34:57','2016-11-11 08:34:57',Atendido,,
161111-353600,,Incidente importado desde SAC,,Cac,Usuario Importador,Telemarketing,,Consulta,Solucionado,,,,,AUS1 - AUTOMOTORES,858663,,458182,Condiciones de póliza,,,,'2016-11-11 08:34:56','2016-11-11 08:34:56','2016-11-11 08:34:56',Atendido,,
161111-353594,,Incidente importado desde SAC,,Cac,Usuario Importador,Telemarketing,,Consulta,Solucionado,,,,,HOM1 - SEGURO DEL HOGAR,858657,,903290,Facturación,,,,'2016-11-11 08:34:55','2016-11-11 08:34:55','2016-11-11 08:34:55',Atendido,,
161111-353574,,Incidente importado desde SAC,,Cac,Usuario Importador,Telemarketing,,Consulta,Solucionado,,,,,APR1 - AUTOMOTORES,858637,,3552241,Modificaciones datos del producto,,,,'2016-11-11 08:34:53','2016-11-11 08:34:53','2016-11-11 08:34:53',Atendido,,
161111-353575,,Incidente importado desde SAC,,Cac,Usuario Importador,Carta Documento,,Consulta,Solucionado,,,,,APR1 - AUTOMOTORES,858638,,3182224,Certificado de cobertura,,,,'2016-11-11 08:34:53','2016-11-11 08:34:53','2016-11-11 08:34:53',Atendido,,
161111-353567,,Incidente importado desde SAC,,Cac,Usuario Importador,Telemarketing,,Consulta,Solucionado,,,,,HOM1 - SEGURO DEL HOGAR,858630,,1268804,Post - Denuncia,,,,'2016-11-11 08:34:51','2016-11-11 08:34:51','2016-11-11 08:34:51',Atendido,,
161111-353568,,Incidente importado desde SAC,,Cac,Usuario Importador,Telemarketing,,Consulta,Solucionado,,,,,AUS1 - AUTOMOTORES,858631,,3255875,Post - Denuncia,,,,'2016-11-11 08:34:51','2016-11-11 08:34:51','2016-11-11 08:34:51',Atendido,,
161111-353569,,Incidente importado desde SAC,,Cac,Usuario Importador,Telemarketing,,Consulta,Solucionado,,,,,AUS1 - AUTOMOTORES,858632,,6934693,Post - Denuncia,,,,'2016-11-11 08:34:51','2016-11-11 08:34:51','2016-11-11 08:34:51',Atendido,,
161111-353559,,Incidente importado desde SAC,,Cac,Usuario Importador,Telemarketing,,Consulta,Solucionado,,,,,HOM1 - SEGURO DEL HOGAR,858621,,1816547,Facturación,,,,'2016-11-11 08:34:49','2016-11-11 08:34:49','2016-11-11 08:34:49',Atendido,,
161111-353560,,Incidente importado desde SAC,,Cac,Usuario Importador,Telemarketing,,Consulta,Solucionado,,,,,AUS1 - AUTOMOTORES,858622,,3603205,Denuncia daños materiales,,,,'2016-11-11 08:34:49','2016-11-11 08:34:49','2016-11-11 08:34:49',Atendido,,
161111-353563,,Incidente importado desde SAC,,Cac,Usuario Importador,Telemarketing,,Consulta,Solucionado,,,,,EGE1 - EXT.GARANTIA ELECTRO,858626,,504996,Certificado de cobertura,,,,'2016-11-11 08:34:49','2016-11-11 08:34:49','2016-11-11 08:34:49',Atendido,,
161111-353550,,Incidente importado desde SAC,,Cac,Usuario Importador,Telemarketing,,Consulta,Solucionado,,,,,HOM1 - SEGURO DEL HOGAR,858612,,7117317,Post - Denuncia,,,,'2016-11-11 08:34:48','2016-11-11 08:34:48','2016-11-11 08:34:48',Atendido,,
161111-353554,,Incidente importado desde SAC,,Oficina Rosario,Usuario Importador,Carta,,Consulta,Solucionado,,,,,AUT1 - AUTOMOTORES,858616,,4751699,Siniestro Jet,,,,'2016-11-11 08:34:48','2016-11-11 08:34:48','2016-11-11 08:34:48',Resuelto,,
161111-353555,,Incidente importado desde SAC,,Cac,Usuario Importador,Telemarketing,,Consulta,Solucionado,,,,,AUS1 - AUTOMOTORES,858617,,761787,Inclusión de accesorios,,,,'2016-11-11 08:34:48','2016-11-11 08:34:48','2016-11-11 08:34:48',Atendido,,
161111-353556,,Incidente importado desde SAC,,Mailing,Usuario Importador,Telemarketing,,Reclamo,Solucionado,,,,,AUS1 - AUTOMOTORES,858618,,2944898,Cupón de pago,,,,'2016-11-11 08:34:48','2016-11-11 08:34:48','2016-11-11 08:34:48',No Procedente,,
161111-353547,,Incidente importado desde SAC,,Fleet Services,Usuario Importador,Telemarketing,,Consulta,Solucionado,,,,,AUT1 - AUTOMOTORES,858609,,2179062,Contacto del tercero,,,,'2016-11-11 08:34:47','2016-11-11 08:34:47','2016-11-11 08:34:47',Atendido,,
161111-353534,,Incidente importado desde SAC,,Cac,Usuario Importador,Telemarketing,,Consulta,Solucionado,,,,,ATD1 - ROBO/USUAR.T.DEB-CRE,858596,,7631889,Baja de póliza,,,,'2016-11-11 08:34:46','2016-11-11 08:34:46','2016-11-11 08:34:46',Atendido,,
161111-353536,,Incidente importado desde SAC,,Cac,Usuario Importador,Carta Documento,,Consulta,Solucionado,,,,,AUS1 - AUTOMOTORES,858598,,2986928,Post - Denuncia,,,,'2016-11-11 08:34:46','2016-11-11 08:34:46','2016-11-11 08:34:46',Atendido,,
161111-353526,,Incidente importado desde SAC,,Cac,Usuario Importador,Telemarketing,,Consulta,Solucionado,,,,,HOM1 - SEGURO DEL HOGAR,858588,,1082225,Denuncia Riesgos Varios,,,,'2016-11-11 08:34:45','2016-11-11 08:34:45','2016-11-11 08:34:45',Atendido,,
161111-353528,,Incidente importado desde SAC,,Cac,Usuario Importador,Carta Documento,,Consulta,Solucionado,,,,,AUS1 - AUTOMOTORES,858590,,582592,Certificado de cobertura,,,,'2016-11-11 08:34:45','2016-11-11 08:34:45','2016-11-11 08:34:45',Atendido,,
161111-353347,,,,Cac,Noelia Barreto,Llamada entrante,,Consulta,Solucionado,,,14138,,AUT1 - AUTOMOTORES,858583,,4532108,Condiciones de póliza,,,,'2016-11-11 08:34:44','2016-11-11 08:34:44','2016-11-11 08:34:44',Atendido,,
161111-353518,,Incidente importado desde SAC,,Cac,Usuario Importador,Carta Documento,,Consulta,Solucionado,,,,,APR1 - AUTOMOTORES,858579,,3623112,Endosos CAC,,,,'2016-11-11 08:34:43','2016-11-11 08:34:43','2016-11-11 08:34:43',Atendido,,
161111-353504,,Incidente importado desde SAC,,Cac,Usuario Importador,Telemarketing,,Consulta,Solucionado,,,,,ATD1 - ROBO/USUAR.T.DEB-CRE,858565,,3481389,Baja de póliza,,,,'2016-11-11 08:34:42','2016-11-11 08:34:42','2016-11-11 08:34:42',Atendido,,
161111-353509,,Incidente importado desde SAC,,,Usuario Importador,Telemarketing,,Consulta,Solucionado,,,,,AUI1 - AUTOMOTORES INSTITUCIONES,858570,,4151350,Baja de póliza,,,,'2016-11-11 08:34:42','2016-11-11 08:34:42','2016-11-11 08:34:42',Atendido,,
161111-353500,,Incidente importado desde SAC,,Cac,Usuario Importador,Telemarketing,,Consulta,Solucionado,,,,,APR1 - AUTOMOTORES,858561,,4574627,Modificaciones datos del producto,,,,'2016-11-11 08:34:41','2016-11-11 08:34:41','2016-11-11 08:34:41',Atendido,,
161111-353487,,Incidente importado desde SAC,,Emisión Masivos,Usuario Importador,Telemarketing,,Consulta,Solucionado,,,,,HOM1 - SEGURO DEL HOGAR,858548,,7094013,Baja de póliza,,,,'2016-11-11 08:34:38','2016-11-11 08:34:38','2016-11-11 08:34:38',Atendido,,
161111-353483,,Incidente importado desde SAC,,Cac,Usuario Importador,Telemarketing,,Consulta,Solucionado,,,,,ATD1 - ROBO/USUAR.T.DEB-CRE,858544,,7799319,Baja de póliza,,,,'2016-11-11 08:34:37','2016-11-11 08:34:37','2016-11-11 08:34:37',Atendido,,
161111-353480,,Incidente importado desde SAC,,Cac,Usuario Importador,Telemarketing,,Consulta,Solucionado,,,,,HOM1 - SEGURO DEL HOGAR,858541,,4574354,Facturación,,,,'2016-11-11 08:34:36','2016-11-11 08:34:36','2016-11-11 08:34:36',Atendido,,
161111-353470,,Incidente importado desde SAC,,Cac,Usuario Importador,Telemarketing,,Consulta,Solucionado,,,,,APR1 - AUTOMOTORES,858531,,2296469,Modificaciones datos del producto,,,,'2016-11-11 08:34:35','2016-11-11 08:34:35','2016-11-11 08:34:35',Atendido,,
161111-353461,,Incidente importado desde SAC,,Emisión Masivos,Usuario Importador,Telemarketing,,Consulta,Solucionado,,,,,AUS1 - AUTOMOTORES,858522,,3093775,Baja de póliza,,,,'2016-11-11 08:34:34','2016-11-11 08:34:34','2016-11-11 08:34:34',Atendido,,
161111-353462,,Incidente importado desde SAC,,Cac,Usuario Importador,Carta Documento,,Consulta,Solucionado,,,,,HOM1 - SEGURO DEL HOGAR,858523,,4095966,Cupón de pago,,,,'2016-11-11 08:34:34','2016-11-11 08:34:34','2016-11-11 08:34:34',Atendido,,
161111-353464,,Incidente importado desde SAC,,Cac,Usuario Importador,Carta Documento,,Consulta,Solucionado,,,,,AUS1 - AUTOMOTORES,858525,,1203385,Documentación para enviar por fax/email,,,,'2016-11-11 08:34:34','2016-11-11 08:34:34','2016-11-11 08:34:34',Atendido,,
161111-353449,,Incidente importado desde SAC,,Cac,Usuario Importador,Telemarketing,,Consulta,Solucionado,,,,,AUS1 - AUTOMOTORES,858510,,3597468,Facturación,,,,'2016-11-11 08:34:33','2016-11-11 08:34:33','2016-11-11 08:34:33',Atendido,,
161111-353451,,Incidente importado desde SAC,,Cac,Usuario Importador,Telemarketing,,Consulta,Solucionado,,,,,AUT1 - AUTOMOTORES,858512,,1323341,Facturación,,,,'2016-11-11 08:34:33','2016-11-11 08:34:33','2016-11-11 08:34:33',Atendido,,
161111-353454,,Incidente importado desde SAC,,Cac,Usuario Importador,Telemarketing,,Consulta,Solucionado,,,,,HOM1 - SEGURO DEL HOGAR,858515,,6193916,Facturación,,,,'2016-11-11 08:34:33','2016-11-11 08:34:33','2016-11-11 08:34:33',Atendido,,
161111-353448,,Incidente importado desde SAC,,Cac,Usuario Importador,Telemarketing,,Consulta,Solucionado,,,,,HOM1 - SEGURO DEL HOGAR,858509,,6703516,Facturación,,,,'2016-11-11 08:34:32','2016-11-11 08:34:32','2016-11-11 08:34:32',Atendido,,
161111-353441,,Incidente importado desde SAC,,Emisión Masivos,Usuario Importador,Telemarketing,,Consulta,Solucionado,,,,,HOM1 - SEGURO DEL HOGAR,858502,,5352639,Baja de póliza,,,,'2016-11-11 08:34:31','2016-11-11 08:34:31','2016-11-11 08:34:31',Atendido,,
161111-353435,,Incidente importado desde SAC,,Cac,Usuario Importador,Telemarketing,,Consulta,Solucionado,,,,,AUS1 - AUTOMOTORES,858496,,3237893,Post - Denuncia,,,,'2016-11-11 08:34:30','2016-11-11 08:34:30','2016-11-11 08:34:30',Atendido,,
161111-353425,,Incidente importado desde SAC,,Emisión Masivos,Usuario Importador,Telemarketing,,Consulta,Solucionado,,,,,AUS1 - AUTOMOTORES,858486,,4404178,Baja de póliza,,,,'2016-11-11 08:34:29','2016-11-11 08:34:29','2016-11-11 08:34:29',Atendido,,
161111-353427,,Incidente importado desde SAC,,Fleet Services,Usuario Importador,Telemarketing,,Consulta,Solucionado,,,,,AUT1 - AUTOMOTORES,858488,,7454181,Contacto del tercero,,,,'2016-11-11 08:34:29','2016-11-11 08:34:29','2016-11-11 08:34:29',Atendido,,
161111-353420,,Incidente importado desde SAC,,Cac,Usuario Importador,Telemarketing,,Consulta,Solucionado,,,,,AUS1 - AUTOMOTORES,858481,,6876560,Facturación,,,,'2016-11-11 08:34:28','2016-11-11 08:34:28','2016-11-11 08:34:28',Atendido,,
161111-353423,,Incidente importado desde SAC,,Juicios Lesiones,Usuario Importador,Carta,,Consulta,Solucionado,,,,,AUT1 - AUTOMOTORES,858484,,509661,Siniestro Jet,,,,'2016-11-11 08:34:28','2016-11-11 08:34:28','2016-11-11 08:34:28',Resuelto,,
161111-353412,,Incidente importado desde SAC,,Mailing,Usuario Importador,Telemarketing,,Reclamo,Solucionado,,,,,HOM1 - SEGURO DEL HOGAR,858473,,1323782,Cupón de pago,,,,'2016-11-11 08:34:27','2016-11-11 08:34:27','2016-11-11 08:34:27',Resuelto,,
161111-353415,,Incidente importado desde SAC,,Daños Materiales Autos,Usuario Importador,Carta,,Consulta,Solucionado,,,,,AUT1 - AUTOMOTORES,858476,,1288189,Siniestro Jet,,,,'2016-11-11 08:34:27','2016-11-11 08:34:27','2016-11-11 08:34:27',Resuelto,,
161111-353404,,Incidente importado desde SAC,,Cac,Usuario Importador,Telemarketing,,Consulta,Solucionado,,,,,AUI1 - AUTOMOTORES INSTITUCIONES,858465,,6861071,Denuncia daños materiales,,,,'2016-11-11 08:34:25','2016-11-11 08:34:25','2016-11-11 08:34:25',Atendido,,
161111-353379,,Incidente importado desde SAC,,Cac,Usuario Importador,Telemarketing,,Consulta,Solucionado,,,,,AUS1 - AUTOMOTORES,858440,,3610956,Facturación,,,,'2016-11-11 08:34:20','2016-11-11 08:34:20','2016-11-11 08:34:20',Atendido,,
161111-353380,,Incidente importado desde SAC,,Cac,Usuario Importador,Telemarketing,,Consulta,Solucionado,,,,,HOM1 - SEGURO DEL HOGAR,858441,,614591,Post - Denuncia,,,,'2016-11-11 08:34:20','2016-11-11 08:34:20','2016-11-11 08:34:20',Atendido,,
161111-353368,,Incidente importado desde SAC,,Emisión Masivos,Usuario Importador,Telemarketing,,Consulta,Solucionado,,,,,AUS1 - AUTOMOTORES,858429,,5346864,Baja de póliza,,,,'2016-11-11 08:34:19','2016-11-11 08:34:19','2016-11-11 08:34:19',Atendido,,
161111-353372,,Incidente importado desde SAC,,Cac,Usuario Importador,Telemarketing,,Consulta,Solucionado,,,,,AUS1 - AUTOMOTORES,858433,,6732750,Facturación,,,,'2016-11-11 08:34:19','2016-11-11 08:34:19','2016-11-11 08:34:19',Atendido,,
161111-353373,,Incidente importado desde SAC,,Cac,Usuario Importador,Carta Documento,,Consulta,Solucionado,,,,,APL1 - AUTOMOTORES PLANES,858434,,4479984,Certificado de cobertura,,,,'2016-11-11 08:34:19','2016-11-11 08:34:19','2016-11-11 08:34:19',Atendido,,
161111-353354,,Incidente importado desde SAC,,Gerencia Clientes,Usuario Importador,Entes Reguladores,,Accion Proactiva,Solucionado,,,,,APL1 - AUTOMOTORES PLANES,858415,,4593723,Uso Interno SAA - Acción Proactiva,,,,'2016-11-11 08:34:17','2016-11-11 08:34:17','2016-11-11 08:34:17',Resuelto,,
161111-353357,,Incidente importado desde SAC,,Cac,Usuario Importador,Telemarketing,,Consulta,Solucionado,,,,,AUS1 - AUTOMOTORES,858418,,745794,Facturación,,,,'2016-11-11 08:34:17','2016-11-11 08:34:17','2016-11-11 08:34:17',Atendido,,
161111-353362,,Incidente importado desde SAC,,Cac,Usuario Importador,Telemarketing,,Consulta,Solucionado,,,,,APR1 - AUTOMOTORES,858423,,3001404,Facturación,,,,'2016-11-11 08:34:17','2016-11-11 08:34:17','2016-11-11 08:34:17',Atendido,,
161111-353348,,Incidente importado desde SAC,,Emisión Masivos,Usuario Importador,Telemarketing,,Consulta,Solucionado,,,,,AUS1 - AUTOMOTORES,858409,,6075636,Baja de póliza,,,,'2016-11-11 08:34:16','2016-11-11 08:34:16','2016-11-11 08:34:16',Atendido,,
161111-353350,,Incidente importado desde SAC,,Cac,Usuario Importador,Telemarketing,,Consulta,Solucionado,,,,,AUS1 - AUTOMOTORES,858411,,4161719,Inclusión/Exclusión Co-titular,,,,'2016-11-11 08:34:16','2016-11-11 08:34:16','2016-11-11 08:34:16',Atendido,,
161111-353353,,Incidente importado desde SAC,,Cac,Usuario Importador,Telemarketing,,Consulta,Solucionado,,,,,HOM1 - SEGURO DEL HOGAR,858414,,210392,Denuncia Riesgos Varios,,,,'2016-11-11 08:34:16','2016-11-11 08:34:16','2016-11-11 08:34:16',Atendido,,
161111-353341,,Incidente importado desde SAC,,Cac,Usuario Importador,Carta Documento,,Consulta,Solucionado,,,,,AUS1 - AUTOMOTORES,858403,,3412483,Certificado de cobertura,,,,'2016-11-11 08:34:15','2016-11-11 08:34:15','2016-11-11 08:34:15',Atendido,,
161111-353345,,Incidente importado desde SAC,,Cac,Usuario Importador,Carta Documento,,Consulta,Solucionado,,,,,AUS1 - AUTOMOTORES,858407,,2923619,Cupón de pago,,,,'2016-11-11 08:34:15','2016-11-11 08:34:15','2016-11-11 08:34:15',Atendido,,
161111-353346,,Incidente importado desde SAC,,Cobranzas Automático,Usuario Importador,Telemarketing,,Consulta,Solucionado,,,,,AUS1 - AUTOMOTORES,858408,,215074,Reintegro - Automático,,,,'2016-11-11 08:34:15','2016-11-11 08:34:15','2016-11-11 08:34:15',Atendido,,
161111-353334,,Incidente importado desde SAC,,Emisión Masivos,Usuario Importador,Telemarketing,,Consulta,Solucionado,,,,,AUS1 - AUTOMOTORES,858396,,2010167,Baja de póliza,,,,'2016-11-11 08:34:14','2016-11-11 08:34:14','2016-11-11 08:34:14',Atendido,,
161111-353327,,Incidente importado desde SAC,,Emisión Masivos,Usuario Importador,Telemarketing,,Consulta,Solucionado,,,,,HOM1 - SEGURO DEL HOGAR,858389,,330461,Baja de póliza,,,,'2016-11-11 08:34:12','2016-11-11 08:34:12','2016-11-11 08:34:12',Atendido,,
161111-353322,,Incidente importado desde SAC,,Cac,Usuario Importador,Telemarketing,,Consulta,Solucionado,,,,,AUP1 - AUTOMOTORES PRODUCTORES,858384,,2799239,Facturación,,,,'2016-11-11 08:34:11','2016-11-11 08:34:11','2016-11-11 08:34:11',Atendido,,
161111-353324,,Incidente importado desde SAC,,Cac,Usuario Importador,Telemarketing,,Consulta,Solucionado,,,,,AUS1 - AUTOMOTORES,858386,,3416611,Condiciones de póliza,,,,'2016-11-11 08:34:11','2016-11-11 08:34:11','2016-11-11 08:34:11',Atendido,,
161111-353319,,Incidente importado desde SAC,,Emisión Masivos,Usuario Importador,Carta,,Reclamo,Solucionado,,,,,AUS1 - AUTOMOTORES,858381,,4371359,Recupero,,,,'2016-11-11 08:34:10','2016-11-11 08:34:10','2016-11-11 08:34:10',Resuelto,,
161111-353308,,Incidente importado desde SAC,,Emisión Masivos,Usuario Importador,Telemarketing,,Consulta,Solucionado,,,,,AUS1 - AUTOMOTORES,858370,,2468402,Baja de póliza,,,,'2016-11-11 08:34:08','2016-11-11 08:34:08','2016-11-11 08:34:08',Atendido,,
161111-353310,,Incidente importado desde SAC,,Fleet Services,Usuario Importador,Telemarketing,,Consulta,Solucionado,,,,,APR1 - AUTOMOTORES,858372,,3829877,Contacto del tercero,,,,'2016-11-11 08:34:08','2016-11-11 08:34:08','2016-11-11 08:34:08',Atendido,,
161111-353298,,Incidente importado desde SAC,,Cac,Usuario Importador,Telemarketing,,Consulta,Solucionado,,,,,AUS1 - AUTOMOTORES,858360,,4272789,Cambio de campaña,,,,'2016-11-11 08:34:07','2016-11-11 08:34:07','2016-11-11 08:34:07',Atendido,,
161111-353301,,Incidente importado desde SAC,,Oficina Rosario,Usuario Importador,Carta,,Consulta,Solucionado,,,,,HOM1 - SEGURO DEL HOGAR,858363,,2986576,Siniestro Jet,,,,'2016-11-11 08:34:07','2016-11-11 08:34:07','2016-11-11 08:34:07',Resuelto,,
161111-353290,,Incidente importado desde SAC,,,Usuario Importador,Telemarketing,,Consulta,Solucionado,,,,,AUI1 - AUTOMOTORES INSTITUCIONES,858352,,7261624,Baja de póliza,,,,'2016-11-11 08:34:06','2016-11-11 08:34:06','2016-11-11 08:34:06',Atendido,,
161111-353293,,Incidente importado desde SAC,,Cac,Usuario Importador,Carta Documento,,Reclamo,Solucionado,,,,,HOM1 - SEGURO DEL HOGAR,858355,,1315818,Error Oper./ Resol. Masiva,,,,'2016-11-11 08:34:06','2016-11-11 08:34:06','2016-11-11 08:34:06',Resuelto,,
161111-353281,,Incidente importado desde SAC,,Cac,Usuario Importador,Carta Documento,,Consulta,Solucionado,,,,,AUS1 - AUTOMOTORES,858343,,7402823,Facturación,,,,'2016-11-11 08:34:05','2016-11-11 08:34:05','2016-11-11 08:34:05',Atendido,,
161111-353283,,Incidente importado desde SAC,,Emisión Masivos,Usuario Importador,Telemarketing,,Consulta,Solucionado,,,,,AUS1 - AUTOMOTORES,858345,,4995978,Baja de póliza,,,,'2016-11-11 08:34:05','2016-11-11 08:34:05','2016-11-11 08:34:05',Atendido,,
161111-353287,,Incidente importado desde SAC,,Cac,Usuario Importador,Telemarketing,,Consulta,Solucionado,,,,,AUS1 - AUTOMOTORES,858349,,6793691,Facturación,,,,'2016-11-11 08:34:05','2016-11-11 08:34:05','2016-11-11 08:34:05',Atendido,,
161111-353276,,Incidente importado desde SAC,,Cac,Usuario Importador,Telemarketing,,Consulta,Solucionado,,,,,APL1 - AUTOMOTORES PLANES,858338,,3018707,Modificaciones datos del producto,,,,'2016-11-11 08:34:04','2016-11-11 08:34:04','2016-11-11 08:34:04',Atendido,,
161111-353278,,Incidente importado desde SAC,,Cac,Usuario Importador,Telemarketing,,Consulta,Solucionado,,,,,AUS1 - AUTOMOTORES,858340,,3203741,Post - Denuncia,,,,'2016-11-11 08:34:04','2016-11-11 08:34:04','2016-11-11 08:34:04',Atendido,,
161111-353261,,Incidente importado desde SAC,,Gerencia Clientes,Usuario Importador,Telemarketing,,Disconformidad,Solucionado,,,,,EGE1 - EXT.GARANTIA ELECTRO,858323,,5389760,Condiciones de póliza,,,,'2016-11-11 08:34:02','2016-11-11 08:34:02','2016-11-11 08:34:02',Atendido,,
161111-353263,,Incidente importado desde SAC,,Cac,Usuario Importador,Telemarketing,,Consulta,Solucionado,,,,,APR1 - AUTOMOTORES,858325,,4190061,Modificaciones datos del producto,,,,'2016-11-11 08:34:02','2016-11-11 08:34:02','2016-11-11 08:34:02',Atendido,,
161111-353265,,Incidente importado desde SAC,,Cac,Usuario Importador,Telemarketing,,Consulta,Solucionado,,,,,AUS1 - AUTOMOTORES,858327,,6220535,Certificado de cobertura,,,,'2016-11-11 08:34:02','2016-11-11 08:34:02','2016-11-11 08:34:02',Atendido,,
161111-353266,,Incidente importado desde SAC,,Emisión Masivos,Usuario Importador,Telemarketing,,Consulta,Solucionado,,,,,AUS1 - AUTOMOTORES,858328,,369911,Baja de póliza,,,,'2016-11-11 08:34:02','2016-11-11 08:34:02','2016-11-11 08:34:02',Atendido,,
161111-353258,,Incidente importado desde SAC,,Cac,Usuario Importador,Telemarketing,,Consulta,Solucionado,,,,,AUS1 - AUTOMOTORES,858320,,3481162,Facturación,,,,'2016-11-11 08:34:01','2016-11-11 08:34:01','2016-11-11 08:34:01',Atendido,,
161111-353259,,Incidente importado desde SAC,,UPF,Usuario Importador,Telemarketing,,Accion Proactiva,Solucionado,,,,,APR1 - AUTOMOTORES,858321,,6618042,Irregularidad siniestro - Acción Proactiva,,,,'2016-11-11 08:34:01','2016-11-11 08:34:01','2016-11-11 08:34:01',Resuelto,,
161111-353249,,Incidente importado desde SAC,,Cac,Usuario Importador,Telemarketing,,Consulta,Solucionado,,,,,APR1 - AUTOMOTORES,858311,,4523497,Certificado de cobertura,,,,'2016-11-11 08:34:00','2016-11-11 08:34:00','2016-11-11 08:34:00',Atendido,,
161111-353251,,Incidente importado desde SAC,,Cac,Usuario Importador,Telemarketing,,Consulta,Solucionado,,,,,AUS1 - AUTOMOTORES,858313,,6061862,Denuncia daños materiales,,,,'2016-11-11 08:34:00','2016-11-11 08:34:00','2016-11-11 08:34:00',Atendido,,
161111-353238,,Incidente importado desde SAC,,Cac,Usuario Importador,Telemarketing,,Consulta,Solucionado,,,,,AUS1 - AUTOMOTORES,858299,,7461842,Facturación,,,,'2016-11-11 08:33:57','2016-11-11 08:33:57','2016-11-11 08:33:57',Atendido,,
161111-352631,,,,Telecobranzas,Cinthia Karasiewicz,Llamada Saliente,,Consulta,Solucionado,,,45814,,HOM1 - SEGURO DEL HOGAR,858300,,2367615,Mensaje,,,,'2016-11-11 08:33:57','2016-11-11 08:33:57','2016-11-11 08:33:57',Atendido,,
161111-353239,,Incidente importado desde SAC,,Fleet Services,Usuario Importador,Telemarketing,,Consulta,Solucionado,,,,,AUA1 - AUTOMOTORES CARTERA GENERAL,858301,,1292313,Contacto del tercero,,,,'2016-11-11 08:33:57','2016-11-11 08:33:57','2016-11-11 08:33:57',Atendido,,
161111-353243,,Incidente importado desde SAC,,Riesgos Varios Casa Central,Usuario Importador,Carta,,Consulta,Solucionado,,,,,EEQ1 - SEGURO INGENIERIA,858305,,6747470,Siniestro Jet,,,,'2016-11-11 08:33:57','2016-11-11 08:33:57','2016-11-11 08:33:57',Resuelto,,
161111-353226,,Incidente importado desde SAC,,Cac,Usuario Importador,Carta Documento,,Consulta,Solucionado,,,,,ICO1 - INTEGR.COMERCIO,858287,,5349323,Cartera general,,,,'2016-11-11 08:33:55','2016-11-11 08:33:55','2016-11-11 08:33:55',Atendido,,
161111-353229,,Incidente importado desde SAC,,Fleet Services,Usuario Importador,Telemarketing,,Consulta,Solucionado,,,,,AUS1 - AUTOMOTORES,858290,,3612943,Contacto del tercero,,,,'2016-11-11 08:33:55','2016-11-11 08:33:55','2016-11-11 08:33:55',Atendido,,
161111-353208,,Incidente importado desde SAC,,Cac,Usuario Importador,Carta Documento,,Consulta,Solucionado,,,,,AUS1 - AUTOMOTORES,858269,,5265927,Certificado de cobertura,,,,'2016-11-11 08:33:53','2016-11-11 08:33:53','2016-11-11 08:33:53',Atendido,,
161111-353202,,Incidente importado desde SAC,,Fleet Services,Usuario Importador,Telemarketing,,Consulta,Solucionado,,,,,APR1 - AUTOMOTORES,858263,,7467799,Contacto del tercero,,,,'2016-11-11 08:33:52','2016-11-11 08:33:52','2016-11-11 08:33:52',Atendido,,
161111-353196,,Incidente importado desde SAC,,Cac,Usuario Importador,Telemarketing,,Consulta,Solucionado,,,,,HOM1 - SEGURO DEL HOGAR,858257,,4948507,Post - Denuncia,,,,'2016-11-11 08:33:51','2016-11-11 08:33:51','2016-11-11 08:33:51',Atendido,,
161111-353197,,Incidente importado desde SAC,,Cac,Usuario Importador,Telemarketing,,Consulta,Solucionado,,,,,AUS1 - AUTOMOTORES,858258,,1411896,Modificación datos personales,,,,'2016-11-11 08:33:51','2016-11-11 08:33:51','2016-11-11 08:33:51',Atendido,,
161111-353185,,Incidente importado desde SAC,,Cac,Usuario Importador,Telemarketing,,Consulta,Solucionado,,,,,APR1 - AUTOMOTORES,858246,,2415397,Post - Denuncia,,,,'2016-11-11 08:33:50','2016-11-11 08:33:50','2016-11-11 08:33:50',Atendido,,
161111-353188,,Incidente importado desde SAC,,Emisión Masivos,Usuario Importador,Carta Documento,,Consulta,Solucionado,,,,,AUS1 - AUTOMOTORES,858249,,373345,Baja de póliza,,,,'2016-11-11 08:33:50','2016-11-11 08:33:50','2016-11-11 08:33:50',Atendido,,
161111-353190,,Incidente importado desde SAC,,Mailing,Usuario Importador,Telemarketing,,Reclamo,Solucionado,,,,,AUS1 - AUTOMOTORES,858251,,2547464,Cupón de pago,,,,'2016-11-11 08:33:50','2016-11-11 08:33:50','2016-11-11 08:33:50',Resuelto,,
161111-353191,,Incidente importado desde SAC,,Cac,Usuario Importador,Carta Documento,,Consulta,Solucionado,,,,,APR1 - AUTOMOTORES,858252,,5161709,Post - Denuncia,,,,'2016-11-11 08:33:50','2016-11-11 08:33:50','2016-11-11 08:33:50',Atendido,,
161111-353178,,Incidente importado desde SAC,,Cac,Usuario Importador,Carta Documento,,Consulta,Solucionado,,,,,AUS1 - AUTOMOTORES,858239,,7480205,Certificado de cobertura,,,,'2016-11-11 08:33:49','2016-11-11 08:33:49','2016-11-11 08:33:49',Atendido,,
161111-353179,,Incidente importado desde SAC,,Cac,Usuario Importador,Carta Documento,,Consulta,Solucionado,,,,,APR1 - AUTOMOTORES,858240,,3975394,Denuncia daños materiales,,,,'2016-11-11 08:33:49','2016-11-11 08:33:49','2016-11-11 08:33:49',Atendido,,
161111-353183,,Incidente importado desde SAC,,Cac,Usuario Importador,Telemarketing,,Consulta,Solucionado,,,,,AUS1 - AUTOMOTORES,858244,,3746244,Baja de póliza,,,,'2016-11-11 08:33:49','2016-11-11 08:33:49','2016-11-11 08:33:49',Atendido,,
161111-353172,,Incidente importado desde SAC,,Cac,Usuario Importador,Telemarketing,,Consulta,Solucionado,,,,,APR1 - AUTOMOTORES,858233,,317265,Facturación,,,,'2016-11-11 08:33:48','2016-11-11 08:33:48','2016-11-11 08:33:48',Atendido,,
161111-353167,,Incidente importado desde SAC,,Cac,Usuario Importador,Telemarketing,,Consulta,Solucionado,,,,,APR1 - AUTOMOTORES,858228,,3502900,Post - Denuncia,,,,'2016-11-11 08:33:47','2016-11-11 08:33:47','2016-11-11 08:33:47',Atendido,,
161111-353170,,Incidente importado desde SAC,,Cac,Usuario Importador,Carta Documento,,Consulta,Solucionado,,,,,APR1 - AUTOMOTORES,858231,,3422108,Certificado de cobertura,,,,'2016-11-11 08:33:47','2016-11-11 08:33:47','2016-11-11 08:33:47',Atendido,,
161111-353153,,Incidente importado desde SAC,,Emisión Masivos,Usuario Importador,Telemarketing,,Consulta,Solucionado,,,,,HOM1 - SEGURO DEL HOGAR,858214,,3648375,Baja de póliza,,,,'2016-11-11 08:33:43','2016-11-11 08:33:43','2016-11-11 08:33:43',Atendido,,
161111-353159,,Incidente importado desde SAC,,Fleet Services,Usuario Importador,Carta Documento,,Consulta,Solucionado,,,,,AUS1 - AUTOMOTORES,858220,,4273258,Siniestro Jet,,,,'2016-11-11 08:33:43','2016-11-11 08:33:43','2016-11-11 08:33:43',Resuelto,,
161111-353135,,Incidente importado desde SAC,,Cac,Usuario Importador,Telemarketing,,Consulta,Solucionado,,,,,AUS1 - AUTOMOTORES,858196,,1871689,Condiciones de póliza,,,,'2016-11-11 08:33:41','2016-11-11 08:33:41','2016-11-11 08:33:41',Atendido,,
161111-353136,,Incidente importado desde SAC,,Cac,Usuario Importador,Telemarketing,,Consulta,Solucionado,,,,,AUS1 - AUTOMOTORES,858197,,7696269,Post - Denuncia,,,,'2016-11-11 08:33:41','2016-11-11 08:33:41','2016-11-11 08:33:41',Atendido,,
161111-353139,,Incidente importado desde SAC,,Cac,Usuario Importador,Carta Documento,,Consulta,Solucionado,,,,,AUI1 - AUTOMOTORES INSTITUCIONES,858200,,3254102,Certificado de cobertura,,,,'2016-11-11 08:33:41','2016-11-11 08:33:41','2016-11-11 08:33:41',Atendido,,
161111-353126,,Incidente importado desde SAC,,,Usuario Importador,Telemarketing,,Consulta,Solucionado,,,,,AUI1 - AUTOMOTORES INSTITUCIONES,858187,,5093848,Baja de póliza,,,,'2016-11-11 08:33:40','2016-11-11 08:33:40','2016-11-11 08:33:40',Atendido,,
161111-353130,,Incidente importado desde SAC,,Suscripción AutoScoring,Usuario Importador,Telemarketing,,Disconformidad,Solucionado,,,,,APL1 - AUTOMOTORES PLANES,858191,,2899302,Aumento de precio,,,,'2016-11-11 08:33:40','2016-11-11 08:33:40','2016-11-11 08:33:40',Atendido,,
161111-353119,,Incidente importado desde SAC,,Cac,Usuario Importador,Telemarketing,,Consulta,Solucionado,,,,,AUS1 - AUTOMOTORES,858179,,1357963,Cupón de pago,,,,'2016-11-11 08:33:39','2016-11-11 08:33:39','2016-11-11 08:33:39',Atendido,,
161111-353116,,Incidente importado desde SAC,,Cac,Usuario Importador,Telemarketing,,Consulta,Solucionado,,,,,HOM1 - SEGURO DEL HOGAR,858176,,6245357,Facturación,,,,'2016-11-11 08:33:38','2016-11-11 08:33:38','2016-11-11 08:33:38',Atendido,,
161111-353104,,Incidente importado desde SAC,,Fleet Services,Usuario Importador,Carta Documento,,Consulta,Solucionado,,,,,AUT1 - AUTOMOTORES,858164,,1725755,Siniestro Jet,,,,'2016-11-11 08:33:37','2016-11-11 08:33:37','2016-11-11 08:33:37',Resuelto,,
161111-353108,,Incidente importado desde SAC,,Cac,Usuario Importador,Telemarketing,,Consulta,Solucionado,,,,,ATD1 - ROBO/USUAR.T.DEB-CRE,858168,,5319323,Facturación,,,,'2016-11-11 08:33:37','2016-11-11 08:33:37','2016-11-11 08:33:37',Atendido,,
161111-353110,,Incidente importado desde SAC,,Cac,Usuario Importador,Telemarketing,,Reclamo,Solucionado,,,,,HOM1 - SEGURO DEL HOGAR,858170,,2423460,Venta con anomalías,,,,'2016-11-11 08:33:37','2016-11-11 08:33:37','2016-11-11 08:33:37',Anulado,,
161111-353112,,Incidente importado desde SAC,,Emisión Masivos,Usuario Importador,Telemarketing,,Consulta,Solucionado,,,,,HOM1 - SEGURO DEL HOGAR,858172,,2263961,Baja de póliza,,,,'2016-11-11 08:33:37','2016-11-11 08:33:37','2016-11-11 08:33:37',Atendido,,
161111-353083,,Incidente importado desde SAC,,Cac,Usuario Importador,Carta Documento,,Consulta,Solucionado,,,,,AUS1 - AUTOMOTORES,858143,,2920537,Facturación,,,,'2016-11-11 08:33:34','2016-11-11 08:33:34','2016-11-11 08:33:34',Atendido,,
161111-353086,,Incidente importado desde SAC,,Gerencia Clientes,Usuario Importador,Telemarketing,,Reclamo,Solucionado,,,,,HOM1 - SEGURO DEL HOGAR,858146,,524268,Venta con anomalías,,,,'2016-11-11 08:33:34','2016-11-11 08:33:34','2016-11-11 08:33:34',Resuelto,,
161111-353080,,Incidente importado desde SAC,,Cac,Usuario Importador,Telemarketing,,Consulta,Solucionado,,,,,EGE1 - EXT.GARANTIA ELECTRO,858140,,3042854,Certificado de cobertura,,,,'2016-11-11 08:33:33','2016-11-11 08:33:33','2016-11-11 08:33:33',Atendido,,
161111-353075,,Incidente importado desde SAC,,Cac,Usuario Importador,Telemarketing,,Consulta,Solucionado,,,,,AUS1 - AUTOMOTORES,858135,,2910896,Post - Denuncia,,,,'2016-11-11 08:33:31','2016-11-11 08:33:31','2016-11-11 08:33:31',Atendido,,
161111-353067,,Incidente importado desde SAC,,Cac,Usuario Importador,Telemarketing,,Consulta,Solucionado,,,,,APR1 - AUTOMOTORES,858127,,3266374,Modificaciones datos del producto,,,,'2016-11-11 08:33:30','2016-11-11 08:33:30','2016-11-11 08:33:30',Atendido,,
161111-353069,,Incidente importado desde SAC,,Cleas,Usuario Importador,Carta,,Consulta,Solucionado,,,,,AUS1 - AUTOMOTORES,858129,,5305857,Siniestro Jet,,,,'2016-11-11 08:33:30','2016-11-11 08:33:30','2016-11-11 08:33:30',Resuelto,,
161111-353059,,Incidente importado desde SAC,,Cac,Usuario Importador,Telemarketing,,Consulta,Solucionado,,,,,APL1 - AUTOMOTORES PLANES,858119,,2729456,Post - Denuncia,,,,'2016-11-11 08:33:29','2016-11-11 08:33:29','2016-11-11 08:33:29',Atendido,,
161111-353061,,Incidente importado desde SAC,,Fleet Services,Usuario Importador,Carta Documento,,Consulta,Solucionado,,,,,AUT1 - AUTOMOTORES,858121,,2273642,Siniestro Jet,,,,'2016-11-11 08:33:29','2016-11-11 08:33:29','2016-11-11 08:33:29',Resuelto,,
161111-353047,,Incidente importado desde SAC,,Emisión Masivos,Usuario Importador,Telemarketing,,Consulta,Solucionado,,,,,AUS1 - AUTOMOTORES,858107,,7310395,Baja de póliza,,,,'2016-11-11 08:33:28','2016-11-11 08:33:28','2016-11-11 08:33:28',Atendido,,
161111-353050,,Incidente importado desde SAC,,Cac,Usuario Importador,Telemarketing,,Consulta,Solucionado,,,,,APR1 - AUTOMOTORES,858110,,3225702,Certificado de cobertura,,,,'2016-11-11 08:33:28','2016-11-11 08:33:28','2016-11-11 08:33:28',Atendido,,
161111-353056,,Incidente importado desde SAC,,Cac,Usuario Importador,Canal productor,,Consulta,Solucionado,,,,,APR1 - AUTOMOTORES,858116,,7450365,Certificado de cobertura,,,,'2016-11-11 08:33:28','2016-11-11 08:33:28','2016-11-11 08:33:28',Atendido,,
161111-353040,,Incidente importado desde SAC,,Cac,Usuario Importador,Telemarketing,,Consulta,Solucionado,,,,,TML1 - TRANSPORTES-LOCAL,858100,,3169365,Cartera general,,,,'2016-11-11 08:33:27','2016-11-11 08:33:27','2016-11-11 08:33:27',Atendido,,
161111-353042,,Incidente importado desde SAC,,Cac,Usuario Importador,Telemarketing,,Consulta,Solucionado,,,,,APR1 - AUTOMOTORES,858102,,3609175,Post - Denuncia,,,,'2016-11-11 08:33:27','2016-11-11 08:33:27','2016-11-11 08:33:27',Atendido,,
161111-353033,,Incidente importado desde SAC,,Cac,Usuario Importador,Telemarketing,,Consulta,Solucionado,,,,,HOC1 - SEGURO DEL HOGAR,858092,,4523957,Post - Denuncia,,,,'2016-11-11 08:33:26','2016-11-11 08:33:26','2016-11-11 08:33:26',Atendido,,
161111-352605,,,,Emisión Masivos,Daniela Simari,Llamada entrante,,Consulta,Solucionado,,,45812,,AUS1 - AUTOMOTORES,858094,,7799756,Facturación,,,,'2016-11-11 08:33:26','2016-11-11 08:33:26','2016-11-11 08:33:26',Atendido,,
161111-353036,,Incidente importado desde SAC,,Fleet Services,Usuario Importador,Telemarketing,,Consulta,Solucionado,,,,,AUT1 - AUTOMOTORES,858096,,6953350,Contacto del tercero,,,,'2016-11-11 08:33:26','2016-11-11 08:33:26','2016-11-11 08:33:26',Atendido,,
161111-353037,,Incidente importado desde SAC,,Mailing,Usuario Importador,Telemarketing,,Reclamo,Solucionado,,,,,AUS1 - AUTOMOTORES,858097,,2983322,Cupón de pago,,,,'2016-11-11 08:33:26','2016-11-11 08:33:26','2016-11-11 08:33:26',Resuelto,,
161111-353023,,Incidente importado desde SAC,,Emisión Masivos,Usuario Importador,Telemarketing,,Consulta,Solucionado,,,,,AUS1 - AUTOMOTORES,858082,,1322258,Baja de póliza,,,,'2016-11-11 08:33:25','2016-11-11 08:33:25','2016-11-11 08:33:25',Atendido,,
161111-353028,,Incidente importado desde SAC,,Cac,Usuario Importador,Telemarketing,,Consulta,Solucionado,,,,,AUS1 - AUTOMOTORES,858087,,3948268,Facturación,,,,'2016-11-11 08:33:25','2016-11-11 08:33:25','2016-11-11 08:33:25',Atendido,,
161111-353013,,Incidente importado desde SAC,,Cac,Usuario Importador,Llamada entrante,,Consulta,Solucionado,,,,,APR1 - AUTOMOTORES,858072,,4195112,Post - Denuncia,,,,'2016-11-11 08:33:24','2016-11-11 08:33:24','2016-11-11 08:33:24',Atendido,,
161111-353014,,Incidente importado desde SAC,,Cac,Usuario Importador,Telemarketing,,Consulta,Solucionado,,,,,AUS1 - AUTOMOTORES,858073,,7695856,Cupón de pago,,,,'2016-11-11 08:33:24','2016-11-11 08:33:24','2016-11-11 08:33:24',Atendido,,
161111-353016,,Incidente importado desde SAC,,Gerencia Clientes,Usuario Importador,Carta Documento,,Consulta,Solucionado,,,,,INC1 - INCENDIO,858075,,7657622,Certificado de cobertura,,,,'2016-11-11 08:33:24','2016-11-11 08:33:24','2016-11-11 08:33:24',Atendido,,
161111-353019,,Incidente importado desde SAC,,Mailing,Usuario Importador,Telemarketing,,Reclamo,Solucionado,,,,,HOM1 - SEGURO DEL HOGAR,858078,,5484264,Cupón de pago,,,,'2016-11-11 08:33:24','2016-11-11 08:33:24','2016-11-11 08:33:24',Resuelto,,
161111-353020,,Incidente importado desde SAC,,Emisión Masivos,Usuario Importador,Telemarketing,,Consulta,Solucionado,,,,,AUS1 - AUTOMOTORES,858079,,7768028,Baja de póliza,,,,'2016-11-11 08:33:24','2016-11-11 08:33:24','2016-11-11 08:33:24',Atendido,,
161111-353006,,Incidente importado desde SAC,,Cac,Usuario Importador,Telemarketing,,Consulta,Solucionado,,,,,AUS1 - AUTOMOTORES,858065,,3692529,Denuncia Robos,,,,'2016-11-11 08:33:23','2016-11-11 08:33:23','2016-11-11 08:33:23',Atendido,,
161111-353011,,Incidente importado desde SAC,,Emisión Masivos,Usuario Importador,Telemarketing,,Consulta,Solucionado,,,,,HOM1 - SEGURO DEL HOGAR,858070,,822304,Baja de póliza,,,,'2016-11-11 08:33:23','2016-11-11 08:33:23','2016-11-11 08:33:23',Atendido,,
161111-353001,,Incidente importado desde SAC,,Gerencia Clientes,Usuario Importador,Carta Documento,,Consulta,Solucionado,,,,,AUA1 - AUTOMOTORES CARTERA GENERAL,858060,,3361930,Certificado de cobertura,,,,'2016-11-11 08:33:22','2016-11-11 08:33:22','2016-11-11 08:33:22',Atendido,,
161111-353002,,Incidente importado desde SAC,,Cac,Usuario Importador,Carta Documento,,Consulta,Solucionado,,,,,APL1 - AUTOMOTORES PLANES,858061,,6943628,Certificado de cobertura,,,,'2016-11-11 08:33:22','2016-11-11 08:33:22','2016-11-11 08:33:22',Atendido,,
161111-352994,,Incidente importado desde SAC,,Gerencia Clientes,Usuario Importador,Telemarketing,,Consulta,Solucionado,,,,,AUA1 - AUTOMOTORES CARTERA GENERAL,858053,,7528952,Certificado de cobertura,,,,'2016-11-11 08:33:20','2016-11-11 08:33:20','2016-11-11 08:33:20',Atendido,,
161111-352995,,Incidente importado desde SAC,,Emisión Masivos,Usuario Importador,Carta Documento,,Consulta,Solucionado,,,,,HOM1 - SEGURO DEL HOGAR,858054,,783393,Baja de póliza,,,,'2016-11-11 08:33:20','2016-11-11 08:33:20','2016-11-11 08:33:20',Atendido,,
161111-352986,,Incidente importado desde SAC,,Cac,Usuario Importador,Carta Documento,,Consulta,Solucionado,,,,,APR1 - AUTOMOTORES,858045,,3339983,Certificado de cobertura,,,,'2016-11-11 08:33:18','2016-11-11 08:33:18','2016-11-11 08:33:18',Atendido,,
161111-352987,,Incidente importado desde SAC,,Cac,Usuario Importador,Carta Documento,,Consulta,Solucionado,,,,,AUS1 - AUTOMOTORES,858046,,3062149,Modificación datos personales,,,,'2016-11-11 08:33:18','2016-11-11 08:33:18','2016-11-11 08:33:18',Atendido,,
161111-352978,,Incidente importado desde SAC,,Cac,Usuario Importador,Telemarketing,,Consulta,Solucionado,,,,,AUS1 - AUTOMOTORES,858037,,5534489,Facturación,,,,'2016-11-11 08:33:17','2016-11-11 08:33:17','2016-11-11 08:33:17',Atendido,,
161111-352981,,Incidente importado desde SAC,,Prestadores,Usuario Importador,Telemarketing,,Accion Proactiva,Solucionado,,,,,HOM1 - SEGURO DEL HOGAR,858040,,3735709,Reintegro Prestadores - Acción Proactiva,,,,'2016-11-11 08:33:17','2016-11-11 08:33:17','2016-11-11 08:33:17',Resuelto,,
161111-352982,,Incidente importado desde SAC,,Cac,Usuario Importador,Telemarketing,,Consulta,Solucionado,,,,,AUS1 - AUTOMOTORES,858041,,1764824,Condiciones de póliza,,,,'2016-11-11 08:33:17','2016-11-11 08:33:17','2016-11-11 08:33:17',Atendido,,
161111-352971,,Incidente importado desde SAC,,Cac,Usuario Importador,Telemarketing,,Consulta,Solucionado,,,,,AUS1 - AUTOMOTORES,858030,,5305686,Denuncia daños materiales,,,,'2016-11-11 08:33:16','2016-11-11 08:33:16','2016-11-11 08:33:16',Atendido,,
161111-352974,,Incidente importado desde SAC,,Mailing,Usuario Importador,Telemarketing,,Reclamo,Solucionado,,,,,AUS1 - AUTOMOTORES,858033,,6824683,Cupón de pago,,,,'2016-11-11 08:33:16','2016-11-11 08:33:16','2016-11-11 08:33:16',Resuelto,,
161111-352977,,Incidente importado desde SAC,,Cac,Usuario Importador,Telemarketing,,Consulta,Solucionado,,,,,APL1 - AUTOMOTORES PLANES,858036,,5441883,Facturación,,,,'2016-11-11 08:33:16','2016-11-11 08:33:16','2016-11-11 08:33:16',Atendido,,
161111-352964,,Incidente importado desde SAC,,Daños Materiales Autos,Usuario Importador,Carta,,Consulta,Solucionado,,,,,AUT1 - AUTOMOTORES,858023,,4832651,Siniestro Jet,,,,'2016-11-11 08:33:15','2016-11-11 08:33:15','2016-11-11 08:33:15',Resuelto,,
161111-352968,,Incidente importado desde SAC,,Cac,Usuario Importador,Telemarketing,,Consulta,Solucionado,,,,,APL1 - AUTOMOTORES PLANES,858027,,2830978,Facturación,,,,'2016-11-11 08:33:15','2016-11-11 08:33:15','2016-11-11 08:33:15',Atendido,,
161111-352952,,Incidente importado desde SAC,,Fleet Services,Usuario Importador,Carta Documento,,Consulta,Solucionado,,,,,AUS1 - AUTOMOTORES,858011,,244635,Contacto del tercero,,,,'2016-11-11 08:33:14','2016-11-11 08:33:14','2016-11-11 08:33:14',Atendido,,
161111-352956,,Incidente importado desde SAC,,Cac,Usuario Importador,Telemarketing,,Consulta,Solucionado,,,,,APR1 - AUTOMOTORES,858015,,3003575,Certificado de cobertura,,,,'2016-11-11 08:33:14','2016-11-11 08:33:14','2016-11-11 08:33:14',Atendido,,
161111-352941,,Incidente importado desde SAC,,Emisión Masivos,Usuario Importador,Telemarketing,,Consulta,Solucionado,,,,,AUS1 - AUTOMOTORES,858000,,7143372,Baja de póliza,,,,'2016-11-11 08:33:13','2016-11-11 08:33:13','2016-11-11 08:33:13',Atendido,,
161111-352943,,Incidente importado desde SAC,,Emisión Masivos,Usuario Importador,Telemarketing,,Consulta,Solucionado,,,,,AUS1 - AUTOMOTORES,858002,,4097950,Baja de póliza,,,,'2016-11-11 08:33:13','2016-11-11 08:33:13','2016-11-11 08:33:13',Atendido,,
161111-352944,,Incidente importado desde SAC,,Prestadores,Usuario Importador,Telemarketing,,Accion Proactiva,Solucionado,,,,,AUS1 - AUTOMOTORES,858003,,502578,Reintegro Prestadores - Acción Proactiva,,,,'2016-11-11 08:33:13','2016-11-11 08:33:13','2016-11-11 08:33:13',Resuelto,,
161111-352945,,Incidente importado desde SAC,,Cac,Usuario Importador,Carta Documento,,Consulta,Solucionado,,,,,AUI1 - AUTOMOTORES INSTITUCIONES,858004,,3481836,Certificado de cobertura,,,,'2016-11-11 08:33:13','2016-11-11 08:33:13','2016-11-11 08:33:13',Atendido,,
161111-352947,,Incidente importado desde SAC,,Cac,Usuario Importador,Telemarketing,,Consulta,Solucionado,,,,,APL1 - AUTOMOTORES PLANES,858006,,5348244,Post - Denuncia,,,,'2016-11-11 08:33:13','2016-11-11 08:33:13','2016-11-11 08:33:13',Atendido,,
161111-352935,,Incidente importado desde SAC,,Cac,Usuario Importador,Telemarketing,,Consulta,Solucionado,,,,,AUS1 - AUTOMOTORES,857994,,382949,Post - Denuncia,,,,'2016-11-11 08:33:12','2016-11-11 08:33:12','2016-11-11 08:33:12',Atendido,,
161111-352938,,Incidente importado desde SAC,,Cac,Usuario Importador,Telemarketing,,Consulta,Solucionado,,,,,AUS1 - AUTOMOTORES,857997,,2156073,Facturación,,,,'2016-11-11 08:33:12','2016-11-11 08:33:12','2016-11-11 08:33:12',Atendido,,
161111-352932,,Incidente importado desde SAC,,Emisión Masivos,Usuario Importador,Carta Documento,,Consulta,Solucionado,,,,,RCP1 - R.C.PATRONAL,857991,,7412722,,,,,'2016-11-11 08:33:11','2016-11-11 08:33:11','2016-11-11 08:33:11',Atendido,,
161111-352926,,Incidente importado desde SAC,,Emisión Masivos,Usuario Importador,Telemarketing,,Consulta,Solucionado,,,,,AUS1 - AUTOMOTORES,857985,,7551589,Baja de póliza,,,,'2016-11-11 08:33:10','2016-11-11 08:33:10','2016-11-11 08:33:10',Atendido,,
161111-352927,,Incidente importado desde SAC,,Cac,Usuario Importador,Telemarketing,,Consulta,Solucionado,,,,,HOM1 - SEGURO DEL HOGAR,857986,,7129486,Facturación,,,,'2016-11-11 08:33:10','2016-11-11 08:33:10','2016-11-11 08:33:10',Atendido,,
161111-352928,,Incidente importado desde SAC,,Emisión Masivos,Usuario Importador,Telemarketing,,Consulta,Solucionado,,,,,AUS1 - AUTOMOTORES,857987,,349935,Baja de póliza,,,,'2016-11-11 08:33:10','2016-11-11 08:33:10','2016-11-11 08:33:10',Atendido,,
161111-352920,,Incidente importado desde SAC,,Cac,Usuario Importador,Carta Documento,,Consulta,Solucionado,,,,,AUS1 - AUTOMOTORES,857979,,3524559,Certificado de cobertura,,,,'2016-11-11 08:33:09','2016-11-11 08:33:09','2016-11-11 08:33:09',Atendido,,
161111-352912,,Incidente importado desde SAC,,Mailing,Usuario Importador,Telemarketing,,Reclamo,Solucionado,,,,,AUS1 - AUTOMOTORES,857971,,4488769,Cupón de pago,,,,'2016-11-11 08:33:07','2016-11-11 08:33:07','2016-11-11 08:33:07',Resuelto,,
161111-352910,,Incidente importado desde SAC,,Cac,Usuario Importador,Telemarketing,,Consulta,Solucionado,,,,,HOM1 - SEGURO DEL HOGAR,857969,,1483687,Facturación,,,,'2016-11-11 08:33:06','2016-11-11 08:33:06','2016-11-11 08:33:06',Atendido,,
161111-352907,,Incidente importado desde SAC,,Cac,Usuario Importador,Carta Documento,,Consulta,Solucionado,,,,,AUS1 - AUTOMOTORES,857966,,5898770,Certificado de cobertura,,,,'2016-11-11 08:33:05','2016-11-11 08:33:05','2016-11-11 08:33:05',Atendido,,
161111-352894,,Incidente importado desde SAC,,Cac,Usuario Importador,Telemarketing,,Consulta,Solucionado,,,,,AUS1 - AUTOMOTORES,857953,,3451909,Facturación,,,,'2016-11-11 08:33:04','2016-11-11 08:33:04','2016-11-11 08:33:04',Atendido,,
161111-352895,,Incidente importado desde SAC,,Emisión Masivos,Usuario Importador,Telemarketing,,Consulta,Solucionado,,,,,HOM1 - SEGURO DEL HOGAR,857954,,979141,Baja de póliza,,,,'2016-11-11 08:33:04','2016-11-11 08:33:04','2016-11-11 08:33:04',Atendido,,
161111-352897,,Incidente importado desde SAC,,Cac,Usuario Importador,Telemarketing,,Consulta,Solucionado,,,,,AUS1 - AUTOMOTORES,857956,,6821922,Post - Denuncia,,,,'2016-11-11 08:33:04','2016-11-11 08:33:04','2016-11-11 08:33:04',Atendido,,
161111-352900,,Incidente importado desde SAC,,Cac,Usuario Importador,Carta Documento,,Consulta,Solucionado,,,,,AUS1 - AUTOMOTORES,857959,,7611128,Post - Denuncia,,,,'2016-11-11 08:33:04','2016-11-11 08:33:04','2016-11-11 08:33:04',Atendido,,
161111-352878,,Incidente importado desde SAC,,Mailing,Usuario Importador,Carta Documento,,Reclamo,Solucionado,,,,,APR1 - AUTOMOTORES,857937,,679889,Certificado de cobertura,,,,'2016-11-11 08:33:02','2016-11-11 08:33:02','2016-11-11 08:33:02',Resuelto,,
161111-352879,,Incidente importado desde SAC,,Cac,Usuario Importador,Telemarketing,,Consulta,Solucionado,,,,,HOM1 - SEGURO DEL HOGAR,857938,,2536158,Post - Denuncia,,,,'2016-11-11 08:33:02','2016-11-11 08:33:02','2016-11-11 08:33:02',Atendido,,
161111-352880,,Incidente importado desde SAC,,Emisión Masivos,Usuario Importador,Telemarketing,,Consulta,Solucionado,,,,,AUS1 - AUTOMOTORES,857939,,7581502,Baja de póliza,,,,'2016-11-11 08:33:02','2016-11-11 08:33:02','2016-11-11 08:33:02',Atendido,,
161111-352882,,Incidente importado desde SAC,,Cac,Usuario Importador,Carta Documento,,Consulta,Solucionado,,,,,APL1 - AUTOMOTORES PLANES,857941,,7364332,Certificado de cobertura,,,,'2016-11-11 08:33:02','2016-11-11 08:33:02','2016-11-11 08:33:02',Atendido,,
161111-352883,,Incidente importado desde SAC,,Emisión Masivos,Usuario Importador,Telemarketing,,Consulta,Solucionado,,,,,AUS1 - AUTOMOTORES,857942,,438532,Baja de póliza,,,,'2016-11-11 08:33:02','2016-11-11 08:33:02','2016-11-11 08:33:02',Atendido,,
161111-352872,,Incidente importado desde SAC,,Cac,Usuario Importador,Carta Documento,,Consulta,Solucionado,,,,,HOM1 - SEGURO DEL HOGAR,857931,,1398267,Facturación,,,,'2016-11-11 08:33:01','2016-11-11 08:33:01','2016-11-11 08:33:01',Atendido,,
161111-352874,,Incidente importado desde SAC,,Cac,Usuario Importador,Telemarketing,,Consulta,Solucionado,,,,,AUS1 - AUTOMOTORES,857933,,5600113,Facturación,,,,'2016-11-11 08:33:01','2016-11-11 08:33:01','2016-11-11 08:33:01',Atendido,,
161111-352857,,Incidente importado desde SAC,,Cac,Usuario Importador,Telemarketing,,Consulta,Solucionado,,,,,AUS1 - AUTOMOTORES,857916,,195321,Facturación,,,,'2016-11-11 08:32:59','2016-11-11 08:32:59','2016-11-11 08:32:59',Atendido,,
161111-352854,,Incidente importado desde SAC,,Emisión Masivos,Usuario Importador,Telemarketing,,Consulta,Solucionado,,,,,AUS1 - AUTOMOTORES,857913,,3167676,Baja de póliza,,,,'2016-11-11 08:32:58','2016-11-11 08:32:58','2016-11-11 08:32:58',Atendido,,
161111-352855,,Incidente importado desde SAC,,Robo / Destruccion Total,Usuario Importador,Carta,,Consulta,Solucionado,,,,,AUS1 - AUTOMOTORES,857914,,5564750,Siniestro Jet,,,,'2016-11-11 08:32:58','2016-11-11 08:32:58','2016-11-11 08:32:58',Resuelto,,
161111-352856,,Incidente importado desde SAC,,Cac,Usuario Importador,Telemarketing,,Consulta,Solucionado,,,,,HOM1 - SEGURO DEL HOGAR,857915,,1320553,Post - Denuncia,,,,'2016-11-11 08:32:58','2016-11-11 08:32:58','2016-11-11 08:32:58',Atendido,,
161111-352842,,Incidente importado desde SAC,,Cac,Usuario Importador,Telemarketing,,Consulta,Solucionado,,,,,HOM1 - SEGURO DEL HOGAR,857901,,4854747,Facturación,,,,'2016-11-11 08:32:57','2016-11-11 08:32:57','2016-11-11 08:32:57',Atendido,,
161111-352845,,Incidente importado desde SAC,,Cac,Usuario Importador,Telemarketing,,Consulta,Solucionado,,,,,AUT1 - AUTOMOTORES,857904,,7742268,Cartera general,,,,'2016-11-11 08:32:57','2016-11-11 08:32:57','2016-11-11 08:32:57',Atendido,,
161111-352847,,Incidente importado desde SAC,,Cac,Usuario Importador,Telemarketing,,Consulta,Solucionado,,,,,APR1 - AUTOMOTORES,857906,,3044088,Facturación,,,,'2016-11-11 08:32:57','2016-11-11 08:32:57','2016-11-11 08:32:57',Atendido,,
161111-352848,,Incidente importado desde SAC,,Cac,Usuario Importador,Carta Documento,,Consulta,Solucionado,,,,,AUS1 - AUTOMOTORES,857907,,5630413,Certificado de cobertura,,,,'2016-11-11 08:32:57','2016-11-11 08:32:57','2016-11-11 08:32:57',Atendido,,
161111-352849,,Incidente importado desde SAC,,Cac,Usuario Importador,Telemarketing,,Consulta,Solucionado,,,,,HOM1 - SEGURO DEL HOGAR,857908,,5979952,Facturación,,,,'2016-11-11 08:32:57','2016-11-11 08:32:57','2016-11-11 08:32:57',Atendido,,
161111-352850,,Incidente importado desde SAC,,Gerencia Clientes,Usuario Importador,Telemarketing,,Disconformidad,Solucionado,,,,,AUS1 - AUTOMOTORES,857909,,5995158,Condiciones de póliza,,,,'2016-11-11 08:32:57','2016-11-11 08:32:57','2016-11-11 08:32:57',Atendido,,
161111-352830,,Incidente importado desde SAC,,Cac,Usuario Importador,Telemarketing,,Consulta,Solucionado,,,,,AUS1 - AUTOMOTORES,857889,,6677881,Condiciones de póliza,,,,'2016-11-11 08:32:54','2016-11-11 08:32:54','2016-11-11 08:32:54',Atendido,,
161111-352822,,Incidente importado desde SAC,,Cac,Usuario Importador,Telemarketing,,Consulta,Solucionado,,,,,APL1 - AUTOMOTORES PLANES,857881,,3388622,Modificaciones datos del producto,,,,'2016-11-11 08:32:52','2016-11-11 08:32:52','2016-11-11 08:32:52',Atendido,,
161111-352813,,Incidente importado desde SAC,,Cac,Usuario Importador,Telemarketing,,Consulta,Solucionado,,,,,AUS1 - AUTOMOTORES,857872,,6129642,Facturación,,,,'2016-11-11 08:32:51','2016-11-11 08:32:51','2016-11-11 08:32:51',Atendido,,
161111-352809,,Incidente importado desde SAC,,Cac,Usuario Importador,Carta Documento,,Consulta,Solucionado,,,,,AUS1 - AUTOMOTORES,857868,,1731151,Certificado de cobertura,,,,'2016-11-11 08:32:50','2016-11-11 08:32:50','2016-11-11 08:32:50',Atendido,,
161111-352810,,Incidente importado desde SAC,,Emisión Masivos,Usuario Importador,Telemarketing,,Consulta,Solucionado,,,,,AUS1 - AUTOMOTORES,857869,,4470554,Baja de póliza,,,,'2016-11-11 08:32:50','2016-11-11 08:32:50','2016-11-11 08:32:50',Atendido,,
161111-352800,,Incidente importado desde SAC,,Cac,Usuario Importador,Telemarketing,,Consulta,Solucionado,,,,,AUI1 - AUTOMOTORES INSTITUCIONES,857858,,3489840,Facturación,,,,'2016-11-11 08:32:49','2016-11-11 08:32:49','2016-11-11 08:32:49',Atendido,,
161111-352803,,Incidente importado desde SAC,,Cac,Usuario Importador,Telemarketing,,Consulta,Solucionado,,,,,AUI1 - AUTOMOTORES INSTITUCIONES,857861,,3194380,Facturación,,,,'2016-11-11 08:32:49','2016-11-11 08:32:49','2016-11-11 08:32:49',Atendido,,
161111-352804,,Incidente importado desde SAC,,Fleet Services,Usuario Importador,Telemarketing,,Consulta,Solucionado,,,,,AUA1 - AUTOMOTORES CARTERA GENERAL,857862,,1428497,Contacto del tercero,,,,'2016-11-11 08:32:49','2016-11-11 08:32:49','2016-11-11 08:32:49',Atendido,,
161111-352805,,Incidente importado desde SAC,,Cac,Usuario Importador,Carta Documento,,Consulta,Solucionado,,,,,AUS1 - AUTOMOTORES,857863,,5785806,Certificado de cobertura,,,,'2016-11-11 08:32:49','2016-11-11 08:32:49','2016-11-11 08:32:49',Atendido,,
161111-352808,,Incidente importado desde SAC,,Cac,Usuario Importador,Telemarketing,,Consulta,Solucionado,,,,,AUS1 - AUTOMOTORES,857867,,2486157,Baja de póliza,,,,'2016-11-11 08:32:49','2016-11-11 08:32:49','2016-11-11 08:32:49',Atendido,,
161111-352793,,Incidente importado desde SAC,,Daños Materiales Autos,Usuario Importador,Telemarketing,,Reclamo,Solucionado,,,,,AUS1 - AUTOMOTORES,857851,,7115866,Daños materiales Casa Central,,,,'2016-11-11 08:32:48','2016-11-11 08:32:48','2016-11-11 08:32:48',Resuelto,,
161111-352794,,Incidente importado desde SAC,,Cac,Usuario Importador,Telemarketing,,Consulta,Solucionado,,,,,AUS1 - AUTOMOTORES,857852,,7129938,Facturación,,,,'2016-11-11 08:32:48','2016-11-11 08:32:48','2016-11-11 08:32:48',Atendido,,
161111-352797,,Incidente importado desde SAC,,Cac,Usuario Importador,Telemarketing,,Consulta,Solucionado,,,,,APR1 - AUTOMOTORES,857855,,1997996,Post - Denuncia,,,,'2016-11-11 08:32:48','2016-11-11 08:32:48','2016-11-11 08:32:48',Atendido,,
161111-352776,,Incidente importado desde SAC,,Cac,Usuario Importador,Telemarketing,,Consulta,Solucionado,,,,,AUI1 - AUTOMOTORES INSTITUCIONES,857834,,3092542,Facturación,,,,'2016-11-11 08:32:46','2016-11-11 08:32:46','2016-11-11 08:32:46',Atendido,,
161111-352778,,Incidente importado desde SAC,,Cac,Usuario Importador,Telemarketing,,Consulta,Solucionado,,,,,HOM1 - SEGURO DEL HOGAR,857836,,3319896,Post - Denuncia,,,,'2016-11-11 08:32:46','2016-11-11 08:32:46','2016-11-11 08:32:46',Atendido,,
161111-352779,,Incidente importado desde SAC,,Emisión Masivos,Usuario Importador,Telemarketing,,Consulta,Solucionado,,,,,AUS1 - AUTOMOTORES,857837,,4467090,Baja de póliza,,,,'2016-11-11 08:32:46','2016-11-11 08:32:46','2016-11-11 08:32:46',Atendido,,
161111-352764,,Incidente importado desde SAC,,Cac,Usuario Importador,Telemarketing,,Consulta,Solucionado,,,,,AUA1 - AUTOMOTORES CARTERA GENERAL,857822,,5728998,Cartera general,,,,'2016-11-11 08:32:45','2016-11-11 08:32:45','2016-11-11 08:32:45',Atendido,,
161111-352768,,Incidente importado desde SAC,,Cac,Usuario Importador,Telemarketing,,Consulta,Solucionado,,,,,HOM1 - SEGURO DEL HOGAR,857826,,5717667,Facturación,,,,'2016-11-11 08:32:45','2016-11-11 08:32:45','2016-11-11 08:32:45',Atendido,,
161111-352769,,Incidente importado desde SAC,,Cac,Usuario Importador,Carta Documento,,Consulta,Solucionado,,,,,HOM1 - SEGURO DEL HOGAR,857827,,7339982,Post - Denuncia,,,,'2016-11-11 08:32:45','2016-11-11 08:32:45','2016-11-11 08:32:45',Atendido,,
161111-352762,,Incidente importado desde SAC,,Mailing,Usuario Importador,Telemarketing,,Reclamo,Solucionado,,,,,HOM1 - SEGURO DEL HOGAR,857820,,7862435,Cupón de pago,,,,'2016-11-11 08:32:44','2016-11-11 08:32:44','2016-11-11 08:32:44',Resuelto,,
161111-352756,,Incidente importado desde SAC,,Emisión Masivos,Usuario Importador,Telemarketing,,Consulta,Solucionado,,,,,AUS1 - AUTOMOTORES,857814,,4027630,Baja de póliza,,,,'2016-11-11 08:32:43','2016-11-11 08:32:43','2016-11-11 08:32:43',Atendido,,
161111-352751,,Incidente importado desde SAC,,Cac,Usuario Importador,Telemarketing,,Consulta,Solucionado,,,,,AUS1 - AUTOMOTORES,857809,,2428757,Facturación,,,,'2016-11-11 08:32:42','2016-11-11 08:32:42','2016-11-11 08:32:42',Atendido,,
161111-352746,,Incidente importado desde SAC,,Cac,Usuario Importador,Carta Documento,,Consulta,Solucionado,,,,,AUS1 - AUTOMOTORES,857804,,1762969,Certificado de cobertura,,,,'2016-11-11 08:32:41','2016-11-11 08:32:41','2016-11-11 08:32:41',Atendido,,
161111-352748,,Incidente importado desde SAC,,Cac,Usuario Importador,Telemarketing,,Consulta,Solucionado,,,,,AUS1 - AUTOMOTORES,857806,,2200533,Facturación,,,,'2016-11-11 08:32:41','2016-11-11 08:32:41','2016-11-11 08:32:41',Atendido,,
161111-352749,,Incidente importado desde SAC,,Cac,Usuario Importador,Telemarketing,,Consulta,Solucionado,,,,,APL1 - AUTOMOTORES PLANES,857807,,1930333,Facturación,,,,'2016-11-11 08:32:41','2016-11-11 08:32:41','2016-11-11 08:32:41',Atendido,,
161111-352739,,Incidente importado desde SAC,,Emisión Masivos,Usuario Importador,Telemarketing,,Consulta,Solucionado,,,,,HOM1 - SEGURO DEL HOGAR,857797,,3393052,Baja de póliza,,,,'2016-11-11 08:32:38','2016-11-11 08:32:38','2016-11-11 08:32:38',Atendido,,
161111-352740,,Incidente importado desde SAC,,Mailing,Usuario Importador,Telemarketing,,Reclamo,Solucionado,,,,,HOM1 - SEGURO DEL HOGAR,857798,,2663906,Cupón de pago,,,,'2016-11-11 08:32:38','2016-11-11 08:32:38','2016-11-11 08:32:38',Resuelto,,
161111-352741,,Incidente importado desde SAC,,Emisión Masivos,Usuario Importador,Carta Documento,,Consulta,Solucionado,,,,,AUS1 - AUTOMOTORES,857799,,3573143,Baja de póliza,,,,'2016-11-11 08:32:38','2016-11-11 08:32:38','2016-11-11 08:32:38',Atendido,,
161111-352727,,Incidente importado desde SAC,,Cac,Usuario Importador,Telemarketing,,Consulta,Solucionado,,,,,APL1 - AUTOMOTORES PLANES,857785,,3406344,Modificaciones datos del producto,,,,'2016-11-11 08:32:37','2016-11-11 08:32:37','2016-11-11 08:32:37',Atendido,,
161111-352728,,Incidente importado desde SAC,,Cac,Usuario Importador,Telemarketing,,Consulta,Solucionado,,,,,HOM1 - SEGURO DEL HOGAR,857786,,2783953,Facturación,,,,'2016-11-11 08:32:37','2016-11-11 08:32:37','2016-11-11 08:32:37',Atendido,,
161111-352729,,Incidente importado desde SAC,,Cac,Usuario Importador,Telemarketing,,Consulta,Solucionado,,,,,AUS1 - AUTOMOTORES,857787,,2773211,Facturación,,,,'2016-11-11 08:32:37','2016-11-11 08:32:37','2016-11-11 08:32:37',Atendido,,
161111-352732,,Incidente importado desde SAC,,Cac,Usuario Importador,Telemarketing,,Consulta,Solucionado,,,,,APL1 - AUTOMOTORES PLANES,857790,,7680944,Denuncia daños materiales,,,,'2016-11-11 08:32:37','2016-11-11 08:32:37','2016-11-11 08:32:37',Atendido,,
161111-352713,,Incidente importado desde SAC,,Cac,Usuario Importador,Carta Documento,,Consulta,Solucionado,,,,,AUS1 - AUTOMOTORES,857771,,5475669,Certificado de cobertura,,,,'2016-11-11 08:32:35','2016-11-11 08:32:35','2016-11-11 08:32:35',Atendido,,
161111-352702,,Incidente importado desde SAC,,Emisión Masivos,Usuario Importador,Telemarketing,,Consulta,Solucionado,,,,,AUS1 - AUTOMOTORES,857760,,1039985,Baja de póliza,,,,'2016-11-11 08:32:34','2016-11-11 08:32:34','2016-11-11 08:32:34',Atendido,,
161111-352703,,Incidente importado desde SAC,,Emisión Masivos,Usuario Importador,Telemarketing,,Consulta,Solucionado,,,,,AUS1 - AUTOMOTORES,857761,,3456274,Baja de póliza,,,,'2016-11-11 08:32:34','2016-11-11 08:32:34','2016-11-11 08:32:34',Atendido,,
161111-352707,,Incidente importado desde SAC,,Cac,Usuario Importador,Carta Documento,,Consulta,Solucionado,,,,,AUS1 - AUTOMOTORES,857765,,5042253,Certificado de cobertura,,,,'2016-11-11 08:32:34','2016-11-11 08:32:34','2016-11-11 08:32:34',Atendido,,
161111-352708,,Incidente importado desde SAC,,Emisión Masivos,Usuario Importador,Telemarketing,,Consulta,Solucionado,,,,,AUS1 - AUTOMOTORES,857766,,3537435,Baja de póliza,,,,'2016-11-11 08:32:34','2016-11-11 08:32:34','2016-11-11 08:32:34',Atendido,,
161111-352693,,Incidente importado desde SAC,,Robo / Destruccion Total,Usuario Importador,Telemarketing,,Reclamo,Solucionado,,,,,APL1 - AUTOMOTORES PLANES,857751,,3345632,Robo Total,,,,'2016-11-11 08:32:33','2016-11-11 08:32:33','2016-11-11 08:32:33',Resuelto,,
161111-352695,,Incidente importado desde SAC,,Emisión Masivos,Usuario Importador,Telemarketing,,Consulta,Solucionado,,,,,HOM1 - SEGURO DEL HOGAR,857753,,630960,Baja de póliza,,,,'2016-11-11 08:32:33','2016-11-11 08:32:33','2016-11-11 08:32:33',Atendido,,
161111-352683,,Incidente importado desde SAC,,Emisión Masivos,Usuario Importador,Telemarketing,,Consulta,Solucionado,,,,,AUS1 - AUTOMOTORES,857741,,7055718,Baja de póliza,,,,'2016-11-11 08:32:32','2016-11-11 08:32:32','2016-11-11 08:32:32',Atendido,,
161111-352679,,Incidente importado desde SAC,,Cac,Usuario Importador,Telemarketing,,Consulta,Solucionado,,,,,AUS1 - AUTOMOTORES,857737,,1451808,Baja de póliza,,,,'2016-11-11 08:32:31','2016-11-11 08:32:31','2016-11-11 08:32:31',Atendido,,
161111-352668,,Incidente importado desde SAC,,Oficina Rosario,Usuario Importador,Carta,,Consulta,Solucionado,,,,,AUT1 - AUTOMOTORES,857726,,2737929,Siniestro Jet,,,,'2016-11-11 08:32:30','2016-11-11 08:32:30','2016-11-11 08:32:30',Resuelto,,
161111-352672,,Incidente importado desde SAC,,Gerencia Clientes,Usuario Importador,Telemarketing,,Reclamo,Solucionado,,,,,AUS1 - AUTOMOTORES,857730,,3328899,Venta con anomalías,,,,'2016-11-11 08:32:30','2016-11-11 08:32:30','2016-11-11 08:32:30',No Procedente,,
161111-352673,,Incidente importado desde SAC,,Cac,Usuario Importador,Telemarketing,,Consulta,Solucionado,,,,,AUT1 - AUTOMOTORES,857731,,3591532,Denuncia daños materiales,,,,'2016-11-11 08:32:30','2016-11-11 08:32:30','2016-11-11 08:32:30',Atendido,,
161111-352662,,Incidente importado desde SAC,,Gerencia Clientes,Usuario Importador,Entes Reguladores,,Accion Proactiva,Solucionado,,,,,APR1 - AUTOMOTORES,857720,,1051484,Uso Interno SAA - Acción Proactiva,,,,'2016-11-11 08:32:29','2016-11-11 08:32:29','2016-11-11 08:32:29',Resuelto,,
161111-352667,,Incidente importado desde SAC,,Emisión Masivos,Usuario Importador,Telemarketing,,Consulta,Solucionado,,,,,AUS1 - AUTOMOTORES,857725,,4396023,Baja de póliza,,,,'2016-11-11 08:32:29','2016-11-11 08:32:29','2016-11-11 08:32:29',Atendido,,
161111-352660,,Incidente importado desde SAC,,Gerencia Clientes,Usuario Importador,Telemarketing,,Reclamo,Solucionado,,,,,HOM1 - SEGURO DEL HOGAR,857718,,5769902,Venta con anomalías,,,,'2016-11-11 08:32:28','2016-11-11 08:32:28','2016-11-11 08:32:28',No Procedente,,
161111-352657,,Incidente importado desde SAC,,Daños Materiales Autos,Usuario Importador,Carta,,Consulta,Solucionado,,,,,AUT1 - AUTOMOTORES,857715,,7769166,Siniestro Jet,,,,'2016-11-11 08:32:27','2016-11-11 08:32:27','2016-11-11 08:32:27',Resuelto,,
161111-352654,,Incidente importado desde SAC,,Cac,Usuario Importador,Telemarketing,,Consulta,Solucionado,,,,,AUS1 - AUTOMOTORES,857712,,4271466,Facturación,,,,'2016-11-11 08:32:26','2016-11-11 08:32:26','2016-11-11 08:32:26',Atendido,,
161111-352649,,Incidente importado desde SAC,,Emisión Masivos,Usuario Importador,Telemarketing,,Consulta,Solucionado,,,,,HOM1 - SEGURO DEL HOGAR,857707,,4626994,Baja de póliza,,,,'2016-11-11 08:32:25','2016-11-11 08:32:25','2016-11-11 08:32:25',Atendido,,
161111-352651,,Incidente importado desde SAC,,Cac,Usuario Importador,Telemarketing,,Consulta,Solucionado,,,,,AUS1 - AUTOMOTORES,857709,,3502464,Facturación,,,,'2016-11-11 08:32:25','2016-11-11 08:32:25','2016-11-11 08:32:25',Atendido,,
161111-352640,,Incidente importado desde SAC,,Cac,Usuario Importador,Telemarketing,,Consulta,Solucionado,,,,,AUS1 - AUTOMOTORES,857698,,5165604,Baja de póliza,,,,'2016-11-11 08:32:24','2016-11-11 08:32:24','2016-11-11 08:32:24',Atendido,,
161111-352645,,Incidente importado desde SAC,,Prestadores,Usuario Importador,Telemarketing,,Disconformidad,Solucionado,,,,,HOM1 - SEGURO DEL HOGAR,857703,,3389239,Servicios Prestadores - Disconformidad,,,,'2016-11-11 08:32:24','2016-11-11 08:32:24','2016-11-11 08:32:24',Resuelto,,
161111-352628,,Incidente importado desde SAC,,Cac,Usuario Importador,Telemarketing,,Consulta,Solucionado,,,,,AUS1 - AUTOMOTORES,857687,,5144521,Post - Denuncia,,,,'2016-11-11 08:32:23','2016-11-11 08:32:23','2016-11-11 08:32:23',Atendido,,
161111-352634,,Incidente importado desde SAC,,Cac,Usuario Importador,Telemarketing,,Consulta,Solucionado,,,,,APR1 - AUTOMOTORES,857692,,3477101,Denuncia daños materiales,,,,'2016-11-11 08:32:23','2016-11-11 08:32:23','2016-11-11 08:32:23',Atendido,,
161111-352635,,Incidente importado desde SAC,,Mailing,Usuario Importador,Telemarketing,,Reclamo,Solucionado,,,,,AUS1 - AUTOMOTORES,857693,,3447357,Cupón de pago,,,,'2016-11-11 08:32:23','2016-11-11 08:32:23','2016-11-11 08:32:23',Resuelto,,
161111-352626,,Incidente importado desde SAC,,Cleas,Usuario Importador,Carta,,Consulta,Solucionado,,,,,APL1 - AUTOMOTORES PLANES,857685,,4529582,Siniestro Jet (Cobertura),,,,'2016-11-11 08:32:22','2016-11-11 08:32:22','2016-11-11 08:32:22',Resuelto,,
161111-352606,,Incidente importado desde SAC,,Prestadores,Usuario Importador,Carta Documento,,Disconformidad,Solucionado,,,,,APL1 - AUTOMOTORES PLANES,857665,,3503594,Servicios Prestadores (autos) - Disconformidad,,,,'2016-11-11 08:32:20','2016-11-11 08:32:20','2016-11-11 08:32:20',Atendido,,
161111-352607,,Incidente importado desde SAC,,Cac,Usuario Importador,Telemarketing,,Consulta,Solucionado,,,,,APR1 - AUTOMOTORES,857666,,6562141,Facturación,,,,'2016-11-11 08:32:20','2016-11-11 08:32:20','2016-11-11 08:32:20',Atendido,,
161111-352609,,Incidente importado desde SAC,,Cac,Usuario Importador,Telemarketing,,Consulta,Solucionado,,,,,AUS1 - AUTOMOTORES,857668,,7371363,Post - Denuncia,,,,'2016-11-11 08:32:20','2016-11-11 08:32:20','2016-11-11 08:32:20',Atendido,,
161111-352610,,Incidente importado desde SAC,,Cac,Usuario Importador,Telemarketing,,Consulta,Solucionado,,,,,AUS1 - AUTOMOTORES,857669,,2575165,Condiciones de póliza,,,,'2016-11-11 08:32:20','2016-11-11 08:32:20','2016-11-11 08:32:20',Atendido,,
161111-352612,,Incidente importado desde SAC,,Cac,Usuario Importador,Telemarketing,,Consulta,Solucionado,,,,,AUS1 - AUTOMOTORES,857671,,1408649,Post - Denuncia,,,,'2016-11-11 08:32:20','2016-11-11 08:32:20','2016-11-11 08:32:20',Atendido,,
161111-352614,,Incidente importado desde SAC,,Cac,Usuario Importador,Telemarketing,,Consulta,Solucionado,,,,,ATD1 - ROBO/USUAR.T.DEB-CRE,857673,,4382674,Baja de póliza,,,,'2016-11-11 08:32:20','2016-11-11 08:32:20','2016-11-11 08:32:20',Atendido,,
161111-352599,,Incidente importado desde SAC,,Cac,Usuario Importador,Telemarketing,,Consulta,Solucionado,,,,,AUS1 - AUTOMOTORES,857660,,3438170,Facturación,,,,'2016-11-11 08:32:19','2016-11-11 08:32:19','2016-11-11 08:32:19',Atendido,,
161111-352588,,Incidente importado desde SAC,,Cac,Usuario Importador,Telemarketing,,Consulta,Solucionado,,,,,APL1 - AUTOMOTORES PLANES,857649,,6140593,Post - Denuncia,,,,'2016-11-11 08:32:17','2016-11-11 08:32:17','2016-11-11 08:32:17',Atendido,,
161111-352590,,Incidente importado desde SAC,,Cac,Usuario Importador,Telemarketing,,Consulta,Solucionado,,,,,AUS1 - AUTOMOTORES,857651,,5108283,Facturación,,,,'2016-11-11 08:32:17','2016-11-11 08:32:17','2016-11-11 08:32:17',Atendido,,
161111-352592,,Incidente importado desde SAC,,Cac,Usuario Importador,Carta Documento,,Consulta,Solucionado,,,,,AUS1 - AUTOMOTORES,857653,,7694781,Certificado de cobertura,,,,'2016-11-11 08:32:17','2016-11-11 08:32:17','2016-11-11 08:32:17',Atendido,,
161111-352593,,Incidente importado desde SAC,,Cac,Usuario Importador,Carta Documento,,Consulta,Solucionado,,,,,AUS1 - AUTOMOTORES,857654,,1077118,Post - Denuncia,,,,'2016-11-11 08:32:17','2016-11-11 08:32:17','2016-11-11 08:32:17',Atendido,,
161111-352580,,Incidente importado desde SAC,,Cac,Usuario Importador,Telemarketing,,Consulta,Solucionado,,,,,APR1 - AUTOMOTORES,857641,,2994988,Modificaciones datos del producto,,,,'2016-11-11 08:32:16','2016-11-11 08:32:16','2016-11-11 08:32:16',Atendido,,
161111-352583,,Incidente importado desde SAC,,Cac,Usuario Importador,Telemarketing,,Consulta,Solucionado,,,,,ATD1 - ROBO/USUAR.T.DEB-CRE,857644,,4211971,Baja de póliza,,,,'2016-11-11 08:32:16','2016-11-11 08:32:16','2016-11-11 08:32:16',Atendido,,
161111-352573,,Incidente importado desde SAC,,Cac,Usuario Importador,Telemarketing,,Consulta,Solucionado,,,,,HOM1 - SEGURO DEL HOGAR,857634,,4215510,Certificado de cobertura,,,,'2016-11-11 08:32:15','2016-11-11 08:32:15','2016-11-11 08:32:15',Atendido,,
161111-352571,,Incidente importado desde SAC,,Oficina Cordoba,Usuario Importador,Telemarketing,,Reclamo,Solucionado,,,,,AUS1 - AUTOMOTORES,857633,,4841337,Daños materiales Cordoba,,,,'2016-11-11 08:32:14','2016-11-11 08:32:14','2016-11-11 08:32:14',Resuelto,,
161111-352568,,Incidente importado desde SAC,,Cac,Usuario Importador,Telemarketing,,Consulta,Solucionado,,,,,APR1 - AUTOMOTORES,857630,,7140602,Post - Denuncia,,,,'2016-11-11 08:32:13','2016-11-11 08:32:13','2016-11-11 08:32:13',Atendido,,
161111-352561,,Incidente importado desde SAC,,Fleet Services,Usuario Importador,Telemarketing,,Consulta,Solucionado,,,,,AUA1 - AUTOMOTORES CARTERA GENERAL,857623,,1361522,Contacto del tercero,,,,'2016-11-11 08:32:12','2016-11-11 08:32:12','2016-11-11 08:32:12',Atendido,,
161111-352562,,Incidente importado desde SAC,,Cac,Usuario Importador,Telemarketing,,Consulta,Solucionado,,,,,AUS1 - AUTOMOTORES,857624,,3446403,Facturación,,,,'2016-11-11 08:32:12','2016-11-11 08:32:12','2016-11-11 08:32:12',Atendido,,
161111-352563,,Incidente importado desde SAC,,Cac,Usuario Importador,Telemarketing,,Consulta,Solucionado,,,,,AUS1 - AUTOMOTORES,857625,,5055642,Facturación,,,,'2016-11-11 08:32:12','2016-11-11 08:32:12','2016-11-11 08:32:12',Atendido,,
161111-352567,,Incidente importado desde SAC,,Cac,Usuario Importador,Carta Documento,,Consulta,Solucionado,,,,,AUI1 - AUTOMOTORES INSTITUCIONES,857629,,7485597,Post - Denuncia,,,,'2016-11-11 08:32:12','2016-11-11 08:32:12','2016-11-11 08:32:12',Atendido,,
161111-352553,,Incidente importado desde SAC,,Cac,Usuario Importador,Telemarketing,,Consulta,Solucionado,,,,,HOM1 - SEGURO DEL HOGAR,857615,,3729416,Post - Denuncia,,,,'2016-11-11 08:32:11','2016-11-11 08:32:11','2016-11-11 08:32:11',Atendido,,
161111-352558,,Incidente importado desde SAC,,Mailing,Usuario Importador,Telemarketing,,Reclamo,Solucionado,,,,,AUS1 - AUTOMOTORES,857620,,1253720,Cupón de pago,,,,'2016-11-11 08:32:11','2016-11-11 08:32:11','2016-11-11 08:32:11',Resuelto,,
161111-352559,,Incidente importado desde SAC,,Cac,Usuario Importador,Telemarketing,,Consulta,Solucionado,,,,,AUS1 - AUTOMOTORES,857621,,5156112,Facturación,,,,'2016-11-11 08:32:11','2016-11-11 08:32:11','2016-11-11 08:32:11',Atendido,,
161111-352545,,Incidente importado desde SAC,,Cac,Usuario Importador,Telemarketing,,Consulta,Solucionado,,,,,AUS1 - AUTOMOTORES,857607,,4466119,Modificaciones scoring,,,,'2016-11-11 08:32:10','2016-11-11 08:32:10','2016-11-11 08:32:10',Atendido,,
161111-352546,,Incidente importado desde SAC,,Emisión Masivos,Usuario Importador,Telemarketing,,Consulta,Solucionado,,,,,AUS1 - AUTOMOTORES,857608,,2077855,Baja de póliza,,,,'2016-11-11 08:32:10','2016-11-11 08:32:10','2016-11-11 08:32:10',Atendido,,
161111-352547,,Incidente importado desde SAC,,Cac,Usuario Importador,Telemarketing,,Consulta,Solucionado,,,,,AUS1 - AUTOMOTORES,857609,,642188,Facturación,,,,'2016-11-11 08:32:10','2016-11-11 08:32:10','2016-11-11 08:32:10',Atendido,,
161111-352548,,Incidente importado desde SAC,,Cac,Usuario Importador,Telemarketing,,Consulta,Solucionado,,,,,AUS1 - AUTOMOTORES,857610,,3551560,Facturación,,,,'2016-11-11 08:32:10','2016-11-11 08:32:10','2016-11-11 08:32:10',Atendido,,
161111-352533,,Incidente importado desde SAC,,Emisión Masivos,Usuario Importador,Carta Documento,,Consulta,Solucionado,,,,,AUS1 - AUTOMOTORES,857595,,5321369,Baja de póliza,,,,'2016-11-11 08:32:08','2016-11-11 08:32:08','2016-11-11 08:32:08',Atendido,,
161111-352536,,Incidente importado desde SAC,,Cac,Usuario Importador,Telemarketing,,Consulta,Solucionado,,,,,AUS1 - AUTOMOTORES,857598,,4375063,Facturación,,,,'2016-11-11 08:32:08','2016-11-11 08:32:08','2016-11-11 08:32:08',Atendido,,
161111-352538,,Incidente importado desde SAC,,Cac,Usuario Importador,Telemarketing,,Consulta,Solucionado,,,,,HOM1 - SEGURO DEL HOGAR,857600,,6924751,Baja de póliza,,,,'2016-11-11 08:32:08','2016-11-11 08:32:08','2016-11-11 08:32:08',Atendido,,
161111-352539,,Incidente importado desde SAC,,Emisión Masivos,Usuario Importador,Telemarketing,,Reclamo,Solucionado,,,,,APR1 - AUTOMOTORES,857601,,321026,Demora en alta de póliza,,,,'2016-11-11 08:32:08','2016-11-11 08:32:08','2016-11-11 08:32:08',Resuelto,,
161111-352530,,Incidente importado desde SAC,,Cac,Usuario Importador,Telemarketing,,Consulta,Solucionado,,,,,HOM1 - SEGURO DEL HOGAR,857592,,6746219,Post - Denuncia,,,,'2016-11-11 08:32:07','2016-11-11 08:32:07','2016-11-11 08:32:07',Atendido,,
161111-352523,,Incidente importado desde SAC,,Cac,Usuario Importador,Telemarketing,,Consulta,Solucionado,,,,,APR1 - AUTOMOTORES,857585,,4452975,Post - Denuncia,,,,'2016-11-11 08:32:06','2016-11-11 08:32:06','2016-11-11 08:32:06',Atendido,,
161111-352506,,Incidente importado desde SAC,,Cac,Usuario Importador,Telemarketing,,Consulta,Solucionado,,,,,AUS1 - AUTOMOTORES,857568,,3594731,Denuncia daños materiales,,,,'2016-11-11 08:32:04','2016-11-11 08:32:04','2016-11-11 08:32:04',Atendido,,
161111-352508,,Incidente importado desde SAC,,Cac,Usuario Importador,Telemarketing,,Consulta,Solucionado,,,,,AUS1 - AUTOMOTORES,857570,,4293409,Facturación,,,,'2016-11-11 08:32:04','2016-11-11 08:32:04','2016-11-11 08:32:04',Atendido,,
161111-352509,,Incidente importado desde SAC,,Cac,Usuario Importador,Telemarketing,,Consulta,Solucionado,,,,,APL1 - AUTOMOTORES PLANES,857571,,5035133,Denuncia daños materiales,,,,'2016-11-11 08:32:04','2016-11-11 08:32:04','2016-11-11 08:32:04',Atendido,,
161111-352500,,Incidente importado desde SAC,,Cac,Usuario Importador,Telemarketing,,Consulta,Solucionado,,,,,HOM1 - SEGURO DEL HOGAR,857562,,254395,Facturación,,,,'2016-11-11 08:32:03','2016-11-11 08:32:03','2016-11-11 08:32:03',Atendido,,
161111-352502,,Incidente importado desde SAC,,Cac,Usuario Importador,Telemarketing,,Consulta,Solucionado,,,,,AUS1 - AUTOMOTORES,857564,,6629482,Denuncia daños materiales,,,,'2016-11-11 08:32:03','2016-11-11 08:32:03','2016-11-11 08:32:03',Atendido,,
161111-352503,,Incidente importado desde SAC,,Emisión Masivos,Usuario Importador,Carta Documento,,Consulta,Solucionado,,,,,AUS1 - AUTOMOTORES,857565,,3128613,Baja de póliza,,,,'2016-11-11 08:32:03','2016-11-11 08:32:03','2016-11-11 08:32:03',Atendido,,
161111-352497,,Incidente importado desde SAC,,Mailing,Usuario Importador,Telemarketing,,Reclamo,Solucionado,,,,,AUS1 - AUTOMOTORES,857559,,5529659,Certificado de cobertura,,,,'2016-11-11 08:32:02','2016-11-11 08:32:02','2016-11-11 08:32:02',Resuelto,,
161111-352489,,Incidente importado desde SAC,,Cac,Usuario Importador,Telemarketing,,Consulta,Solucionado,,,,,APL1 - AUTOMOTORES PLANES,857551,,7265264,Post - Denuncia,,,,'2016-11-11 08:32:01','2016-11-11 08:32:01','2016-11-11 08:32:01',Atendido,,
161111-352475,,Incidente importado desde SAC,,Gerencia Clientes,Usuario Importador,Telemarketing,,Accion Proactiva,Solucionado,,,,,EGE1 - EXT.GARANTIA ELECTRO,857537,,820242,Uso Interno SAA - Acción Proactiva,,,,'2016-11-11 08:31:58','2016-11-11 08:31:58','2016-11-11 08:31:58',Resuelto,,
161111-352477,,Incidente importado desde SAC,,Cac,Usuario Importador,Telemarketing,,Consulta,Solucionado,,,,,HOM1 - SEGURO DEL HOGAR,857539,,5464802,Facturación,,,,'2016-11-11 08:31:58','2016-11-11 08:31:58','2016-11-11 08:31:58',Atendido,,
161111-352465,,Incidente importado desde SAC,,Cac,Usuario Importador,Telemarketing,,Consulta,Solucionado,,,,,AUS1 - AUTOMOTORES,857527,,2894251,Cupón de pago,,,,'2016-11-11 08:31:57','2016-11-11 08:31:57','2016-11-11 08:31:57',Atendido,,
161111-352466,,Incidente importado desde SAC,,Gerencia Clientes,Usuario Importador,Carta Documento,,Consulta,Solucionado,,,,,AUT1 - AUTOMOTORES,857528,,1292364,Certificado de cobertura,,,,'2016-11-11 08:31:57','2016-11-11 08:31:57','2016-11-11 08:31:57',Atendido,,
161111-352469,,Incidente importado desde SAC,,Cac,Usuario Importador,Telemarketing,,Consulta,Solucionado,,,,,AUS1 - AUTOMOTORES,857531,,4490821,Post - Denuncia,,,,'2016-11-11 08:31:57','2016-11-11 08:31:57','2016-11-11 08:31:57',Atendido,,
161111-352471,,Incidente importado desde SAC,,Fleet Services,Usuario Importador,Telemarketing,,Consulta,Solucionado,,,,,AUA1 - AUTOMOTORES CARTERA GENERAL,857533,,4523468,Contacto del tercero,,,,'2016-11-11 08:31:57','2016-11-11 08:31:57','2016-11-11 08:31:57',Atendido,,
161111-352457,,Incidente importado desde SAC,,Cac,Usuario Importador,Carta Documento,,Consulta,Solucionado,,,,,AUI1 - AUTOMOTORES INSTITUCIONES,857519,,3420306,Certificado de cobertura,,,,'2016-11-11 08:31:56','2016-11-11 08:31:56','2016-11-11 08:31:56',Atendido,,
161111-352458,,Incidente importado desde SAC,,Cac,Usuario Importador,Telemarketing,,Consulta,Solucionado,,,,,AUS1 - AUTOMOTORES,857520,,3387251,Facturación,,,,'2016-11-11 08:31:56','2016-11-11 08:31:56','2016-11-11 08:31:56',Atendido,,
161111-352449,,Incidente importado desde SAC,,Cac,Usuario Importador,Carta Documento,,Consulta,Solucionado,,,,,AUS1 - AUTOMOTORES,857512,,2398937,Facturación,,,,'2016-11-11 08:31:55','2016-11-11 08:31:55','2016-11-11 08:31:55',Atendido,,
161111-352440,,Incidente importado desde SAC,,Cac,Usuario Importador,Carta Documento,,Consulta,Solucionado,,,,,INC1 - INCENDIO,857503,,3404749,Cartera general,,,,'2016-11-11 08:31:54','2016-11-11 08:31:54','2016-11-11 08:31:54',Atendido,,
161111-352441,,Incidente importado desde SAC,,Cac,Usuario Importador,Telemarketing,,Consulta,Solucionado,,,,,HOM1 - SEGURO DEL HOGAR,857504,,5335628,Post - Denuncia,,,,'2016-11-11 08:31:54','2016-11-11 08:31:54','2016-11-11 08:31:54',Atendido,,
161111-352432,,Incidente importado desde SAC,,Cac,Usuario Importador,Telemarketing,,Consulta,Solucionado,,,,,APR1 - AUTOMOTORES,857495,,3027618,Modificaciones datos del producto,,,,'2016-11-11 08:31:53','2016-11-11 08:31:53','2016-11-11 08:31:53',Atendido,,
161111-352423,,Incidente importado desde SAC,,Gerencia Clientes,Usuario Importador,Carta Documento,,Accion Proactiva,Solucionado,,,,,HOM1 - SEGURO DEL HOGAR,857486,,2313884,Uso Interno Clientes Varios - Acción Proactiva,,,,'2016-11-11 08:31:52','2016-11-11 08:31:52','2016-11-11 08:31:52',Resuelto,,
161111-352425,,Incidente importado desde SAC,,Cac,Usuario Importador,Telemarketing,,Consulta,Solucionado,,,,,APL1 - AUTOMOTORES PLANES,857488,,6715717,Facturación,,,,'2016-11-11 08:31:52','2016-11-11 08:31:52','2016-11-11 08:31:52',Atendido,,
161111-352429,,Incidente importado desde SAC,,Fleet Services,Usuario Importador,Carta Documento,,Consulta,Solucionado,,,,,AUT1 - AUTOMOTORES,857492,,3388333,Contacto del tercero,,,,'2016-11-11 08:31:52','2016-11-11 08:31:52','2016-11-11 08:31:52',Atendido,,
161111-352419,,Incidente importado desde SAC,,Emisión Masivos,Usuario Importador,Telemarketing,,Consulta,Solucionado,,,,,AUS1 - AUTOMOTORES,857482,,1332840,Baja de póliza,,,,'2016-11-11 08:31:51','2016-11-11 08:31:51','2016-11-11 08:31:51',Atendido,,
161111-352421,,Incidente importado desde SAC,,Cac,Usuario Importador,Telemarketing,,Consulta,Solucionado,,,,,HOM1 - SEGURO DEL HOGAR,857484,,2091101,Facturación,,,,'2016-11-11 08:31:51','2016-11-11 08:31:51','2016-11-11 08:31:51',Atendido,,
161111-352416,,Incidente importado desde SAC,,Gerencia Clientes,Usuario Importador,Carta Documento,,Consulta,Solucionado,,,,,AUA1 - AUTOMOTORES CARTERA GENERAL,857479,,2243864,Certificado de cobertura,,,,'2016-11-11 08:31:50','2016-11-11 08:31:50','2016-11-11 08:31:50',Atendido,,
161111-352409,,Incidente importado desde SAC,,Cac,Usuario Importador,Carta Documento,,Consulta,Solucionado,,,,,HOM1 - SEGURO DEL HOGAR,857472,,7434877,Post - Denuncia,,,,'2016-11-11 08:31:49','2016-11-11 08:31:49','2016-11-11 08:31:49',Atendido,,
161111-352407,,Incidente importado desde SAC,,Emisión Masivos,Usuario Importador,Telemarketing,,Consulta,Solucionado,,,,,AUS1 - AUTOMOTORES,857470,,4447774,Baja de póliza,,,,'2016-11-11 08:31:48','2016-11-11 08:31:48','2016-11-11 08:31:48',Atendido,,
161111-352403,,Incidente importado desde SAC,,Emisión Masivos,Usuario Importador,Telemarketing,,Consulta,Solucionado,,,,,AUS1 - AUTOMOTORES,857466,,1432268,Baja de póliza,,,,'2016-11-11 08:31:47','2016-11-11 08:31:47','2016-11-11 08:31:47',Atendido,,
161111-352404,,Incidente importado desde SAC,,Fleet Services,Usuario Importador,Telemarketing,,Consulta,Solucionado,,,,,AUT1 - AUTOMOTORES,857467,,2465229,Contacto del tercero,,,,'2016-11-11 08:31:47','2016-11-11 08:31:47','2016-11-11 08:31:47',Atendido,,
161111-352395,,Incidente importado desde SAC,,Cac,Usuario Importador,Carta Documento,,Consulta,Solucionado,,,,,AUS1 - AUTOMOTORES,857458,,4103436,Condiciones de póliza,,,,'2016-11-11 08:31:46','2016-11-11 08:31:46','2016-11-11 08:31:46',Atendido,,
161111-352386,,Incidente importado desde SAC,,Cac,Usuario Importador,Telemarketing,,Consulta,Solucionado,,,,,AUS1 - AUTOMOTORES,857449,,2123304,Reintegro - Automático,,,,'2016-11-11 08:31:45','2016-11-11 08:31:45','2016-11-11 08:31:45',Atendido,,
161111-352387,,Incidente importado desde SAC,,Cac,Usuario Importador,Telemarketing,,Consulta,Solucionado,,,,,AUS1 - AUTOMOTORES,857450,,3753154,Post - Denuncia,,,,'2016-11-11 08:31:45','2016-11-11 08:31:45','2016-11-11 08:31:45',Atendido,,
161111-352389,,Incidente importado desde SAC,,Oficina Mendoza,Usuario Importador,Telemarketing,,Reclamo,Solucionado,,,,,APR1 - AUTOMOTORES,857452,,4092376,ZURICH,,,,'2016-11-11 08:31:45','2016-11-11 08:31:45','2016-11-11 08:31:45',Resuelto,,
161111-352391,,Incidente importado desde SAC,,Cac,Usuario Importador,Telemarketing,,Consulta,Solucionado,,,,,AUS1 - AUTOMOTORES,857454,,3934779,Inclusión de GNC,,,,'2016-11-11 08:31:45','2016-11-11 08:31:45','2016-11-11 08:31:45',Atendido,,
161111-352393,,Incidente importado desde SAC,,,Usuario Importador,Telemarketing,,Consulta,Solucionado,,,,,AUI1 - AUTOMOTORES INSTITUCIONES,857456,,3516867,Baja de póliza,,,,'2016-11-11 08:31:45','2016-11-11 08:31:45','2016-11-11 08:31:45',Atendido,,
161111-352377,,Incidente importado desde SAC,,Cac,Usuario Importador,Carta Documento,,Consulta,Solucionado,,,,,AUI1 - AUTOMOTORES INSTITUCIONES,857440,,3420301,Facturación,,,,'2016-11-11 08:31:44','2016-11-11 08:31:44','2016-11-11 08:31:44',Atendido,,
161111-352385,,Incidente importado desde SAC,,Gerencia Clientes,Usuario Importador,Telemarketing,,Reclamo,Solucionado,,,,,AUS1 - AUTOMOTORES,857448,,6171524,Venta con anomalías,,,,'2016-11-11 08:31:44','2016-11-11 08:31:44','2016-11-11 08:31:44',No Procedente,,
161111-352363,,Incidente importado desde SAC,,Cac,Usuario Importador,Telemarketing,,Consulta,Solucionado,,,,,AUS1 - AUTOMOTORES,857427,,1022342,Modificación datos personales,,,,'2016-11-11 08:31:39','2016-11-11 08:31:39','2016-11-11 08:31:39',Atendido,,
161111-352364,,Incidente importado desde SAC,,Emisión Masivos,Usuario Importador,Telemarketing,,Consulta,Solucionado,,,,,HOM1 - SEGURO DEL HOGAR,857428,,6016753,Baja de póliza,,,,'2016-11-11 08:31:39','2016-11-11 08:31:39','2016-11-11 08:31:39',Atendido,,
161111-352359,,Incidente importado desde SAC,,Gerencia Clientes,Usuario Importador,Telemarketing,,Disconformidad,Solucionado,,,,,AUS1 - AUTOMOTORES,857423,,3521692,Facturación,,,,'2016-11-11 08:31:38','2016-11-11 08:31:38','2016-11-11 08:31:38',Atendido,,
161111-352360,,Incidente importado desde SAC,,Mailing,Usuario Importador,Telemarketing,,Reclamo,Solucionado,,,,,AUS1 - AUTOMOTORES,857424,,3584170,Cupón de pago,,,,'2016-11-11 08:31:38','2016-11-11 08:31:38','2016-11-11 08:31:38',Resuelto,,
161111-352362,,Incidente importado desde SAC,,UPF,Usuario Importador,Telemarketing,,Accion Proactiva,Solucionado,,,,,AUS1 - AUTOMOTORES,857426,,1960983,Irregularidad siniestro - Acción Proactiva,,,,'2016-11-11 08:31:38','2016-11-11 08:31:38','2016-11-11 08:31:38',Resuelto,,
161111-352352,,Incidente importado desde SAC,,Cac,Usuario Importador,Carta Documento,,Consulta,Solucionado,,,,,APL1 - AUTOMOTORES PLANES,857416,,3953137,Certificado de cobertura,,,,'2016-11-11 08:31:37','2016-11-11 08:31:37','2016-11-11 08:31:37',Atendido,,
161111-352353,,Incidente importado desde SAC,,Cac,Usuario Importador,Telemarketing,,Consulta,Solucionado,,,,,APR1 - AUTOMOTORES,857417,,3419336,Post - Denuncia,,,,'2016-11-11 08:31:37','2016-11-11 08:31:37','2016-11-11 08:31:37',Atendido,,
161111-352355,,Incidente importado desde SAC,,Emisión Masivos,Usuario Importador,Carta Documento,,Consulta,Solucionado,,,,,AUS1 - AUTOMOTORES,857419,,3504179,Baja de póliza,,,,'2016-11-11 08:31:37','2016-11-11 08:31:37','2016-11-11 08:31:37',Atendido,,
161111-352357,,Incidente importado desde SAC,,Gerencia Clientes,Usuario Importador,Telemarketing,,Consulta,Solucionado,,,,,AUA1 - AUTOMOTORES CARTERA GENERAL,857421,,6962138,Certificado de cobertura,,,,'2016-11-11 08:31:37','2016-11-11 08:31:37','2016-11-11 08:31:37',Atendido,,
161111-352346,,Incidente importado desde SAC,,Cac,Usuario Importador,Telemarketing,,Consulta,Solucionado,,,,,AUI1 - AUTOMOTORES INSTITUCIONES,857410,,3948171,Post - Denuncia,,,,'2016-11-11 08:31:36','2016-11-11 08:31:36','2016-11-11 08:31:36',Atendido,,
161111-352340,,Incidente importado desde SAC,,Fleet Services,Usuario Importador,Telemarketing,,Consulta,Solucionado,,,,,AUT1 - AUTOMOTORES,857404,,5176138,Contacto del tercero,,,,'2016-11-11 08:31:35','2016-11-11 08:31:35','2016-11-11 08:31:35',Atendido,,
161111-352335,,Incidente importado desde SAC,,,Usuario Importador,Telemarketing,,Reclamo,Solucionado,,,,,APR1 - AUTOMOTORES,857399,,3596116,Daños materiales Cordoba,,,,'2016-11-11 08:31:33','2016-11-11 08:31:33','2016-11-11 08:31:33',Resuelto,,
161111-352329,,Incidente importado desde SAC,,Daños Materiales Interior Sur,Usuario Importador,Carta,,Consulta,Solucionado,,,,,AUS1 - AUTOMOTORES,857393,,2644734,Siniestro Jet,,,,'2016-11-11 08:31:32','2016-11-11 08:31:32','2016-11-11 08:31:32',Resuelto,,
161111-352331,,Incidente importado desde SAC,,Oficina Cordoba,Usuario Importador,Telemarketing,,Reclamo,Solucionado,,,,,AUS1 - AUTOMOTORES,857395,,1317041,Daños materiales Cordoba,,,,'2016-11-11 08:31:32','2016-11-11 08:31:32','2016-11-11 08:31:32',Resuelto,,
161111-352322,,Incidente importado desde SAC,,Cac,Usuario Importador,Telemarketing,,Consulta,Solucionado,,,,,AUT1 - AUTOMOTORES,857386,,3515791,Facturación,,,,'2016-11-11 08:31:31','2016-11-11 08:31:31','2016-11-11 08:31:31',Atendido,,
161111-352317,,Incidente importado desde SAC,,Cac,Usuario Importador,Telemarketing,,Consulta,Solucionado,,,,,AUS1 - AUTOMOTORES,857381,,5601420,Facturación,,,,'2016-11-11 08:31:30','2016-11-11 08:31:30','2016-11-11 08:31:30',Atendido,,
161111-352318,,Incidente importado desde SAC,,Emisión Cartera Gral.,Usuario Importador,Telemarketing,,Consulta,Solucionado,,,,,AUT1 - AUTOMOTORES,857382,,4695252,Baja de póliza,,,,'2016-11-11 08:31:30','2016-11-11 08:31:30','2016-11-11 08:31:30',Atendido,,
161111-352304,,Incidente importado desde SAC,,Fleet Services,Usuario Importador,Telemarketing,,Consulta,Solucionado,,,,,AUA1 - AUTOMOTORES CARTERA GENERAL,857368,,6527130,Contacto del tercero,,,,'2016-11-11 08:31:28','2016-11-11 08:31:28','2016-11-11 08:31:28',Atendido,,
161111-352305,,Incidente importado desde SAC,,Gerencia Clientes,Usuario Importador,Telemarketing,,Reclamo,Solucionado,,,,,HOM1 - SEGURO DEL HOGAR,857369,,3154906,Venta con anomalías,,,,'2016-11-11 08:31:28','2016-11-11 08:31:28','2016-11-11 08:31:28',Resuelto,,
161111-352307,,Incidente importado desde SAC,,Cac,Usuario Importador,Telemarketing,,Consulta,Solucionado,,,,,AUS1 - AUTOMOTORES,857371,,1923993,Facturación,,,,'2016-11-11 08:31:28','2016-11-11 08:31:28','2016-11-11 08:31:28',Atendido,,
161111-352308,,Incidente importado desde SAC,,Emisión Masivos,Usuario Importador,Telemarketing,,Consulta,Solucionado,,,,,AUS1 - AUTOMOTORES,857372,,2628083,Baja de póliza,,,,'2016-11-11 08:31:28','2016-11-11 08:31:28','2016-11-11 08:31:28',Atendido,,
161111-352293,,Incidente importado desde SAC,,Emisión Masivos,Usuario Importador,Carta Documento,,Consulta,Solucionado,,,,,HOM1 - SEGURO DEL HOGAR,857357,,4358086,Baja de póliza,,,,'2016-11-11 08:31:27','2016-11-11 08:31:27','2016-11-11 08:31:27',Atendido,,
161111-352300,,Incidente importado desde SAC,,Cac,Usuario Importador,Telemarketing,,Consulta,Solucionado,,,,,AUS1 - AUTOMOTORES,857364,,7514487,Post - Denuncia,,,,'2016-11-11 08:31:27','2016-11-11 08:31:27','2016-11-11 08:31:27',Atendido,,
161111-352302,,Incidente importado desde SAC,,Gerencia Clientes,Usuario Importador,Carta Documento,,Consulta,Solucionado,,,,,AUT1 - AUTOMOTORES,857366,,2860440,Certificado de cobertura,,,,'2016-11-11 08:31:27','2016-11-11 08:31:27','2016-11-11 08:31:27',Atendido,,
161111-352284,,Incidente importado desde SAC,,Cac,Usuario Importador,Telemarketing,,Consulta,Solucionado,,,,,APR1 - AUTOMOTORES,857348,,3435666,Modificaciones datos del producto,,,,'2016-11-11 08:31:26','2016-11-11 08:31:26','2016-11-11 08:31:26',Atendido,,
161111-352282,,Incidente importado desde SAC,,Cac,Usuario Importador,Telemarketing,,Consulta,Solucionado,,,,,APL1 - AUTOMOTORES PLANES,857346,,3477641,Facturación,,,,'2016-11-11 08:31:25','2016-11-11 08:31:25','2016-11-11 08:31:25',Atendido,,
161111-352264,,Incidente importado desde SAC,,Cac,Usuario Importador,Telemarketing,,Consulta,Solucionado,,,,,AUS1 - AUTOMOTORES,857328,,668767,Facturación,,,,'2016-11-11 08:31:23','2016-11-11 08:31:23','2016-11-11 08:31:23',Atendido,,
161111-352265,,Incidente importado desde SAC,,Cac,Usuario Importador,Carta Documento,,Consulta,Solucionado,,,,,APR1 - AUTOMOTORES,857329,,222228,Certificado de cobertura,,,,'2016-11-11 08:31:23','2016-11-11 08:31:23','2016-11-11 08:31:23',Atendido,,
161111-352259,,Incidente importado desde SAC,,Gerencia Clientes,Usuario Importador,Telemarketing,,Reclamo,Solucionado,,,,,AUS1 - AUTOMOTORES,857323,,2764198,Venta con anomalías,,,,'2016-11-11 08:31:22','2016-11-11 08:31:22','2016-11-11 08:31:22',No Procedente,,
161111-352260,,Incidente importado desde SAC,,Drive in Lanus,Usuario Importador,Telemarketing,,Accion Proactiva,Solucionado,,,,,APL1 - AUTOMOTORES PLANES,857324,,5254358,Irregularidad siniestro - Acción Proactiva,,,,'2016-11-11 08:31:22','2016-11-11 08:31:22','2016-11-11 08:31:22',Resuelto,,
161111-352262,,Incidente importado desde SAC,,Cac,Usuario Importador,Carta Documento,,Consulta,Solucionado,,,,,AUS1 - AUTOMOTORES,857326,,3531638,Certificado de cobertura,,,,'2016-11-11 08:31:22','2016-11-11 08:31:22','2016-11-11 08:31:22',Atendido,,
161111-352252,,Incidente importado desde SAC,,Cac,Usuario Importador,Telemarketing,,Consulta,Solucionado,,,,,AUS1 - AUTOMOTORES,857316,,4347886,Facturación,,,,'2016-11-11 08:31:20','2016-11-11 08:31:20','2016-11-11 08:31:20',Atendido,,
161111-352250,,Incidente importado desde SAC,,Prestadores,Usuario Importador,Telemarketing,,Reclamo,Solucionado,,,,,AUS1 - AUTOMOTORES,857314,,4156949,SOS,,,,'2016-11-11 08:31:19','2016-11-11 08:31:19','2016-11-11 08:31:19',No Procedente,,
161111-352243,,Incidente importado desde SAC,,Cac,Usuario Importador,Telemarketing,,Consulta,Solucionado,,,,,AUS1 - AUTOMOTORES,857307,,7017039,Facturación,,,,'2016-11-11 08:31:18','2016-11-11 08:31:18','2016-11-11 08:31:18',Atendido,,
161111-352247,,Incidente importado desde SAC,,Cac,Usuario Importador,Telemarketing,,Consulta,Solucionado,,,,,APL1 - AUTOMOTORES PLANES,857311,,5202460,Post - Denuncia,,,,'2016-11-11 08:31:18','2016-11-11 08:31:18','2016-11-11 08:31:18',Atendido,,
161111-352221,,Incidente importado desde SAC,,Cac,Usuario Importador,Telemarketing,,Consulta,Solucionado,,,,,APL1 - AUTOMOTORES PLANES,857285,,4407247,Endosos CAC,,,,'2016-11-11 08:31:15','2016-11-11 08:31:15','2016-11-11 08:31:15',Atendido,,
161111-352224,,Incidente importado desde SAC,,Cac,Usuario Importador,Carta Documento,,Consulta,Solucionado,,,,,AUS1 - AUTOMOTORES,857288,,917738,Certificado de cobertura,,,,'2016-11-11 08:31:15','2016-11-11 08:31:15','2016-11-11 08:31:15',Atendido,,
161111-352209,,Incidente importado desde SAC,,Cac,Usuario Importador,Carta Documento,,Consulta,Solucionado,,,,,AUI1 - AUTOMOTORES INSTITUCIONES,857273,,3102278,Certificado de cobertura,,,,'2016-11-11 08:31:14','2016-11-11 08:31:14','2016-11-11 08:31:14',Atendido,,
161111-352216,,Incidente importado desde SAC,,Cac,Usuario Importador,Telemarketing,,Consulta,Solucionado,,,,,APR1 - AUTOMOTORES,857280,,3649639,Certificado de cobertura,,,,'2016-11-11 08:31:14','2016-11-11 08:31:14','2016-11-11 08:31:14',Atendido,,
161111-352202,,Incidente importado desde SAC,,Cac,Usuario Importador,Atencion Presencial,,Consulta,Solucionado,,,,,AUS1 - AUTOMOTORES,857266,,4467226,Facturación,,,,'2016-11-11 08:31:13','2016-11-11 08:31:13','2016-11-11 08:31:13',Atendido,,
161111-352204,,Incidente importado desde SAC,,Emisión Masivos,Usuario Importador,Telemarketing,,Consulta,Solucionado,,,,,AUS1 - AUTOMOTORES,857268,,2018741,Baja de póliza,,,,'2016-11-11 08:31:13','2016-11-11 08:31:13','2016-11-11 08:31:13',Atendido,,
161111-352206,,Incidente importado desde SAC,,Cac,Usuario Importador,Telemarketing,,Consulta,Solucionado,,,,,APL1 - AUTOMOTORES PLANES,857270,,7792314,Modificaciones datos del producto,,,,'2016-11-11 08:31:13','2016-11-11 08:31:13','2016-11-11 08:31:13',Atendido,,
161111-352198,,Incidente importado desde SAC,,Emisión Masivos,Usuario Importador,Carta Documento,,Consulta,Solucionado,,,,,AUS1 - AUTOMOTORES,857262,,1947432,Baja de póliza,,,,'2016-11-11 08:31:12','2016-11-11 08:31:12','2016-11-11 08:31:12',Atendido,,
161111-352189,,Incidente importado desde SAC,,Cac,Usuario Importador,Telemarketing,,Consulta,Solucionado,,,,,APR1 - AUTOMOTORES,857253,,3604449,Post - Denuncia,,,,'2016-11-11 08:31:11','2016-11-11 08:31:11','2016-11-11 08:31:11',Atendido,,
161111-352181,,Incidente importado desde SAC,,Cac,Usuario Importador,Telemarketing,,Consulta,Solucionado,,,,,APR1 - AUTOMOTORES,857245,,7646469,Post - Denuncia,,,,'2016-11-11 08:31:10','2016-11-11 08:31:10','2016-11-11 08:31:10',Atendido,,
161111-352187,,Incidente importado desde SAC,,Daños Materiales Autos,Usuario Importador,Telemarketing,,Disconformidad,Solucionado,,,,,AUA1 - AUTOMOTORES CARTERA GENERAL,857251,,5190873,Con resolución de siniestro - Disconformidad,,,,'2016-11-11 08:31:10','2016-11-11 08:31:10','2016-11-11 08:31:10',Atendido,,
161111-352179,,Incidente importado desde SAC,,Cac,Usuario Importador,Telemarketing,,Consulta,Solucionado,,,,,AUS1 - AUTOMOTORES,857243,,5606256,Post - Denuncia,,,,'2016-11-11 08:31:09','2016-11-11 08:31:09','2016-11-11 08:31:09',Atendido,,
161111-352172,,Incidente importado desde SAC,,Cac,Usuario Importador,Telemarketing,,Consulta,Solucionado,,,,,AUS1 - AUTOMOTORES,857236,,3366158,Facturación,,,,'2016-11-11 08:31:07','2016-11-11 08:31:07','2016-11-11 08:31:07',Atendido,,
161111-352176,,Incidente importado desde SAC,,Cac,Usuario Importador,Carta Documento,,Consulta,Solucionado,,,,,AUS1 - AUTOMOTORES,857240,,5585144,Condiciones de póliza,,,,'2016-11-11 08:31:07','2016-11-11 08:31:07','2016-11-11 08:31:07',Atendido,,
161111-352164,,Incidente importado desde SAC,,Cac,Usuario Importador,Telemarketing,,Consulta,Solucionado,,,,,AUS1 - AUTOMOTORES,857228,,7469301,Facturación,,,,'2016-11-11 08:31:06','2016-11-11 08:31:06','2016-11-11 08:31:06',Atendido,,
161111-352159,,Incidente importado desde SAC,,Cac,Usuario Importador,Carta Documento,,Consulta,Solucionado,,,,,AUT1 - AUTOMOTORES,857223,,7473971,Denuncia daños materiales,,,,'2016-11-11 08:31:05','2016-11-11 08:31:05','2016-11-11 08:31:05',Atendido,,
161111-352151,,Incidente importado desde SAC,,Cac,Usuario Importador,Telemarketing,,Consulta,Solucionado,,,,,HOM1 - SEGURO DEL HOGAR,857215,,3006017,Condiciones de póliza,,,,'2016-11-11 08:31:04','2016-11-11 08:31:04','2016-11-11 08:31:04',Atendido,,
161111-352154,,Incidente importado desde SAC,,Cac,Usuario Importador,Telemarketing,,Consulta,Solucionado,,,,,HOM1 - SEGURO DEL HOGAR,857218,,4282678,Facturación,,,,'2016-11-11 08:31:04','2016-11-11 08:31:04','2016-11-11 08:31:04',Atendido,,
161111-352140,,Incidente importado desde SAC,,Cac,Usuario Importador,Telemarketing,,Consulta,Solucionado,,,,,APL1 - AUTOMOTORES PLANES,857204,,2098739,Facturación,,,,'2016-11-11 08:31:02','2016-11-11 08:31:02','2016-11-11 08:31:02',Atendido,,
161111-352142,,Incidente importado desde SAC,,Cac,Usuario Importador,Telemarketing,,Consulta,Solucionado,,,,,AUS1 - AUTOMOTORES,857206,,2809126,Post - Denuncia,,,,'2016-11-11 08:31:02','2016-11-11 08:31:02','2016-11-11 08:31:02',Atendido,,
161111-352130,,Incidente importado desde SAC,,Cac,Usuario Importador,Carta Documento,,Consulta,Solucionado,,,,,AUI1 - AUTOMOTORES INSTITUCIONES,857194,,3295232,Certificado de cobertura,,,,'2016-11-11 08:31:01','2016-11-11 08:31:01','2016-11-11 08:31:01',Atendido,,
161111-352132,,Incidente importado desde SAC,,Cac,Usuario Importador,Telemarketing,,Consulta,Solucionado,,,,,AUS1 - AUTOMOTORES,857196,,5447767,Condiciones de póliza,,,,'2016-11-11 08:31:01','2016-11-11 08:31:01','2016-11-11 08:31:01',Atendido,,
161111-352133,,Incidente importado desde SAC,,Cac,Usuario Importador,Telemarketing,,Consulta,Solucionado,,,,,AUS1 - AUTOMOTORES,857197,,3413442,Condiciones de póliza,,,,'2016-11-11 08:31:01','2016-11-11 08:31:01','2016-11-11 08:31:01',Atendido,,
161111-352134,,Incidente importado desde SAC,,Gerencia Clientes,Usuario Importador,Carta Documento,,Reclamo,Solucionado,,,,,AUS1 - AUTOMOTORES,857198,,4778426,Venta con anomalías,,,,'2016-11-11 08:31:01','2016-11-11 08:31:01','2016-11-11 08:31:01',No Procedente,,
161111-352135,,Incidente importado desde SAC,,Fleet Services,Usuario Importador,Telemarketing,,Consulta,Solucionado,,,,,AUS1 - AUTOMOTORES,857199,,3050342,Contacto del tercero,,,,'2016-11-11 08:31:01','2016-11-11 08:31:01','2016-11-11 08:31:01',Atendido,,
161111-352137,,Incidente importado desde SAC,,Mailing,Usuario Importador,Telemarketing,,Reclamo,Solucionado,,,,,AUS1 - AUTOMOTORES,857201,,2642527,Cupón de pago,,,,'2016-11-11 08:31:01','2016-11-11 08:31:01','2016-11-11 08:31:01',Resuelto,,
161111-352138,,Incidente importado desde SAC,,Mailing,Usuario Importador,Telemarketing,,Reclamo,Solucionado,,,,,AUS1 - AUTOMOTORES,857202,,802521,Cupón de pago,,,,'2016-11-11 08:31:01','2016-11-11 08:31:01','2016-11-11 08:31:01',Resuelto,,
161111-352121,,Incidente importado desde SAC,,Cac,Usuario Importador,Telemarketing,,Consulta,Solucionado,,,,,AUS1 - AUTOMOTORES,857185,,7397620,Certificado de cobertura,,,,'2016-11-11 08:31:00','2016-11-11 08:31:00','2016-11-11 08:31:00',Atendido,,
161111-352123,,Incidente importado desde SAC,,Cac,Usuario Importador,Telemarketing,,Consulta,Solucionado,,,,,AUS1 - AUTOMOTORES,857187,,7115619,Denuncia daños materiales,,,,'2016-11-11 08:31:00','2016-11-11 08:31:00','2016-11-11 08:31:00',Atendido,,
161111-352126,,Incidente importado desde SAC,,Cac,Usuario Importador,Telemarketing,,Reclamo,Solucionado,,,,,APR1 - AUTOMOTORES,857190,,1776547,Demora en alta de póliza,,,,'2016-11-11 08:31:00','2016-11-11 08:31:00','2016-11-11 08:31:00',No Procedente,,
161111-352127,,Incidente importado desde SAC,,Cac,Usuario Importador,Telemarketing,,Reclamo,Solucionado,,,,,AUT1 - AUTOMOTORES,857191,,6816860,Cartera general,,,,'2016-11-11 08:31:00','2016-11-11 08:31:00','2016-11-11 08:31:00',No Procedente,,
161111-352113,,Incidente importado desde SAC,,Cac,Usuario Importador,Carta Documento,,Consulta,Solucionado,,,,,AUS1 - AUTOMOTORES,857177,,3418059,Documentación para enviar por fax/email,,,,'2016-11-11 08:30:59','2016-11-11 08:30:59','2016-11-11 08:30:59',Atendido,,
161111-352117,,Incidente importado desde SAC,,Cac,Usuario Importador,Telemarketing,,Consulta,Solucionado,,,,,AUT1 - AUTOMOTORES,857181,,7689766,Facturación,,,,'2016-11-11 08:30:59','2016-11-11 08:30:59','2016-11-11 08:30:59',Atendido,,
161111-352108,,Incidente importado desde SAC,,Cac,Usuario Importador,Telemarketing,,Consulta,Solucionado,,,,,HOM1 - SEGURO DEL HOGAR,857172,,4391366,Post - Denuncia,,,,'2016-11-11 08:30:58','2016-11-11 08:30:58','2016-11-11 08:30:58',Atendido,,
161111-352105,,Incidente importado desde SAC,,Gerencia Clientes,Usuario Importador,Telemarketing,,Consulta,Solucionado,,,,,AUA1 - AUTOMOTORES CARTERA GENERAL,857169,,7306272,Certificado de cobertura,,,,'2016-11-11 08:30:57','2016-11-11 08:30:57','2016-11-11 08:30:57',Atendido,,
161111-352096,,Incidente importado desde SAC,,Cac,Usuario Importador,Telemarketing,,Consulta,Solucionado,,,,,AUI1 - AUTOMOTORES INSTITUCIONES,857160,,2187709,Facturación,,,,'2016-11-11 08:30:55','2016-11-11 08:30:55','2016-11-11 08:30:55',Atendido,,
161111-352091,,Incidente importado desde SAC,,Cac,Usuario Importador,Telemarketing,,Consulta,Solucionado,,,,,HOM1 - SEGURO DEL HOGAR,857155,,3424115,Condiciones de póliza,,,,'2016-11-11 08:30:54','2016-11-11 08:30:54','2016-11-11 08:30:54',Atendido,,
161111-352092,,Incidente importado desde SAC,,Cac,Usuario Importador,Carta Documento,,Consulta,Solucionado,,,,,AUS1 - AUTOMOTORES,857156,,3223829,Facturación,,,,'2016-11-11 08:30:54','2016-11-11 08:30:54','2016-11-11 08:30:54',Atendido,,
161111-352081,,Incidente importado desde SAC,,Cac,Usuario Importador,Telemarketing,,Consulta,Solucionado,,,,,AUS1 - AUTOMOTORES,857145,,7153441,Facturación,,,,'2016-11-11 08:30:52','2016-11-11 08:30:52','2016-11-11 08:30:52',Atendido,,
161111-352061,,Incidente importado desde SAC,,Cac,Usuario Importador,Telemarketing,,Consulta,Solucionado,,,,,AUS1 - AUTOMOTORES,857125,,1371779,Facturación,,,,'2016-11-11 08:30:49','2016-11-11 08:30:49','2016-11-11 08:30:49',Atendido,,
161111-352051,,Incidente importado desde SAC,,Prestadores,Usuario Importador,Telemarketing,,Reclamo,Solucionado,,,,,AUS1 - AUTOMOTORES,857115,,3490584,SOS,,,,'2016-11-11 08:30:48','2016-11-11 08:30:48','2016-11-11 08:30:48',Resuelto,,
161111-352052,,Incidente importado desde SAC,,Cac,Usuario Importador,Telemarketing,,Consulta,Solucionado,,,,,HOM1 - SEGURO DEL HOGAR,857116,,4308105,Facturación,,,,'2016-11-11 08:30:48','2016-11-11 08:30:48','2016-11-11 08:30:48',Atendido,,
161111-352054,,Incidente importado desde SAC,,Mailing,Usuario Importador,Telemarketing,,Reclamo,Solucionado,,,,,AUS1 - AUTOMOTORES,857118,,4824584,Cupón de pago,,,,'2016-11-11 08:30:48','2016-11-11 08:30:48','2016-11-11 08:30:48',Resuelto,,
161111-352042,,Incidente importado desde SAC,,Cac,Usuario Importador,Telemarketing,,Consulta,Solucionado,,,,,AUS1 - AUTOMOTORES,857106,,7612750,Post - Denuncia,,,,'2016-11-11 08:30:47','2016-11-11 08:30:47','2016-11-11 08:30:47',Atendido,,
161111-352045,,Incidente importado desde SAC,,Cac,Usuario Importador,Telemarketing,,Consulta,Solucionado,,,,,APR1 - AUTOMOTORES,857109,,1235517,Endosos CAC,,,,'2016-11-11 08:30:47','2016-11-11 08:30:47','2016-11-11 08:30:47',Atendido,,
161111-351765,,,,Emisión Masivos,Ana Mariela Borzone,Llamada entrante,,Consulta,Solucionado,,,45811,,AUS1 - AUTOMOTORES,857100,,6891813,Venta,,,,'2016-11-11 08:30:46','2016-11-11 08:30:46','2016-11-11 08:30:46',Atendido,,
161111-352039,,Incidente importado desde SAC,,Cac,Usuario Importador,Carta Documento,,Consulta,Solucionado,,,,,AUS1 - AUTOMOTORES,857103,,3399348,Inspección por previa,,,,'2016-11-11 08:30:46','2016-11-11 08:30:46','2016-11-11 08:30:46',Atendido,,
161111-352040,,Incidente importado desde SAC,,Cac,Usuario Importador,Telemarketing,,Consulta,Solucionado,,,,,APR1 - AUTOMOTORES,857104,,3293101,Modificaciones datos del producto,,,,'2016-11-11 08:30:46','2016-11-11 08:30:46','2016-11-11 08:30:46',Atendido,,
161111-352028,,Incidente importado desde SAC,,Cac,Usuario Importador,Carta Documento,,Consulta,Solucionado,,,,,AUS1 - AUTOMOTORES,857091,,3285793,Denuncia daños materiales,,,,'2016-11-11 08:30:43','2016-11-11 08:30:43','2016-11-11 08:30:43',Atendido,,
161111-352021,,Incidente importado desde SAC,,Prestadores,Usuario Importador,Telemarketing,,Reclamo,Solucionado,,,,,AUS1 - AUTOMOTORES,857084,,6016384,Demora servicio SOS,,,,'2016-11-11 08:30:41','2016-11-11 08:30:41','2016-11-11 08:30:41',No Procedente,,
161111-352009,,Incidente importado desde SAC,,Cac,Usuario Importador,Telemarketing,,Consulta,Solucionado,,,,,APL1 - AUTOMOTORES PLANES,857072,,6704543,Post - Denuncia,,,,'2016-11-11 08:30:39','2016-11-11 08:30:39','2016-11-11 08:30:39',Atendido,,
161111-352013,,Incidente importado desde SAC,,Cac,Usuario Importador,Carta Documento,,Consulta,Solucionado,,,,,AUS1 - AUTOMOTORES,857076,,3758000,Inspección por previa,,,,'2016-11-11 08:30:39','2016-11-11 08:30:39','2016-11-11 08:30:39',Atendido,,
161111-352016,,Incidente importado desde SAC,,Cac,Usuario Importador,Telemarketing,,Consulta,Solucionado,,,,,APL1 - AUTOMOTORES PLANES,857079,,6064820,Post - Denuncia,,,,'2016-11-11 08:30:39','2016-11-11 08:30:39','2016-11-11 08:30:39',Atendido,,
161111-352018,,Incidente importado desde SAC,,Daños Materiales Interior Sur,Usuario Importador,Telemarketing,,Reclamo,Solucionado,,,,,AUS1 - AUTOMOTORES,857081,,6838574,Daños materiales Interior Sur,,,,'2016-11-11 08:30:39','2016-11-11 08:30:39','2016-11-11 08:30:39',Resuelto,,
161111-352005,,Incidente importado desde SAC,,,Usuario Importador,Telemarketing,,Consulta,Solucionado,,,,,AUI1 - AUTOMOTORES INSTITUCIONES,857068,,6255578,Baja de póliza,,,,'2016-11-11 08:30:38','2016-11-11 08:30:38','2016-11-11 08:30:38',Atendido,,
161111-352001,,Incidente importado desde SAC,,Cac,Usuario Importador,Carta Documento,,Consulta,Solucionado,,,,,AUS1 - AUTOMOTORES,857064,,842408,Certificado de cobertura,,,,'2016-11-11 08:30:37','2016-11-11 08:30:37','2016-11-11 08:30:37',Atendido,,
161111-352004,,Incidente importado desde SAC,,Cac,Usuario Importador,Telemarketing,,Consulta,Solucionado,,,,,APR1 - AUTOMOTORES,857067,,3344085,Post - Denuncia,,,,'2016-11-11 08:30:37','2016-11-11 08:30:37','2016-11-11 08:30:37',Atendido,,
161111-351987,,Incidente importado desde SAC,,Cac,Usuario Importador,Telemarketing,,Consulta,Solucionado,,,,,HOM1 - SEGURO DEL HOGAR,857050,,2274428,Facturación,,,,'2016-11-11 08:30:36','2016-11-11 08:30:36','2016-11-11 08:30:36',Atendido,,
161111-351995,,Incidente importado desde SAC,,Emisión Masivos,Usuario Importador,Carta Documento,,Consulta,Solucionado,,,,,HOM1 - SEGURO DEL HOGAR,857058,,5411523,Baja de póliza,,,,'2016-11-11 08:30:36','2016-11-11 08:30:36','2016-11-11 08:30:36',Atendido,,
161111-351983,,Incidente importado desde SAC,,Cac,Usuario Importador,Telemarketing,,Consulta,Solucionado,,,,,AUS1 - AUTOMOTORES,857046,,5239038,Post - Denuncia,,,,'2016-11-11 08:30:35','2016-11-11 08:30:35','2016-11-11 08:30:35',Atendido,,
161111-351984,,Incidente importado desde SAC,,Cac,Usuario Importador,Telemarketing,,Consulta,Solucionado,,,,,AUI1 - AUTOMOTORES INSTITUCIONES,857047,,3497840,Post - Denuncia,,,,'2016-11-11 08:30:35','2016-11-11 08:30:35','2016-11-11 08:30:35',Atendido,,
161111-351976,,Incidente importado desde SAC,,Cac,Usuario Importador,Telemarketing,,Consulta,Solucionado,,,,,APR1 - AUTOMOTORES,857039,,2316308,Post - Denuncia,,,,'2016-11-11 08:30:34','2016-11-11 08:30:34','2016-11-11 08:30:34',Atendido,,
161111-351961,,Incidente importado desde SAC,,Cac,Usuario Importador,Telemarketing,,Consulta,Solucionado,,,,,AUS1 - AUTOMOTORES,857024,,4458219,Facturación,,,,'2016-11-11 08:30:31','2016-11-11 08:30:31','2016-11-11 08:30:31',Atendido,,
161111-351962,,Incidente importado desde SAC,,Cac,Usuario Importador,Carta Documento,,Consulta,Solucionado,,,,,AUS1 - AUTOMOTORES,857025,,289233,Certificado de cobertura,,,,'2016-11-11 08:30:31','2016-11-11 08:30:31','2016-11-11 08:30:31',Atendido,,
161111-351963,,Incidente importado desde SAC,,Cac,Usuario Importador,Telemarketing,,Consulta,Solucionado,,,,,AUS1 - AUTOMOTORES,857026,,4218888,Reducción de cobertura,,,,'2016-11-11 08:30:31','2016-11-11 08:30:31','2016-11-11 08:30:31',Atendido,,
161111-351955,,Incidente importado desde SAC,,Cac,Usuario Importador,Carta Documento,,Consulta,Solucionado,,,,,HOM1 - SEGURO DEL HOGAR,857018,,5959137,Post - Denuncia,,,,'2016-11-11 08:30:30','2016-11-11 08:30:30','2016-11-11 08:30:30',Atendido,,
161111-351959,,Incidente importado desde SAC,,Gerencia Clientes,Usuario Importador,Telemarketing,,Reclamo,Solucionado,,,,,AUS1 - AUTOMOTORES,857022,,6737063,ZURICH,,,,'2016-11-11 08:30:30','2016-11-11 08:30:30','2016-11-11 08:30:30',No Procedente,,
161111-351941,,Incidente importado desde SAC,,Cac,Usuario Importador,Telemarketing,,Consulta,Solucionado,,,,,AUS1 - AUTOMOTORES,857004,,3517292,Facturación,,,,'2016-11-11 08:30:26','2016-11-11 08:30:26','2016-11-11 08:30:26',Atendido,,
161111-351935,,Incidente importado desde SAC,,Cac,Usuario Importador,Telemarketing,,Consulta,Solucionado,,,,,AUS1 - AUTOMOTORES,856998,,5186332,Ampliación de Cobertura con inspección,,,,'2016-11-11 08:30:25','2016-11-11 08:30:25','2016-11-11 08:30:25',Atendido,,
161111-351928,,Incidente importado desde SAC,,Mailing,Usuario Importador,Telemarketing,,Reclamo,Solucionado,,,,,AUS1 - AUTOMOTORES,856991,,2944898,Cupón de pago,,,,'2016-11-11 08:30:24','2016-11-11 08:30:24','2016-11-11 08:30:24',No Procedente,,
161111-351929,,Incidente importado desde SAC,,Emisión Masivos,Usuario Importador,Telemarketing,,Consulta,Solucionado,,,,,HOM1 - SEGURO DEL HOGAR,856992,,6041030,Baja de póliza,,,,'2016-11-11 08:30:24','2016-11-11 08:30:24','2016-11-11 08:30:24',Atendido,,
161111-351930,,Incidente importado desde SAC,,Cac,Usuario Importador,Carta Documento,,Consulta,Solucionado,,,,,HOM1 - SEGURO DEL HOGAR,856993,,1773800,Post - Denuncia,,,,'2016-11-11 08:30:24','2016-11-11 08:30:24','2016-11-11 08:30:24',Atendido,,
161111-351924,,Incidente importado desde SAC,,Fleet Services,Usuario Importador,Carta Documento,,Consulta,Solucionado,,,,,AUT1 - AUTOMOTORES,856987,,7306272,Siniestro Jet,,,,'2016-11-11 08:30:23','2016-11-11 08:30:23','2016-11-11 08:30:23',Resuelto,,
161111-351916,,Incidente importado desde SAC,,Fleet Services,Usuario Importador,Telemarketing,,Consulta,Solucionado,,,,,APL1 - AUTOMOTORES PLANES,856979,,3510808,Contacto del tercero,,,,'2016-11-11 08:30:22','2016-11-11 08:30:22','2016-11-11 08:30:22',Atendido,,
161111-351917,,Incidente importado desde SAC,,Cac,Usuario Importador,Telemarketing,,Consulta,Solucionado,,,,,AUS1 - AUTOMOTORES,856980,,3264527,Facturación,,,,'2016-11-11 08:30:22','2016-11-11 08:30:22','2016-11-11 08:30:22',Atendido,,
161111-351918,,Incidente importado desde SAC,,Cac,Usuario Importador,Telemarketing,,Consulta,Solucionado,,,,,AUS1 - AUTOMOTORES,856981,,4944033,Facturación,,,,'2016-11-11 08:30:22','2016-11-11 08:30:22','2016-11-11 08:30:22',Atendido,,
161111-351911,,Incidente importado desde SAC,,Cac,Usuario Importador,Telemarketing,,Consulta,Solucionado,,,,,AUS1 - AUTOMOTORES,856974,,7563054,Denuncia daños materiales,,,,'2016-11-11 08:30:21','2016-11-11 08:30:21','2016-11-11 08:30:21',Atendido,,
161111-351902,,Incidente importado desde SAC,,Emisión Masivos,Usuario Importador,Telemarketing,,Consulta,Solucionado,,,,,AUS1 - AUTOMOTORES,856965,,5141144,Baja de póliza,,,,'2016-11-11 08:30:20','2016-11-11 08:30:20','2016-11-11 08:30:20',Atendido,,
161111-351906,,Incidente importado desde SAC,,Cac,Usuario Importador,Telemarketing,,Consulta,Solucionado,,,,,APR1 - AUTOMOTORES,856969,,3562706,Modificaciones datos del producto,,,,'2016-11-11 08:30:20','2016-11-11 08:30:20','2016-11-11 08:30:20',Atendido,,
161111-351910,,Incidente importado desde SAC,,Cac,Usuario Importador,Carta Documento,,Consulta,Solucionado,,,,,APR1 - AUTOMOTORES,856973,,6812985,Facturación,,,,'2016-11-11 08:30:20','2016-11-11 08:30:20','2016-11-11 08:30:20',Atendido,,
161111-351896,,Incidente importado desde SAC,,Fleet Services,Usuario Importador,Carta Documento,,Consulta,Solucionado,,,,,AUT1 - AUTOMOTORES,856959,,2380759,Siniestro Jet,,,,'2016-11-11 08:30:19','2016-11-11 08:30:19','2016-11-11 08:30:19',Resuelto,,
161111-351883,,Incidente importado desde SAC,,Mailing,Usuario Importador,Telemarketing,,Reclamo,Solucionado,,,,,APR1 - AUTOMOTORES,856946,,3508405,Certificado de cobertura,,,,'2016-11-11 08:30:18','2016-11-11 08:30:18','2016-11-11 08:30:18',Resuelto,,
161111-351886,,Incidente importado desde SAC,,Cac,Usuario Importador,Telemarketing,,Consulta,Solucionado,,,,,HOM1 - SEGURO DEL HOGAR,856949,,5362439,Facturación,,,,'2016-11-11 08:30:18','2016-11-11 08:30:18','2016-11-11 08:30:18',Atendido,,
161111-351888,,Incidente importado desde SAC,,Cac,Usuario Importador,Carta Documento,,Consulta,Solucionado,,,,,AUS1 - AUTOMOTORES,856951,,1760100,Facturación,,,,'2016-11-11 08:30:18','2016-11-11 08:30:18','2016-11-11 08:30:18',Atendido,,
161111-351892,,Incidente importado desde SAC,,Cac,Usuario Importador,Telemarketing,,Consulta,Solucionado,,,,,AUS1 - AUTOMOTORES,856955,,3390384,Condiciones de póliza,,,,'2016-11-11 08:30:18','2016-11-11 08:30:18','2016-11-11 08:30:18',Atendido,,
161111-351894,,Incidente importado desde SAC,,Cac,Usuario Importador,Telemarketing,,Consulta,Solucionado,,,,,AUS1 - AUTOMOTORES,856957,,3005651,Facturación,,,,'2016-11-11 08:30:18','2016-11-11 08:30:18','2016-11-11 08:30:18',Atendido,,
161111-351873,,Incidente importado desde SAC,,Cac,Usuario Importador,Telemarketing,,Consulta,Solucionado,,,,,APR1 - AUTOMOTORES,856936,,3675408,Modificaciones datos del producto,,,,'2016-11-11 08:30:17','2016-11-11 08:30:17','2016-11-11 08:30:17',Atendido,,
161111-351878,,Incidente importado desde SAC,,Cac,Usuario Importador,Telemarketing,,Consulta,Solucionado,,,,,APR1 - AUTOMOTORES,856941,,5346036,Facturación,,,,'2016-11-11 08:30:17','2016-11-11 08:30:17','2016-11-11 08:30:17',Atendido,,
161111-351881,,Incidente importado desde SAC,,Fleet Services,Usuario Importador,Telemarketing,,Consulta,Solucionado,,,,,AUA1 - AUTOMOTORES CARTERA GENERAL,856944,,4429478,Contacto del tercero,,,,'2016-11-11 08:30:17','2016-11-11 08:30:17','2016-11-11 08:30:17',Atendido,,
161111-351865,,Incidente importado desde SAC,,Cac,Usuario Importador,Carta Documento,,Consulta,Solucionado,,,,,AUI1 - AUTOMOTORES INSTITUCIONES,856928,,1350409,Certificado de cobertura,,,,'2016-11-11 08:30:16','2016-11-11 08:30:16','2016-11-11 08:30:16',Atendido,,
161111-351866,,Incidente importado desde SAC,,Cac,Usuario Importador,Telemarketing,,Consulta,Solucionado,,,,,HOM1 - SEGURO DEL HOGAR,856929,,6047120,Condiciones de póliza,,,,'2016-11-11 08:30:16','2016-11-11 08:30:16','2016-11-11 08:30:16',Atendido,,
161111-351867,,Incidente importado desde SAC,,Cac,Usuario Importador,Telemarketing,,Consulta,Solucionado,,,,,HOM1 - SEGURO DEL HOGAR,856930,,6090670,Facturación,,,,'2016-11-11 08:30:16','2016-11-11 08:30:16','2016-11-11 08:30:16',Atendido,,
161111-351868,,Incidente importado desde SAC,,Cac,Usuario Importador,Telemarketing,,Consulta,Solucionado,,,,,HOM1 - SEGURO DEL HOGAR,856931,,2616105,Facturación,,,,'2016-11-11 08:30:16','2016-11-11 08:30:16','2016-11-11 08:30:16',Atendido,,
161111-351840,,Incidente importado desde SAC,,Cac,Usuario Importador,Telemarketing,,Consulta,Solucionado,,,,,HOM1 - SEGURO DEL HOGAR,856903,,725664,Facturación,,,,'2016-11-11 08:30:13','2016-11-11 08:30:13','2016-11-11 08:30:13',Atendido,,
161111-351842,,Incidente importado desde SAC,,Suscripción AutoScoring,Usuario Importador,Carta Documento,,Disconformidad,Solucionado,,,,,APL1 - AUTOMOTORES PLANES,856905,,3951613,Aumento de precio,,,,'2016-11-11 08:30:13','2016-11-11 08:30:13','2016-11-11 08:30:13',Atendido,,
161111-351846,,Incidente importado desde SAC,,Gerencia Clientes,Usuario Importador,Telemarketing,,Reclamo,Solucionado,,,,,HOM1 - SEGURO DEL HOGAR,856909,,7788530,Venta con anomalías,,,,'2016-11-11 08:30:13','2016-11-11 08:30:13','2016-11-11 08:30:13',No Procedente,,
161111-351827,,Incidente importado desde SAC,,Cac,Usuario Importador,Carta Documento,,Consulta,Solucionado,,,,,AUS1 - AUTOMOTORES,856890,,3472723,Facturación,,,,'2016-11-11 08:30:12','2016-11-11 08:30:12','2016-11-11 08:30:12',Atendido,,
161111-351833,,Incidente importado desde SAC,,Gerencia Clientes,Usuario Importador,Carta Documento,,Reclamo,Solucionado,,,,,AUS1 - AUTOMOTORES,856896,,2480253,Venta con anomalías,,,,'2016-11-11 08:30:12','2016-11-11 08:30:12','2016-11-11 08:30:12',Anulado,,
161111-351834,,Incidente importado desde SAC,,Cac,Usuario Importador,Telemarketing,,Consulta,Solucionado,,,,,AUS1 - AUTOMOTORES,856897,,4412590,Bonificación,,,,'2016-11-11 08:30:12','2016-11-11 08:30:12','2016-11-11 08:30:12',Atendido,,
161111-351836,,Incidente importado desde SAC,,Cac,Usuario Importador,Telemarketing,,Consulta,Solucionado,,,,,APR1 - AUTOMOTORES,856899,,287410,Post - Denuncia,,,,'2016-11-11 08:30:12','2016-11-11 08:30:12','2016-11-11 08:30:12',Atendido,,
161111-351837,,Incidente importado desde SAC,,Gerencia Clientes,Usuario Importador,Telemarketing,,Reclamo,Solucionado,,,,,HOM1 - SEGURO DEL HOGAR,856900,,2936892,Venta con anomalías,,,,'2016-11-11 08:30:12','2016-11-11 08:30:12','2016-11-11 08:30:12',Anulado,,
161111-351838,,Incidente importado desde SAC,,Cac,Usuario Importador,Telemarketing,,Consulta,Solucionado,,,,,AUS1 - AUTOMOTORES,856901,,6893135,Facturación,,,,'2016-11-11 08:30:12','2016-11-11 08:30:12','2016-11-11 08:30:12',Atendido,,
161111-351814,,Incidente importado desde SAC,,Riesgos Varios Casa Central,Usuario Importador,Telemarketing,,Reclamo,Solucionado,,,,,HOM1 - SEGURO DEL HOGAR,856877,,619879,Riesgos Varios Casa Central,,,,'2016-11-11 08:30:11','2016-11-11 08:30:11','2016-11-11 08:30:11',Resuelto,,
161111-351816,,Incidente importado desde SAC,,Cac,Usuario Importador,Telemarketing,,Consulta,Solucionado,,,,,AUS1 - AUTOMOTORES,856879,,4481879,Facturación,,,,'2016-11-11 08:30:11','2016-11-11 08:30:11','2016-11-11 08:30:11',Atendido,,
161111-351799,,Incidente importado desde SAC,,Cac,Usuario Importador,Telemarketing,,Consulta,Solucionado,,,,,APR1 - AUTOMOTORES,856861,,5750462,Modificaciones datos del producto,,,,'2016-11-11 08:30:10','2016-11-11 08:30:10','2016-11-11 08:30:10',Atendido,,
161111-350908,,Documentación Patente KTW199,Clientes,Mailing,Romina Gabriela Callero,Llamada entrante,,Consulta,Solucionado,,,45809,,APR1 - AUTOMOTORES,856866,,7905625,Certificado Mercosur/tarjeta de circulación,,,'2016-11-11 08:30:10','2016-11-11 08:30:10','2016-11-11 08:30:10','2016-11-11 08:30:10',Atendido,,
161111-351804,,Incidente importado desde SAC,,Cac,Usuario Importador,Telemarketing,,Consulta,Solucionado,,,,,AUS1 - AUTOMOTORES,856867,,6930184,Facturación,,,,'2016-11-11 08:30:10','2016-11-11 08:30:10','2016-11-11 08:30:10',Atendido,,
161111-351776,,Incidente importado desde SAC,,Gerencia Clientes,Usuario Importador,Telemarketing,,Disconformidad,Solucionado,,,,,APR1 - AUTOMOTORES,856838,,504830,Facturación,,,,'2016-11-11 08:30:09','2016-11-11 08:30:09','2016-11-11 08:30:09',Atendido,,
161111-351777,,Incidente importado desde SAC,,Cac,Usuario Importador,Carta Documento,,Consulta,Solucionado,,,,,AUS1 - AUTOMOTORES,856839,,2086497,Certificado de cobertura,,,,'2016-11-11 08:30:09','2016-11-11 08:30:09','2016-11-11 08:30:09',Atendido,,
161111-351783,,Incidente importado desde SAC,,Gerencia Clientes,Usuario Importador,Carta Documento,,Consulta,Solucionado,,,,,AUA1 - AUTOMOTORES CARTERA GENERAL,856845,,4565773,Certificado de cobertura,,,,'2016-11-11 08:30:09','2016-11-11 08:30:09','2016-11-11 08:30:09',Atendido,,
161111-351784,,Incidente importado desde SAC,,Cac,Usuario Importador,Carta Documento,,Consulta,Solucionado,,,,,AUS1 - AUTOMOTORES,856846,,3512993,Facturación,,,,'2016-11-11 08:30:09','2016-11-11 08:30:09','2016-11-11 08:30:09',Atendido,,
161111-351764,,Incidente importado desde SAC,,Fleet Services,Usuario Importador,Telemarketing,,Consulta,Solucionado,,,,,AUA1 - AUTOMOTORES CARTERA GENERAL,856827,,4663399,Contacto del tercero,,,,'2016-11-11 08:30:08','2016-11-11 08:30:08','2016-11-11 08:30:08',Atendido,,
161111-351768,,Incidente importado desde SAC,,Cac,Usuario Importador,Telemarketing,,Consulta,Solucionado,,,,,APR1 - AUTOMOTORES,856830,,3353050,Post - Denuncia,,,,'2016-11-11 08:30:08','2016-11-11 08:30:08','2016-11-11 08:30:08',Atendido,,
161111-351773,,Incidente importado desde SAC,,Cac,Usuario Importador,Telemarketing,,Consulta,Solucionado,,,,,HOM1 - SEGURO DEL HOGAR,856835,,4583901,Post - Denuncia,,,,'2016-11-11 08:30:08','2016-11-11 08:30:08','2016-11-11 08:30:08',Atendido,,
161111-351753,,Incidente importado desde SAC,,Cac,Usuario Importador,Telemarketing,,Consulta,Solucionado,,,,,EGE1 - EXT.GARANTIA ELECTRO,856816,,2310701,Certificado de cobertura,,,,'2016-11-11 08:30:07','2016-11-11 08:30:07','2016-11-11 08:30:07',Atendido,,
161111-351756,,Incidente importado desde SAC,,Cac,Usuario Importador,Telemarketing,,Consulta,Solucionado,,,,,APL1 - AUTOMOTORES PLANES,856819,,2885244,Facturación,,,,'2016-11-11 08:30:07','2016-11-11 08:30:07','2016-11-11 08:30:07',Atendido,,
161111-351759,,Incidente importado desde SAC,,Cac,Usuario Importador,Telemarketing,,Consulta,Solucionado,,,,,AUS1 - AUTOMOTORES,856822,,2796436,Facturación,,,,'2016-11-11 08:30:07','2016-11-11 08:30:07','2016-11-11 08:30:07',Atendido,,
161111-351760,,Incidente importado desde SAC,,Cac,Usuario Importador,Telemarketing,,Consulta,Solucionado,,,,,AUS1 - AUTOMOTORES,856823,,6907712,Facturación,,,,'2016-11-11 08:30:07','2016-11-11 08:30:07','2016-11-11 08:30:07',Atendido,,
161111-351743,,Incidente importado desde SAC,,Cac,Usuario Importador,Telemarketing,,Consulta,Solucionado,,,,,APR1 - AUTOMOTORES,856806,,3497902,Facturación,,,,'2016-11-11 08:30:06','2016-11-11 08:30:06','2016-11-11 08:30:06',Atendido,,
161111-351744,,Incidente importado desde SAC,,Daños Materiales Autos,Usuario Importador,Telemarketing,,Disconformidad,Solucionado,,,,,AUS1 - AUTOMOTORES,856807,,829088,Con resolución de siniestro - Disconformidad,,,,'2016-11-11 08:30:06','2016-11-11 08:30:06','2016-11-11 08:30:06',Atendido,,
161111-351745,,Incidente importado desde SAC,,Mailing,Usuario Importador,Telemarketing,,Reclamo,Solucionado,,,,,HOM1 - SEGURO DEL HOGAR,856808,,1105359,Cupón de pago,,,,'2016-11-11 08:30:06','2016-11-11 08:30:06','2016-11-11 08:30:06',Resuelto,,
161111-351749,,Incidente importado desde SAC,,Cac,Usuario Importador,Telemarketing,,Consulta,Solucionado,,,,,AUT1 - AUTOMOTORES,856812,,3008974,Denuncia daños materiales,,,,'2016-11-11 08:30:06','2016-11-11 08:30:06','2016-11-11 08:30:06',Atendido,,
161111-351726,,Incidente importado desde SAC,,Lesiones,Usuario Importador,Telemarketing,,Reclamo,Solucionado,,,,,AUS1 - AUTOMOTORES,856789,,4871617,Lesiones,,,,'2016-11-11 08:30:05','2016-11-11 08:30:05','2016-11-11 08:30:05',Resuelto,,
161111-351734,,Incidente importado desde SAC,,Fleet Services,Usuario Importador,Telemarketing,,Consulta,Solucionado,,,,,AUS1 - AUTOMOTORES,856797,,7306272,Contacto del tercero,,,,'2016-11-11 08:30:05','2016-11-11 08:30:05','2016-11-11 08:30:05',Resuelto,,
161111-351739,,Incidente importado desde SAC,,Gerencia Clientes,Usuario Importador,Telemarketing,,Reclamo,Solucionado,,,,,ATD1 - ROBO/USUAR.T.DEB-CRE,856802,,527797,Venta con anomalías,,,,'2016-11-11 08:30:05','2016-11-11 08:30:05','2016-11-11 08:30:05',Resuelto,,
161111-351740,,Incidente importado desde SAC,,Emisión Masivos,Usuario Importador,Telemarketing,,Consulta,Solucionado,,,,,AUS1 - AUTOMOTORES,856803,,3017089,Baja de póliza,,,,'2016-11-11 08:30:05','2016-11-11 08:30:05','2016-11-11 08:30:05',Atendido,,
161111-351742,,Incidente importado desde SAC,,Emisión Masivos,Usuario Importador,Telemarketing,,Consulta,Solucionado,,,,,AUS1 - AUTOMOTORES,856805,,3040004,Baja de póliza,,,,'2016-11-11 08:30:05','2016-11-11 08:30:05','2016-11-11 08:30:05',Atendido,,
161111-351713,,Incidente importado desde SAC,,Emisión Masivos,Usuario Importador,Telemarketing,,Consulta,Solucionado,,,,,HOM1 - SEGURO DEL HOGAR,856776,,3008476,Baja de póliza,,,,'2016-11-11 08:30:04','2016-11-11 08:30:04','2016-11-11 08:30:04',Atendido,,
161111-351718,,Incidente importado desde SAC,,Cac,Usuario Importador,Telemarketing,,Consulta,Solucionado,,,,,AUS1 - AUTOMOTORES,856781,,3266190,Ampliación de Cobertura con inspección,,,,'2016-11-11 08:30:04','2016-11-11 08:30:04','2016-11-11 08:30:04',Atendido,,
161111-351722,,Incidente importado desde SAC,,Inspecciones Autos,Usuario Importador,Telemarketing,,Consulta,Solucionado,,,,,AUS1 - AUTOMOTORES,856785,,3001953,Instalación de dispositivo de rastreo,,,,'2016-11-11 08:30:04','2016-11-11 08:30:04','2016-11-11 08:30:04',Atendido,,
161111-351724,,Incidente importado desde SAC,,Cac,Usuario Importador,Telemarketing,,Consulta,Solucionado,,,,,HOM1 - SEGURO DEL HOGAR,856787,,7134812,Denuncia Riesgos Varios,,,,'2016-11-11 08:30:04','2016-11-11 08:30:04','2016-11-11 08:30:04',Atendido,,
161111-351699,,Incidente importado desde SAC,,Cac,Usuario Importador,Carta Documento,,Consulta,Solucionado,,,,,APL1 - AUTOMOTORES PLANES,856762,,4478004,Post - Denuncia,,,,'2016-11-11 08:30:03','2016-11-11 08:30:03','2016-11-11 08:30:03',Atendido,,
161111-351703,,Incidente importado desde SAC,,Emisión Masivos,Usuario Importador,Telemarketing,,Consulta,Solucionado,,,,,AUS1 - AUTOMOTORES,856766,,5434663,Baja de póliza,,,,'2016-11-11 08:30:03','2016-11-11 08:30:03','2016-11-11 08:30:03',Atendido,,
161111-351686,,Incidente importado desde SAC,,Cac,Usuario Importador,Telemarketing,,Consulta,Solucionado,,,,,AUS1 - AUTOMOTORES,856749,,4830286,Facturación,,,,'2016-11-11 08:30:01','2016-11-11 08:30:01','2016-11-11 08:30:01',Atendido,,
161111-351677,,Incidente importado desde SAC,,Cobranzas Automático,Usuario Importador,Telemarketing,,Consulta,Solucionado,,,,,AUS1 - AUTOMOTORES,856740,,3925448,Reintegro - Automático,,,,'2016-11-11 08:30:00','2016-11-11 08:30:00','2016-11-11 08:30:00',Atendido,,
161111-351680,,Incidente importado desde SAC,,Cac,Usuario Importador,Telemarketing,,Consulta,Solucionado,,,,,HOM1 - SEGURO DEL HOGAR,856743,,991376,Condiciones de póliza,,,,'2016-11-11 08:30:00','2016-11-11 08:30:00','2016-11-11 08:30:00',Atendido,,
161111-351662,,Incidente importado desde SAC,,Gerencia Clientes,Usuario Importador,Carta Documento,,Consulta,Solucionado,,,,,AUT1 - AUTOMOTORES,856725,,1288672,Certificado de cobertura,,,,'2016-11-11 08:29:59','2016-11-11 08:29:59','2016-11-11 08:29:59',Atendido,,
161111-351664,,Incidente importado desde SAC,,Cac,Usuario Importador,Telemarketing,,Consulta,Solucionado,,,,,ATD1 - ROBO/USUAR.T.DEB-CRE,856727,,4201524,Baja de póliza,,,,'2016-11-11 08:29:59','2016-11-11 08:29:59','2016-11-11 08:29:59',Atendido,,
161111-351669,,Incidente importado desde SAC,,Emisión Masivos,Usuario Importador,Telemarketing,,Consulta,Solucionado,,,,,AUS1 - AUTOMOTORES,856732,,4745641,Baja de póliza,,,,'2016-11-11 08:29:59','2016-11-11 08:29:59','2016-11-11 08:29:59',Atendido,,
161111-351657,,Incidente importado desde SAC,,Gerencia Clientes,Usuario Importador,Entes Reguladores,,Accion Proactiva,Solucionado,,,,,HOM1 - SEGURO DEL HOGAR,856720,,2748754,Uso Interno SAA - Acción Proactiva,,,,'2016-11-11 08:29:58','2016-11-11 08:29:58','2016-11-11 08:29:58',Resuelto,,
161111-351642,,Incidente importado desde SAC,,Cac,Usuario Importador,Telemarketing,,Consulta,Solucionado,,,,,AUS1 - AUTOMOTORES,856704,,3869610,Condiciones de póliza,,,,'2016-11-11 08:29:57','2016-11-11 08:29:57','2016-11-11 08:29:57',Atendido,,
161111-351644,,Incidente importado desde SAC,,Cac,Usuario Importador,Canal productor,,Consulta,Solucionado,,,,,AUS1 - AUTOMOTORES,856707,,7634753,Reducción de cobertura,,,,'2016-11-11 08:29:57','2016-11-11 08:29:57','2016-11-11 08:29:57',Atendido,,
161111-351624,,Incidente importado desde SAC,,Cac,Usuario Importador,Telemarketing,,Consulta,Solucionado,,,,,AUS1 - AUTOMOTORES,856686,,1065713,Post - Denuncia,,,,'2016-11-11 08:29:56','2016-11-11 08:29:56','2016-11-11 08:29:56',Atendido,,
161111-351629,,Incidente importado desde SAC,,Emisión Masivos,Usuario Importador,Carta Documento,,Consulta,Solucionado,,,,,AUS1 - AUTOMOTORES,856691,,5334889,Baja de póliza,,,,'2016-11-11 08:29:56','2016-11-11 08:29:56','2016-11-11 08:29:56',Atendido,,
161111-351608,,Incidente importado desde SAC,,Cac,Usuario Importador,Telemarketing,,Consulta,Solucionado,,,,,HOM1 - SEGURO DEL HOGAR,856670,,3530652,Denuncia Riesgos Varios,,,,'2016-11-11 08:29:55','2016-11-11 08:29:55','2016-11-11 08:29:55',Atendido,,
161111-351609,,Incidente importado desde SAC,,Fleet Services,Usuario Importador,Carta Documento,,Consulta,Solucionado,,,,,AUS1 - AUTOMOTORES,856671,,3494083,Contacto del tercero,,,,'2016-11-11 08:29:55','2016-11-11 08:29:55','2016-11-11 08:29:55',Atendido,,
161111-351616,,Incidente importado desde SAC,,Cac,Usuario Importador,Telemarketing,,Consulta,Solucionado,,,,,APR1 - AUTOMOTORES,856678,,3464363,Certificado de cobertura,,,,'2016-11-11 08:29:55','2016-11-11 08:29:55','2016-11-11 08:29:55',Atendido,,
161111-351617,,Incidente importado desde SAC,,Gerencia Clientes,Usuario Importador,Carta Documento,,Consulta,Solucionado,,,,,AUA1 - AUTOMOTORES CARTERA GENERAL,856679,,7117397,Certificado de cobertura,,,,'2016-11-11 08:29:55','2016-11-11 08:29:55','2016-11-11 08:29:55',Atendido,,
161111-351585,,Incidente importado desde SAC,,Emisión Masivos,Usuario Importador,Telemarketing,,Consulta,Solucionado,,,,,AUS1 - AUTOMOTORES,856647,,3414822,Baja de póliza,,,,'2016-11-11 08:29:54','2016-11-11 08:29:54','2016-11-11 08:29:54',Atendido,,
161111-351586,,Incidente importado desde SAC,,Cac,Usuario Importador,Telemarketing,,Consulta,Solucionado,,,,,AUS1 - AUTOMOTORES,856648,,5966471,Facturación,,,,'2016-11-11 08:29:54','2016-11-11 08:29:54','2016-11-11 08:29:54',Atendido,,
161111-351592,,Incidente importado desde SAC,,Cac,Usuario Importador,Telemarketing,,Reclamo,Solucionado,,,,,HOM1 - SEGURO DEL HOGAR,856654,,4377667,Reintegro Ibero,,,,'2016-11-11 08:29:54','2016-11-11 08:29:54','2016-11-11 08:29:54',Anulado,,
161111-351595,,Incidente importado desde SAC,,Emisión Masivos,Usuario Importador,Carta Documento,,Consulta,Solucionado,,,,,HOM1 - SEGURO DEL HOGAR,856657,,3093418,Baja de póliza,,,,'2016-11-11 08:29:54','2016-11-11 08:29:54','2016-11-11 08:29:54',Atendido,,
161111-351598,,Incidente importado desde SAC,,Cac,Usuario Importador,Carta Documento,,Consulta,Solucionado,,,,,CON1 - INTEGRAL CONSORCIO,856660,,3308903,Facturación,,,,'2016-11-11 08:29:54','2016-11-11 08:29:54','2016-11-11 08:29:54',Atendido,,
161111-351569,,Incidente importado desde SAC,,Cac,Usuario Importador,Carta Documento,,Consulta,Solucionado,,,,,AUS1 - AUTOMOTORES,856631,,5071719,Cupón de pago,,,,'2016-11-11 08:29:53','2016-11-11 08:29:53','2016-11-11 08:29:53',Atendido,,
161111-351573,,Incidente importado desde SAC,,Fleet Services,Usuario Importador,Telemarketing,,Consulta,Solucionado,,,,,AUS1 - AUTOMOTORES,856635,,7512947,Contacto del tercero,,,,'2016-11-11 08:29:53','2016-11-11 08:29:53','2016-11-11 08:29:53',Atendido,,
161111-351574,,Incidente importado desde SAC,,Cac,Usuario Importador,Telemarketing,,Consulta,Solucionado,,,,,EGE1 - EXT.GARANTIA ELECTRO,856636,,2394904,Atenc. Serv. Tecn (Stro ext. de gtías),,,,'2016-11-11 08:29:53','2016-11-11 08:29:53','2016-11-11 08:29:53',Atendido,,
161111-351576,,Incidente importado desde SAC,,Cac,Usuario Importador,Telemarketing,,Consulta,Solucionado,,,,,AUS1 - AUTOMOTORES,856638,,7287837,Post - Denuncia,,,,'2016-11-11 08:29:53','2016-11-11 08:29:53','2016-11-11 08:29:53',Atendido,,
161111-351579,,Incidente importado desde SAC,,Mailing,Usuario Importador,Telemarketing,,Reclamo,Solucionado,,,,,AUS1 - AUTOMOTORES,856641,,4676096,Certificado de cobertura,,,,'2016-11-11 08:29:53','2016-11-11 08:29:53','2016-11-11 08:29:53',Resuelto,,
161111-351559,,Incidente importado desde SAC,,Cac,Usuario Importador,Telemarketing,,Consulta,Solucionado,,,,,AUS1 - AUTOMOTORES,856621,,3531174,Facturación,,,,'2016-11-11 08:29:52','2016-11-11 08:29:52','2016-11-11 08:29:52',Atendido,,
161111-351565,,Incidente importado desde SAC,,Cac,Usuario Importador,Telemarketing,,Consulta,Solucionado,,,,,APL1 - AUTOMOTORES PLANES,856627,,3327359,Facturación,,,,'2016-11-11 08:29:52','2016-11-11 08:29:52','2016-11-11 08:29:52',Atendido,,
161111-351566,,Incidente importado desde SAC,,Cac,Usuario Importador,Telemarketing,,Consulta,Solucionado,,,,,AUI1 - AUTOMOTORES INSTITUCIONES,856628,,5194186,Facturación,,,,'2016-11-11 08:29:52','2016-11-11 08:29:52','2016-11-11 08:29:52',Atendido,,
161111-351535,,Incidente importado desde SAC,,Cac,Usuario Importador,Telemarketing,,Consulta,Solucionado,,,,,AUS1 - AUTOMOTORES,856597,,282283,Facturación,,,,'2016-11-11 08:29:51','2016-11-11 08:29:51','2016-11-11 08:29:51',Atendido,,
161111-351539,,Incidente importado desde SAC,,Cac,Usuario Importador,Telemarketing,,Consulta,Solucionado,,,,,HOM1 - SEGURO DEL HOGAR,856601,,3592116,Facturación,,,,'2016-11-11 08:29:51','2016-11-11 08:29:51','2016-11-11 08:29:51',Atendido,,
161111-351540,,Incidente importado desde SAC,,Cac,Usuario Importador,Telemarketing,,Consulta,Solucionado,,,,,HOM1 - SEGURO DEL HOGAR,856602,,3426414,Facturación,,,,'2016-11-11 08:29:51','2016-11-11 08:29:51','2016-11-11 08:29:51',Atendido,,
161111-351550,,Incidente importado desde SAC,,Gerencia Clientes,Usuario Importador,Carta Documento,,Consulta,Solucionado,,,,,AUT1 - AUTOMOTORES,856612,,2317728,Certificado de cobertura,,,,'2016-11-11 08:29:51','2016-11-11 08:29:51','2016-11-11 08:29:51',Atendido,,
161111-351528,,Incidente importado desde SAC,,Cac,Usuario Importador,Telemarketing,,Consulta,Solucionado,,,,,APR1 - AUTOMOTORES,856589,,975385,Modificaciones datos del producto,,,,'2016-11-11 08:29:50','2016-11-11 08:29:50','2016-11-11 08:29:50',Atendido,,
161111-350304,,,,Cac,Franco Demarchi,Llamada entrante,,Consulta,Solucionado,,,45806,,AUS1 - AUTOMOTORES,856591,,6141375,Post - Denuncia,,,,'2016-11-11 08:29:50','2016-11-11 08:29:50','2016-11-11 08:29:50',Atendido,,
161111-351530,,Incidente importado desde SAC,,Cac,Usuario Importador,Telemarketing,,Consulta,Solucionado,,,,,HOM1 - SEGURO DEL HOGAR,856592,,7788143,Condiciones de póliza,,,,'2016-11-11 08:29:50','2016-11-11 08:29:50','2016-11-11 08:29:50',Atendido,,
161111-351533,,Incidente importado desde SAC,,Cac,Usuario Importador,Carta Documento,,Consulta,Solucionado,,,,,HOM1 - SEGURO DEL HOGAR,856595,,3942581,Facturación,,,,'2016-11-11 08:29:50','2016-11-11 08:29:50','2016-11-11 08:29:50',Atendido,,
161111-351525,,Incidente importado desde SAC,,Cac,Usuario Importador,Telemarketing,,Consulta,Solucionado,,,,,AUS1 - AUTOMOTORES,856586,,3485033,Condiciones de póliza,,,,'2016-11-11 08:29:49','2016-11-11 08:29:49','2016-11-11 08:29:49',Atendido,,
161111-351517,,Incidente importado desde SAC,,Robo / Destruccion Total,Usuario Importador,Telemarketing,,Reclamo,Solucionado,,,,,AUS1 - AUTOMOTORES,856578,,1819190,Destrucción Total,,,,'2016-11-11 08:29:48','2016-11-11 08:29:48','2016-11-11 08:29:48',Resuelto,,
161111-351508,,Incidente importado desde SAC,,Emisión Masivos,Usuario Importador,Telemarketing,,Consulta,Solucionado,,,,,HOM1 - SEGURO DEL HOGAR,856569,,4583106,Baja de póliza,,,,'2016-11-11 08:29:47','2016-11-11 08:29:47','2016-11-11 08:29:47',Atendido,,
161111-351514,,Incidente importado desde SAC,,Cac,Usuario Importador,Telemarketing,,Consulta,Solucionado,,,,,ATD1 - ROBO/USUAR.T.DEB-CRE,856575,,488127,Baja de póliza,,,,'2016-11-11 08:29:47','2016-11-11 08:29:47','2016-11-11 08:29:47',Atendido,,
161111-351497,,Incidente importado desde SAC,,Cac,Usuario Importador,Telemarketing,,Consulta,Solucionado,,,,,HOM1 - SEGURO DEL HOGAR,856558,,4265808,Post - Denuncia,,,,'2016-11-11 08:29:46','2016-11-11 08:29:46','2016-11-11 08:29:46',Atendido,,
161111-351499,,Incidente importado desde SAC,,Emisión Masivos,Usuario Importador,Telemarketing,,Consulta,Solucionado,,,,,AUS1 - AUTOMOTORES,856560,,2270329,Baja de póliza,,,,'2016-11-11 08:29:46','2016-11-11 08:29:46','2016-11-11 08:29:46',Atendido,,
161111-351501,,Incidente importado desde SAC,,Daños Materiales Autos,Usuario Importador,Carta,,Consulta,Solucionado,,,,,AUT1 - AUTOMOTORES,856562,,7843524,Siniestro Jet,,,,'2016-11-11 08:29:46','2016-11-11 08:29:46','2016-11-11 08:29:46',Resuelto,,
161111-351506,,Incidente importado desde SAC,,Cac,Usuario Importador,Telemarketing,,Consulta,Solucionado,,,,,AUS1 - AUTOMOTORES,856567,,3414823,Baja de póliza,,,,'2016-11-11 08:29:46','2016-11-11 08:29:46','2016-11-11 08:29:46',Atendido,,
161111-351484,,Incidente importado desde SAC,,Cac,Usuario Importador,Telemarketing,,Consulta,Solucionado,,,,,AUS1 - AUTOMOTORES,856545,,5485319,Facturación,,,,'2016-11-11 08:29:45','2016-11-11 08:29:45','2016-11-11 08:29:45',Atendido,,
161111-351487,,Incidente importado desde SAC,,Cac,Usuario Importador,Telemarketing,,Consulta,Solucionado,,,,,AUS1 - AUTOMOTORES,856548,,7063551,Post - Denuncia,,,,'2016-11-11 08:29:45','2016-11-11 08:29:45','2016-11-11 08:29:45',Atendido,,
161111-351488,,Incidente importado desde SAC,,Cac,Usuario Importador,Carta Documento,,Consulta,Solucionado,,,,,HOM1 - SEGURO DEL HOGAR,856549,,4673383,Post - Denuncia,,,,'2016-11-11 08:29:45','2016-11-11 08:29:45','2016-11-11 08:29:45',Atendido,,
161111-351491,,Incidente importado desde SAC,,Cac,Usuario Importador,Telemarketing,,Consulta,Solucionado,,,,,AUS1 - AUTOMOTORES,856552,,3164699,Facturación,,,,'2016-11-11 08:29:45','2016-11-11 08:29:45','2016-11-11 08:29:45',Atendido,,
161111-351493,,Incidente importado desde SAC,,Emisión Masivos,Usuario Importador,Telemarketing,,Consulta,Solucionado,,,,,AUS1 - AUTOMOTORES,856554,,5345240,Baja de póliza,,,,'2016-11-11 08:29:45','2016-11-11 08:29:45','2016-11-11 08:29:45',Atendido,,
161111-351479,,Incidente importado desde SAC,,Daños Materiales Autos,Usuario Importador,Carta,,Consulta,Solucionado,,,,,AUT1 - AUTOMOTORES,856540,,1288189,Siniestro Jet,,,,'2016-11-11 08:29:44','2016-11-11 08:29:44','2016-11-11 08:29:44',Resuelto,,
161111-351451,,Incidente importado desde SAC,,Cac,Usuario Importador,Telemarketing,,Consulta,Solucionado,,,,,APL1 - AUTOMOTORES PLANES,856512,,3567611,Post - Denuncia,,,,'2016-11-11 08:29:43','2016-11-11 08:29:43','2016-11-11 08:29:43',Atendido,,
161111-351455,,Incidente importado desde SAC,,Gerencia Clientes,Usuario Importador,Telemarketing,,Disconformidad,Solucionado,,,,,AUS1 - AUTOMOTORES,856516,,2930705,Facturación,,,,'2016-11-11 08:29:43','2016-11-11 08:29:43','2016-11-11 08:29:43',Atendido,,
161111-351457,,Incidente importado desde SAC,,Cac,Usuario Importador,Telemarketing,,Consulta,Solucionado,,,,,AUS1 - AUTOMOTORES,856518,,5808300,Facturación,,,,'2016-11-11 08:29:43','2016-11-11 08:29:43','2016-11-11 08:29:43',Atendido,,
161111-351465,,Incidente importado desde SAC,,Cac,Usuario Importador,Telemarketing,,Consulta,Solucionado,,,,,AUS1 - AUTOMOTORES,856526,,1810565,Post - Denuncia,,,,'2016-11-11 08:29:43','2016-11-11 08:29:43','2016-11-11 08:29:43',Atendido,,
161111-349962,,,,Inspecciones Autos,Maria Victoria Elgue,Llamada entrante,,Consulta,Solucionado,,,45808,,AUS1 - AUTOMOTORES,856497,,2268671,Ampliación de Cobertura con DDJJ,,,,'2016-11-11 08:29:42','2016-11-11 08:29:42','2016-11-11 08:29:42',Atendido,,
161111-351440,,Incidente importado desde SAC,,Cac,Usuario Importador,Telemarketing,,Consulta,Solucionado,,,,,APR1 - AUTOMOTORES,856501,,5334916,Modificaciones datos del producto,,,,'2016-11-11 08:29:42','2016-11-11 08:29:42','2016-11-11 08:29:42',Atendido,,
161111-351441,,Incidente importado desde SAC,,Gerencia Clientes,Usuario Importador,Telemarketing,,Disconformidad,Solucionado,,,,,HOM1 - SEGURO DEL HOGAR,856502,,3389810,Condiciones de póliza,,,,'2016-11-11 08:29:42','2016-11-11 08:29:42','2016-11-11 08:29:42',Resuelto,,
161111-351443,,Incidente importado desde SAC,,Cac,Usuario Importador,Telemarketing,,Consulta,Solucionado,,,,,AUS1 - AUTOMOTORES,856504,,1134472,Post - Denuncia,,,,'2016-11-11 08:29:42','2016-11-11 08:29:42','2016-11-11 08:29:42',Atendido,,
161111-351444,,Incidente importado desde SAC,,Cac,Usuario Importador,Carta Documento,,Consulta,Solucionado,,,,,AUS1 - AUTOMOTORES,856505,,4824826,Post - Denuncia,,,,'2016-11-11 08:29:42','2016-11-11 08:29:42','2016-11-11 08:29:42',Atendido,,
161111-351446,,Incidente importado desde SAC,,Cac,Usuario Importador,Telemarketing,,Consulta,Solucionado,,,,,AUS1 - AUTOMOTORES,856507,,1357903,Certificado de cobertura,,,,'2016-11-11 08:29:42','2016-11-11 08:29:42','2016-11-11 08:29:42',Atendido,,
161111-351450,,Incidente importado desde SAC,,Cac,Usuario Importador,Carta Documento,,Consulta,Solucionado,,,,,AUI1 - AUTOMOTORES INSTITUCIONES,856511,,3457517,Certificado de cobertura,,,,'2016-11-11 08:29:42','2016-11-11 08:29:42','2016-11-11 08:29:42',Atendido,,
161111-351421,,Incidente importado desde SAC,,Gerencia Clientes,Usuario Importador,Telemarketing,,Disconformidad,Solucionado,,,,,AUS1 - AUTOMOTORES,856481,,1434429,Facturación,,,,'2016-11-11 08:29:41','2016-11-11 08:29:41','2016-11-11 08:29:41',Atendido,,
161111-351430,,Incidente importado desde SAC,,Fleet Services,Usuario Importador,Telemarketing,,Consulta,Solucionado,,,,,APR1 - AUTOMOTORES,856490,,3389247,Contacto del tercero,,,,'2016-11-11 08:29:41','2016-11-11 08:29:41','2016-11-11 08:29:41',Atendido,,
161111-351431,,Incidente importado desde SAC,,Gerencia Clientes,Usuario Importador,Telemarketing,,Consulta,Solucionado,,,,,AUT1 - AUTOMOTORES,856491,,3520843,Certificado de cobertura,,,,'2016-11-11 08:29:41','2016-11-11 08:29:41','2016-11-11 08:29:41',Atendido,,
161111-351434,,Incidente importado desde SAC,,Cac,Usuario Importador,Carta Documento,,Consulta,Solucionado,,,,,HOM1 - SEGURO DEL HOGAR,856494,,3075702,Post - Denuncia,,,,'2016-11-11 08:29:41','2016-11-11 08:29:41','2016-11-11 08:29:41',Atendido,,
161111-351401,,Incidente importado desde SAC,,Cac,Usuario Importador,Telemarketing,,Reclamo,Solucionado,,,,,AUS1 - AUTOMOTORES,856461,,3936849,Reintegro - Automático,,,,'2016-11-11 08:29:40','2016-11-11 08:29:40','2016-11-11 08:29:40',Resuelto,,
161111-351404,,Incidente importado desde SAC,,Cac,Usuario Importador,Telemarketing,,Consulta,Solucionado,,,,,HOM1 - SEGURO DEL HOGAR,856464,,7850644,Facturación,,,,'2016-11-11 08:29:40','2016-11-11 08:29:40','2016-11-11 08:29:40',Atendido,,
161111-351409,,Incidente importado desde SAC,,Cac,Usuario Importador,Telemarketing,,Consulta,Solucionado,,,,,AUS1 - AUTOMOTORES,856469,,447845,Post - Denuncia,,,,'2016-11-11 08:29:40','2016-11-11 08:29:40','2016-11-11 08:29:40',Atendido,,
161111-351418,,Incidente importado desde SAC,,Cac,Usuario Importador,Carta Documento,,Consulta,Solucionado,,,,,AUS1 - AUTOMOTORES,856478,,6130788,Condiciones de póliza,,,,'2016-11-11 08:29:40','2016-11-11 08:29:40','2016-11-11 08:29:40',Atendido,,
161111-351390,,Incidente importado desde SAC,,Cac,Usuario Importador,Telemarketing,,Consulta,Solucionado,,,,,HOM1 - SEGURO DEL HOGAR,856450,,1562707,Condiciones de póliza,,,,'2016-11-11 08:29:39','2016-11-11 08:29:39','2016-11-11 08:29:39',Atendido,,
161111-351394,,Incidente importado desde SAC,,Emisión Masivos,Usuario Importador,Telemarketing,,Consulta,Solucionado,,,,,HOM1 - SEGURO DEL HOGAR,856454,,6585666,Baja de póliza,,,,'2016-11-11 08:29:39','2016-11-11 08:29:39','2016-11-11 08:29:39',Atendido,,
161111-351396,,Incidente importado desde SAC,,Emisión Masivos,Usuario Importador,Telemarketing,,Consulta,Solucionado,,,,,AUS1 - AUTOMOTORES,856456,,5565996,Baja de póliza,,,,'2016-11-11 08:29:39','2016-11-11 08:29:39','2016-11-11 08:29:39',Atendido,,
161111-351398,,Incidente importado desde SAC,,Cac,Usuario Importador,Carta Documento,,Consulta,Solucionado,,,,,AUS1 - AUTOMOTORES,856458,,2173983,Condiciones de póliza,,,,'2016-11-11 08:29:39','2016-11-11 08:29:39','2016-11-11 08:29:39',Atendido,,
161111-351373,,Incidente importado desde SAC,,Fleet Services,Usuario Importador,Telemarketing,,Consulta,Solucionado,,,,,AUS1 - AUTOMOTORES,856433,,4350642,Contacto del tercero,,,,'2016-11-11 08:29:38','2016-11-11 08:29:38','2016-11-11 08:29:38',Atendido,,
161111-351374,,Incidente importado desde SAC,,Gerencia Clientes,Usuario Importador,Carta Documento,,Consulta,Solucionado,,,,,AUA1 - AUTOMOTORES CARTERA GENERAL,856434,,7331486,Certificado de cobertura,,,,'2016-11-11 08:29:38','2016-11-11 08:29:38','2016-11-11 08:29:38',Atendido,,
161111-351377,,Incidente importado desde SAC,,Cac,Usuario Importador,Telemarketing,,Consulta,Solucionado,,,,,AUS1 - AUTOMOTORES,856437,,5937037,Post - Denuncia,,,,'2016-11-11 08:29:38','2016-11-11 08:29:38','2016-11-11 08:29:38',Atendido,,
161111-351379,,Incidente importado desde SAC,,Cac,Usuario Importador,Carta Documento,,Consulta,Solucionado,,,,,AUI1 - AUTOMOTORES INSTITUCIONES,856439,,3102278,Certificado de cobertura,,,,'2016-11-11 08:29:38','2016-11-11 08:29:38','2016-11-11 08:29:38',Atendido,,
161111-351365,,Incidente importado desde SAC,,Gerencia Clientes,Usuario Importador,Carta Documento,,Consulta,Solucionado,,,,,AUA1 - AUTOMOTORES CARTERA GENERAL,856425,,2998019,Certificado de cobertura,,,,'2016-11-11 08:29:37','2016-11-11 08:29:37','2016-11-11 08:29:37',Atendido,,
161111-351367,,Incidente importado desde SAC,,Gerencia Clientes,Usuario Importador,Carta Documento,,Consulta,Solucionado,,,,,AUT1 - AUTOMOTORES,856427,,2140609,Certificado de cobertura,,,,'2016-11-11 08:29:37','2016-11-11 08:29:37','2016-11-11 08:29:37',Atendido,,
161111-351358,,Incidente importado desde SAC,,Cac,Usuario Importador,Telemarketing,,Consulta,Solucionado,,,,,AUS1 - AUTOMOTORES,856418,,5274901,Facturación,,,,'2016-11-11 08:29:36','2016-11-11 08:29:36','2016-11-11 08:29:36',Atendido,,
161111-351353,,Incidente importado desde SAC,,Cac,Usuario Importador,Telemarketing,,Consulta,Solucionado,,,,,AUS1 - AUTOMOTORES,856413,,2291862,Post - Denuncia,,,,'2016-11-11 08:29:35','2016-11-11 08:29:35','2016-11-11 08:29:35',Atendido,,
161111-351345,,Incidente importado desde SAC,,Cac,Usuario Importador,Telemarketing,,Consulta,Solucionado,,,,,AUI1 - AUTOMOTORES INSTITUCIONES,856405,,5211735,Facturación,,,,'2016-11-11 08:29:34','2016-11-11 08:29:34','2016-11-11 08:29:34',Atendido,,
161111-351335,,Incidente importado desde SAC,,Cac,Usuario Importador,Carta Documento,,Consulta,Solucionado,,,,,HOM1 - SEGURO DEL HOGAR,856395,,7625759,Facturación,,,,'2016-11-11 08:29:33','2016-11-11 08:29:33','2016-11-11 08:29:33',Atendido,,
161111-351336,,Incidente importado desde SAC,,Cac,Usuario Importador,Carta Documento,,Consulta,Solucionado,,,,,AUS1 - AUTOMOTORES,856396,,2492740,Certificado de cobertura,,,,'2016-11-11 08:29:33','2016-11-11 08:29:33','2016-11-11 08:29:33',Atendido,,
161111-351337,,Incidente importado desde SAC,,Emisión Masivos,Usuario Importador,Carta Documento,,Consulta,Solucionado,,,,,AUS1 - AUTOMOTORES,856397,,6731448,Baja de póliza,,,,'2016-11-11 08:29:33','2016-11-11 08:29:33','2016-11-11 08:29:33',Atendido,,
161111-351342,,Incidente importado desde SAC,,Cac,Usuario Importador,Telemarketing,,Consulta,Solucionado,,,,,APR1 - AUTOMOTORES,856402,,3381982,Post - Denuncia,,,,'2016-11-11 08:29:33','2016-11-11 08:29:33','2016-11-11 08:29:33',Atendido,,
161111-351316,,Incidente importado desde SAC,,Cac,Usuario Importador,Carta Documento,,Consulta,Solucionado,,,,,AUS1 - AUTOMOTORES,856376,,4294871,Certificado de cobertura,,,,'2016-11-11 08:29:32','2016-11-11 08:29:32','2016-11-11 08:29:32',Atendido,,
161111-351326,,Incidente importado desde SAC,,Cac,Usuario Importador,Telemarketing,,Consulta,Solucionado,,,,,AUS1 - AUTOMOTORES,856386,,2131933,Facturación,,,,'2016-11-11 08:29:32','2016-11-11 08:29:32','2016-11-11 08:29:32',Atendido,,
161111-351330,,Incidente importado desde SAC,,Emisión Masivos,Usuario Importador,Telemarketing,,Consulta,Solucionado,,,,,HOM1 - SEGURO DEL HOGAR,856390,,2726482,Baja de póliza,,,,'2016-11-11 08:29:32','2016-11-11 08:29:32','2016-11-11 08:29:32',Atendido,,
161111-351331,,Incidente importado desde SAC,,Cac,Usuario Importador,Telemarketing,,Consulta,Solucionado,,,,,HOM1 - SEGURO DEL HOGAR,856391,,4468493,Ampliación de Cobertura con inspección,,,,'2016-11-11 08:29:32','2016-11-11 08:29:32','2016-11-11 08:29:32',Atendido,,
161111-351303,,Incidente importado desde SAC,,Cac,Usuario Importador,Telemarketing,,Consulta,Solucionado,,,,,APR1 - AUTOMOTORES,856363,,3497876,Modificaciones datos del producto,,,,'2016-11-11 08:29:31','2016-11-11 08:29:31','2016-11-11 08:29:31',Atendido,,
161111-351308,,Incidente importado desde SAC,,Daños Materiales Autos,Usuario Importador,Carta,,Consulta,Solucionado,,,,,AUB1 - AUTOMOTORES BCOS. CG,856368,,1288189,Siniestro Jet,,,,'2016-11-11 08:29:31','2016-11-11 08:29:31','2016-11-11 08:29:31',Resuelto,,
161111-351309,,Incidente importado desde SAC,,Oficina Mendoza,Usuario Importador,Carta,,Consulta,Solucionado,,,,,AUT1 - AUTOMOTORES,856369,,1329228,Siniestro Jet,,,,'2016-11-11 08:29:31','2016-11-11 08:29:31','2016-11-11 08:29:31',Resuelto,,
161111-351314,,Incidente importado desde SAC,,Cac,Usuario Importador,Telemarketing,,Consulta,Solucionado,,,,,AUS1 - AUTOMOTORES,856374,,3426302,Facturación,,,,'2016-11-11 08:29:31','2016-11-11 08:29:31','2016-11-11 08:29:31',Atendido,,
161111-351291,,Incidente importado desde SAC,,Gerencia Clientes,Usuario Importador,Entes Reguladores,,Accion Proactiva,Solucionado,,,,,APL1 - AUTOMOTORES PLANES,856351,,3494080,Uso Interno SAA - Acción Proactiva,,,,'2016-11-11 08:29:30','2016-11-11 08:29:30','2016-11-11 08:29:30',Resuelto,,
161111-351273,,Incidente importado desde SAC,,Cac,Usuario Importador,Telemarketing,,Consulta,Solucionado,,,,,AUS1 - AUTOMOTORES,856333,,1808328,Facturación,,,,'2016-11-11 08:29:29','2016-11-11 08:29:29','2016-11-11 08:29:29',Atendido,,
161111-351274,,Incidente importado desde SAC,,Robo / Destruccion Total,Usuario Importador,Carta,,Consulta,Solucionado,,,,,AUS1 - AUTOMOTORES,856334,,701705,Siniestro Jet,,,,'2016-11-11 08:29:29','2016-11-11 08:29:29','2016-11-11 08:29:29',Resuelto,,
161111-351275,,Incidente importado desde SAC,,Cac,Usuario Importador,Telemarketing,,Consulta,Solucionado,,,,,AUS1 - AUTOMOTORES,856335,,365257,Facturación,,,,'2016-11-11 08:29:29','2016-11-11 08:29:29','2016-11-11 08:29:29',Atendido,,
161111-351278,,Incidente importado desde SAC,,Cac,Usuario Importador,Telemarketing,,Consulta,Solucionado,,,,,AUS1 - AUTOMOTORES,856338,,6555494,Facturación,,,,'2016-11-11 08:29:29','2016-11-11 08:29:29','2016-11-11 08:29:29',Atendido,,
161111-351257,,Incidente importado desde SAC,,Cac,Usuario Importador,Telemarketing,,Consulta,Solucionado,,,,,AUS1 - AUTOMOTORES,856317,,4492557,Facturación,,,,'2016-11-11 08:29:28','2016-11-11 08:29:28','2016-11-11 08:29:28',Atendido,,
161111-351259,,Incidente importado desde SAC,,Emisión Masivos,Usuario Importador,Telemarketing,,Consulta,Solucionado,,,,,AUS1 - AUTOMOTORES,856319,,7535056,Baja de póliza,,,,'2016-11-11 08:29:28','2016-11-11 08:29:28','2016-11-11 08:29:28',Atendido,,
161111-351261,,Incidente importado desde SAC,,Gerencia Clientes,Usuario Importador,Entes Reguladores,,Accion Proactiva,Solucionado,,,,,APR1 - AUTOMOTORES,856321,,7332327,Uso Interno SAA - Acción Proactiva,,,,'2016-11-11 08:29:28','2016-11-11 08:29:28','2016-11-11 08:29:28',Resuelto,,
161111-351265,,Incidente importado desde SAC,,Cac,Usuario Importador,Telemarketing,,Consulta,Solucionado,,,,,AUS1 - AUTOMOTORES,856325,,3063799,Facturación,,,,'2016-11-11 08:29:28','2016-11-11 08:29:28','2016-11-11 08:29:28',Atendido,,
161111-351246,,Incidente importado desde SAC,,Emisión Cartera Gral.,Usuario Importador,Telemarketing,,Consulta,Solucionado,,,,,ICO1 - INTEGR.COMERCIO,856306,,3390038,Baja de póliza,,,,'2016-11-11 08:29:27','2016-11-11 08:29:27','2016-11-11 08:29:27',Atendido,,
161111-351248,,Incidente importado desde SAC,,Cac,Usuario Importador,Telemarketing,,Consulta,Solucionado,,,,,AUS1 - AUTOMOTORES,856308,,5933193,Facturación,,,,'2016-11-11 08:29:27','2016-11-11 08:29:27','2016-11-11 08:29:27',Atendido,,
161111-351251,,Incidente importado desde SAC,,Cac,Usuario Importador,Telemarketing,,Consulta,Solucionado,,,,,APL1 - AUTOMOTORES PLANES,856311,,2296708,Endosos CAC,,,,'2016-11-11 08:29:27','2016-11-11 08:29:27','2016-11-11 08:29:27',Atendido,,
161111-351253,,Incidente importado desde SAC,,Mailing,Usuario Importador,Telemarketing,,Reclamo,Solucionado,,,,,AUS1 - AUTOMOTORES,856313,,2848796,Cupón de pago,,,,'2016-11-11 08:29:27','2016-11-11 08:29:27','2016-11-11 08:29:27',Resuelto,,
161111-351254,,Incidente importado desde SAC,,Gerencia Clientes,Usuario Importador,Telemarketing,,Consulta,Solucionado,,,,,AUT1 - AUTOMOTORES,856314,,7392619,Certificado de cobertura,,,,'2016-11-11 08:29:27','2016-11-11 08:29:27','2016-11-11 08:29:27',Atendido,,
161111-351237,,Incidente importado desde SAC,,Cac,Usuario Importador,Telemarketing,,Consulta,Solucionado,,,,,AUS1 - AUTOMOTORES,856298,,7657129,Facturación,,,,'2016-11-11 08:29:26','2016-11-11 08:29:26','2016-11-11 08:29:26',Atendido,,
161111-351243,,Incidente importado desde SAC,,Cac,Usuario Importador,Telemarketing,,Consulta,Solucionado,,,,,AUS1 - AUTOMOTORES,856304,,3607421,Post - Denuncia,,,,'2016-11-11 08:29:26','2016-11-11 08:29:26','2016-11-11 08:29:26',Atendido,,
161111-351228,,Incidente importado desde SAC,,Gerencia Clientes,Usuario Importador,Carta Documento,,Accion Proactiva,Solucionado,,,,,EEQ2 - SEGURO INGENIERIA,856289,,1292364,Uso Interno SAA - Acción Proactiva,,,,'2016-11-11 08:29:25','2016-11-11 08:29:25','2016-11-11 08:29:25',Resuelto,,
161111-351232,,Incidente importado desde SAC,,Cac,Usuario Importador,Telemarketing,,Consulta,Solucionado,,,,,AUS1 - AUTOMOTORES,856293,,5318285,Post - Denuncia,,,,'2016-11-11 08:29:25','2016-11-11 08:29:25','2016-11-11 08:29:25',Atendido,,
161111-351217,,Incidente importado desde SAC,,Robo / Destruccion Total,Usuario Importador,Carta,,Consulta,Solucionado,,,,,AUS1 - AUTOMOTORES,856278,,1287693,Siniestro Jet,,,,'2016-11-11 08:29:24','2016-11-11 08:29:24','2016-11-11 08:29:24',Resuelto,,
161111-351219,,Incidente importado desde SAC,,Cac,Usuario Importador,Telemarketing,,Consulta,Solucionado,,,,,EGE1 - EXT.GARANTIA ELECTRO,856280,,798685,Atenc. Serv. Tecn (Stro ext. de gtías),,,,'2016-11-11 08:29:24','2016-11-11 08:29:24','2016-11-11 08:29:24',Atendido,,
161111-351223,,Incidente importado desde SAC,,Fleet Services,Usuario Importador,Telemarketing,,Consulta,Solucionado,,,,,AUT1 - AUTOMOTORES,856284,,2508237,Contacto del tercero,,,,'2016-11-11 08:29:24','2016-11-11 08:29:24','2016-11-11 08:29:24',Atendido,,
161111-351224,,Incidente importado desde SAC,,Cac,Usuario Importador,Telemarketing,,Consulta,Solucionado,,,,,HOM1 - SEGURO DEL HOGAR,856285,,7170453,Facturación,,,,'2016-11-11 08:29:24','2016-11-11 08:29:24','2016-11-11 08:29:24',Atendido,,
161111-349759,,documentacion,Clientes,Mailing,Yanina Gonzalez,Llamada entrante,,Consulta,Solucionado,,,44843,,AUS1 - AUTOMOTORES,856266,,7861000,Certificado de cobertura,,,'2016-11-11 08:29:23','2016-11-11 08:29:23','2016-11-11 08:29:23','2016-11-11 08:29:23',Atendido,,
161111-351207,,Incidente importado desde SAC,,Robo / Destruccion Total,Usuario Importador,Carta,,Consulta,Solucionado,,,,,AUT1 - AUTOMOTORES,856268,,2554315,Siniestro Jet,,,,'2016-11-11 08:29:23','2016-11-11 08:29:23','2016-11-11 08:29:23',Resuelto,,
161111-351209,,Incidente importado desde SAC,,Gerencia Clientes,Usuario Importador,Carta Documento,,Consulta,Solucionado,,,,,AUA1 - AUTOMOTORES CARTERA GENERAL,856270,,5287487,Certificado de cobertura,,,,'2016-11-11 08:29:23','2016-11-11 08:29:23','2016-11-11 08:29:23',Atendido,,
161111-351204,,Incidente importado desde SAC,,Cac,Usuario Importador,Telemarketing,,Consulta,Solucionado,,,,,APR1 - AUTOMOTORES,856264,,6964845,Post - Denuncia,,,,'2016-11-11 08:29:22','2016-11-11 08:29:22','2016-11-11 08:29:22',Atendido,,
161111-351203,,Incidente importado desde SAC,,Prestadores,Usuario Importador,Telemarketing,,Reclamo,Solucionado,,,,,HOM1 - SEGURO DEL HOGAR,856263,,1302723,Ibero,,,,'2016-11-11 08:29:21','2016-11-11 08:29:21','2016-11-11 08:29:21',No Procedente,,
161111-351192,,Incidente importado desde SAC,,Cac,Usuario Importador,Telemarketing,,Consulta,Solucionado,,,,,AUS1 - AUTOMOTORES,856252,,1359490,Facturación,,,,'2016-11-11 08:29:20','2016-11-11 08:29:20','2016-11-11 08:29:20',Atendido,,
161111-351197,,Incidente importado desde SAC,,Prestadores,Usuario Importador,Canal productor,,Reclamo,Solucionado,,,,,AUS1 - AUTOMOTORES,856257,,2637792,SOS,,,,'2016-11-11 08:29:20','2016-11-11 08:29:20','2016-11-11 08:29:20',Resuelto,,
161111-351177,,Incidente importado desde SAC,,Cac,Usuario Importador,Telemarketing,,Consulta,Solucionado,,,,,AUS1 - AUTOMOTORES,856237,,3410081,Condiciones de póliza,,,,'2016-11-11 08:29:19','2016-11-11 08:29:19','2016-11-11 08:29:19',Atendido,,
161111-351178,,Incidente importado desde SAC,,Cac,Usuario Importador,Carta Documento,,Consulta,Solucionado,,,,,HOM1 - SEGURO DEL HOGAR,856238,,1298502,Condiciones de póliza,,,,'2016-11-11 08:29:19','2016-11-11 08:29:19','2016-11-11 08:29:19',Atendido,,
161111-351183,,Incidente importado desde SAC,,Cac,Usuario Importador,Carta Documento,,Consulta,Solucionado,,,,,AUI1 - AUTOMOTORES INSTITUCIONES,856243,,4356208,Facturación,,,,'2016-11-11 08:29:19','2016-11-11 08:29:19','2016-11-11 08:29:19',Atendido,,
161111-351184,,Incidente importado desde SAC,,Cac,Usuario Importador,Telemarketing,,Consulta,Solucionado,,,,,AUS1 - AUTOMOTORES,856244,,5254357,Facturación,,,,'2016-11-11 08:29:19','2016-11-11 08:29:19','2016-11-11 08:29:19',Atendido,,
161111-351158,,Incidente importado desde SAC,,Emisión Masivos,Usuario Importador,Telemarketing,,Consulta,Solucionado,,,,,AUS1 - AUTOMOTORES,856218,,2054557,Baja de póliza,,,,'2016-11-11 08:29:18','2016-11-11 08:29:18','2016-11-11 08:29:18',Atendido,,
161111-351167,,Incidente importado desde SAC,,Cac,Usuario Importador,Telemarketing,,Consulta,Solucionado,,,,,AUS1 - AUTOMOTORES,856227,,4995633,Facturación,,,,'2016-11-11 08:29:18','2016-11-11 08:29:18','2016-11-11 08:29:18',Atendido,,
161111-351151,,Incidente importado desde SAC,,Cac,Usuario Importador,Telemarketing,,Consulta,Solucionado,,,,,AUS1 - AUTOMOTORES,856212,,5108323,Facturación,,,,'2016-11-11 08:29:17','2016-11-11 08:29:17','2016-11-11 08:29:17',Atendido,,
161111-351154,,Incidente importado desde SAC,,Cac,Usuario Importador,Telemarketing,,Consulta,Solucionado,,,,,AUS1 - AUTOMOTORES,856215,,3337106,Condiciones de póliza,,,,'2016-11-11 08:29:17','2016-11-11 08:29:17','2016-11-11 08:29:17',Atendido,,
161111-351136,,Incidente importado desde SAC,,Cac,Usuario Importador,Telemarketing,,Consulta,Solucionado,,,,,AUS1 - AUTOMOTORES,856197,,253328,Certificado de cobertura,,,,'2016-11-11 08:29:16','2016-11-11 08:29:16','2016-11-11 08:29:16',Atendido,,
161111-351139,,Incidente importado desde SAC,,Cac,Usuario Importador,Telemarketing,,Consulta,Solucionado,,,,,HOM1 - SEGURO DEL HOGAR,856200,,4972573,Post - Denuncia,,,,'2016-11-11 08:29:16','2016-11-11 08:29:16','2016-11-11 08:29:16',Atendido,,
161111-351142,,Incidente importado desde SAC,,Cac,Usuario Importador,Telemarketing,,Consulta,Solucionado,,,,,APR1 - AUTOMOTORES,856203,,3316153,Post - Denuncia,,,,'2016-11-11 08:29:16','2016-11-11 08:29:16','2016-11-11 08:29:16',Atendido,,
161111-351144,,Incidente importado desde SAC,,Fleet Services,Usuario Importador,Telemarketing,,Consulta,Solucionado,,,,,AUS1 - AUTOMOTORES,856205,,5430073,Contacto del tercero,,,,'2016-11-11 08:29:16','2016-11-11 08:29:16','2016-11-11 08:29:16',Atendido,,
161111-351127,,Incidente importado desde SAC,,Gerencia Clientes,Usuario Importador,Llamada entrante,,Consulta,Solucionado,,,,,AUA1 - AUTOMOTORES CARTERA GENERAL,856188,,6489665,Certificado de cobertura,,,,'2016-11-11 08:29:15','2016-11-11 08:29:15','2016-11-11 08:29:15',Atendido,,
161111-351130,,Incidente importado desde SAC,,Cac,Usuario Importador,Telemarketing,,Consulta,Solucionado,,,,,AUT1 - AUTOMOTORES,856191,,4475096,Facturación,,,,'2016-11-11 08:29:15','2016-11-11 08:29:15','2016-11-11 08:29:15',Atendido,,
161111-351131,,Incidente importado desde SAC,,Cac,Usuario Importador,Carta Documento,,Consulta,Solucionado,,,,,APR1 - AUTOMOTORES,856192,,3376879,Certificado de cobertura,,,,'2016-11-11 08:29:15','2016-11-11 08:29:15','2016-11-11 08:29:15',Atendido,,
161111-351134,,Incidente importado desde SAC,,Fleet Services,Usuario Importador,Telemarketing,,Consulta,Solucionado,,,,,AUA1 - AUTOMOTORES CARTERA GENERAL,856195,,2050050,Contacto del tercero,,,,'2016-11-11 08:29:15','2016-11-11 08:29:15','2016-11-11 08:29:15',Atendido,,
161111-351115,,Incidente importado desde SAC,,Emisión Masivos,Usuario Importador,Telemarketing,,Consulta,Solucionado,,,,,AUS1 - AUTOMOTORES,856176,,5677932,Baja de póliza,,,,'2016-11-11 08:29:14','2016-11-11 08:29:14','2016-11-11 08:29:14',Atendido,,
161111-351116,,Incidente importado desde SAC,,Oficina Mendoza,Usuario Importador,Telemarketing,,Reclamo,Solucionado,,,,,AUS1 - AUTOMOTORES,856177,,4350136,Daños materiales Mendoza,,,,'2016-11-11 08:29:14','2016-11-11 08:29:14','2016-11-11 08:29:14',Resuelto,,
161111-351120,,Incidente importado desde SAC,,Cac,Usuario Importador,Telemarketing,,Consulta,Solucionado,,,,,APR1 - AUTOMOTORES,856181,,3433850,Modificaciones datos del producto,,,,'2016-11-11 08:29:14','2016-11-11 08:29:14','2016-11-11 08:29:14',Atendido,,
161111-351122,,Incidente importado desde SAC,,Cac,Usuario Importador,Telemarketing,,Consulta,Solucionado,,,,,APR1 - AUTOMOTORES,856183,,3417112,Post - Denuncia,,,,'2016-11-11 08:29:14','2016-11-11 08:29:14','2016-11-11 08:29:14',Atendido,,
161111-351123,,Incidente importado desde SAC,,Cac,Usuario Importador,Telemarketing,,Consulta,Solucionado,,,,,AUS1 - AUTOMOTORES,856184,,2126844,Post - Denuncia,,,,'2016-11-11 08:29:14','2016-11-11 08:29:14','2016-11-11 08:29:14',Atendido,,
161111-350625,,,,Mailing,Daniela Simari,Llamada entrante,,Consulta,Solucionado,,,45804,,AUS1 - AUTOMOTORES,856155,,6491462,Certificado de cobertura,,,,'2016-11-11 08:29:13','2016-11-11 08:29:13','2016-11-11 08:29:13',Atendido,,
161111-351111,,Incidente importado desde SAC,,Cac,Usuario Importador,Telemarketing,,Consulta,Solucionado,,,,,AUS1 - AUTOMOTORES,856172,,4481221,Facturación,,,,'2016-11-11 08:29:13','2016-11-11 08:29:13','2016-11-11 08:29:13',Atendido,,
161111-351112,,Incidente importado desde SAC,,Cac,Usuario Importador,Telemarketing,,Consulta,Solucionado,,,,,AUA1 - AUTOMOTORES CARTERA GENERAL,856173,,4358653,Cartera general,,,,'2016-11-11 08:29:13','2016-11-11 08:29:13','2016-11-11 08:29:13',Atendido,,
161111-351083,,Incidente importado desde SAC,,Cac,Usuario Importador,Telemarketing,,Consulta,Solucionado,,,,,AUS1 - AUTOMOTORES,856143,,4165790,Facturación,,,,'2016-11-11 08:29:12','2016-11-11 08:29:12','2016-11-11 08:29:12',Atendido,,
161111-351089,,Incidente importado desde SAC,,Gerencia Clientes,Usuario Importador,Telemarketing,,Reclamo,Solucionado,,,,,HOM1 - SEGURO DEL HOGAR,856149,,2293926,Venta con anomalías,,,,'2016-11-11 08:29:12','2016-11-11 08:29:12','2016-11-11 08:29:12',Resuelto,,
161111-351071,,Incidente importado desde SAC,,Cac,Usuario Importador,Telemarketing,,Consulta,Solucionado,,,,,APR1 - AUTOMOTORES,856131,,2778243,Post - Denuncia,,,,'2016-11-11 08:29:11','2016-11-11 08:29:11','2016-11-11 08:29:11',Atendido,,
161111-351075,,Incidente importado desde SAC,,Cac,Usuario Importador,Telemarketing,,Consulta,Solucionado,,,,,APR1 - AUTOMOTORES,856135,,4310766,Post - Denuncia,,,,'2016-11-11 08:29:11','2016-11-11 08:29:11','2016-11-11 08:29:11',Atendido,,
161111-351079,,Incidente importado desde SAC,,Cac,Usuario Importador,Telemarketing,,Consulta,Solucionado,,,,,AUS1 - AUTOMOTORES,856139,,3067803,Post - Denuncia,,,,'2016-11-11 08:29:11','2016-11-11 08:29:11','2016-11-11 08:29:11',Atendido,,
161111-351081,,Incidente importado desde SAC,,Cac,Usuario Importador,Telemarketing,,Consulta,Solucionado,,,,,AUS1 - AUTOMOTORES,856141,,6015485,Bonificación,,,,'2016-11-11 08:29:11','2016-11-11 08:29:11','2016-11-11 08:29:11',Atendido,,
161111-351063,,Incidente importado desde SAC,,Daños Materiales Autos,Usuario Importador,Telemarketing,,Disconformidad,Solucionado,,,,,AUS1 - AUTOMOTORES,856123,,1757179,Con resolución de siniestro - Disconformidad,,,,'2016-11-11 08:29:09','2016-11-11 08:29:09','2016-11-11 08:29:09',Atendido,,
161111-351064,,Incidente importado desde SAC,,Cac,Usuario Importador,Telemarketing,,Consulta,Solucionado,,,,,AUS1 - AUTOMOTORES,856124,,1332692,Post - Denuncia,,,,'2016-11-11 08:29:09','2016-11-11 08:29:09','2016-11-11 08:29:09',Atendido,,
161111-351066,,Incidente importado desde SAC,,Emisión Masivos,Usuario Importador,Carta Documento,,Consulta,Solucionado,,,,,AUS1 - AUTOMOTORES,856126,,4537791,Baja de póliza,,,,'2016-11-11 08:29:09','2016-11-11 08:29:09','2016-11-11 08:29:09',Atendido,,
161111-351067,,Incidente importado desde SAC,,Cac,Usuario Importador,Carta Documento,,Consulta,Solucionado,,,,,AUS1 - AUTOMOTORES,856127,,1332728,Post - Denuncia,,,,'2016-11-11 08:29:09','2016-11-11 08:29:09','2016-11-11 08:29:09',Atendido,,
161111-351043,,Incidente importado desde SAC,,Cac,Usuario Importador,Carta Documento,,Consulta,Solucionado,,,,,HOM1 - SEGURO DEL HOGAR,856103,,3440883,Condiciones de póliza,,,,'2016-11-11 08:29:07','2016-11-11 08:29:07','2016-11-11 08:29:07',Atendido,,
161111-351046,,Incidente importado desde SAC,,Fleet Services,Usuario Importador,Carta,,Consulta,Solucionado,,,,,AUI1 - AUTOMOTORES INSTITUCIONES,856106,,5364797,Siniestro Jet (Cobertura),,,,'2016-11-11 08:29:07','2016-11-11 08:29:07','2016-11-11 08:29:07',Resuelto,,
161111-351048,,Incidente importado desde SAC,,Mailing,Usuario Importador,Telemarketing,,Reclamo,Solucionado,,,,,AUS1 - AUTOMOTORES,856108,,2272955,Cupón de pago,,,,'2016-11-11 08:29:07','2016-11-11 08:29:07','2016-11-11 08:29:07',Resuelto,,
161111-351049,,Incidente importado desde SAC,,Fleet Services,Usuario Importador,Carta Documento,,Consulta,Solucionado,,,,,AUS1 - AUTOMOTORES,856109,,926053,Contacto del tercero,,,,'2016-11-11 08:29:07','2016-11-11 08:29:07','2016-11-11 08:29:07',Resuelto,,
161111-351034,,Incidente importado desde SAC,,Cac,Usuario Importador,Carta Documento,,Consulta,Solucionado,,,,,AUS1 - AUTOMOTORES,856094,,1771581,Certificado de cobertura,,,,'2016-11-11 08:29:06','2016-11-11 08:29:06','2016-11-11 08:29:06',Atendido,,
161111-351035,,Incidente importado desde SAC,,Cac,Usuario Importador,Telemarketing,,Consulta,Solucionado,,,,,APL1 - AUTOMOTORES PLANES,856095,,5322717,Facturación,,,,'2016-11-11 08:29:06','2016-11-11 08:29:06','2016-11-11 08:29:06',Atendido,,
161111-351040,,Incidente importado desde SAC,,Fleet Services,Usuario Importador,Telemarketing,,Consulta,Solucionado,,,,,AUA1 - AUTOMOTORES CARTERA GENERAL,856100,,3108013,Contacto del tercero,,,,'2016-11-11 08:29:06','2016-11-11 08:29:06','2016-11-11 08:29:06',Atendido,,
161111-351025,,Incidente importado desde SAC,,Cac,Usuario Importador,Telemarketing,,Consulta,Solucionado,,,,,AUS1 - AUTOMOTORES,856085,,6941654,Facturación,,,,'2016-11-11 08:29:05','2016-11-11 08:29:05','2016-11-11 08:29:05',Atendido,,
161111-351005,,Incidente importado desde SAC,,Cac,Usuario Importador,Telemarketing,,Consulta,Solucionado,,,,,APR1 - AUTOMOTORES,856065,,3426225,Modificaciones datos del producto,,,,'2016-11-11 08:29:04','2016-11-11 08:29:04','2016-11-11 08:29:04',Atendido,,
161111-351007,,Incidente importado desde SAC,,Cac,Usuario Importador,Telemarketing,,Consulta,Solucionado,,,,,APL1 - AUTOMOTORES PLANES,856067,,3464850,Post - Denuncia,,,,'2016-11-11 08:29:04','2016-11-11 08:29:04','2016-11-11 08:29:04',Atendido,,
161111-351013,,Incidente importado desde SAC,,Cac,Usuario Importador,Carta Documento,,Consulta,Solucionado,,,,,APR1 - AUTOMOTORES,856073,,3429291,Certificado de cobertura,,,,'2016-11-11 08:29:04','2016-11-11 08:29:04','2016-11-11 08:29:04',Atendido,,
161111-351014,,Incidente importado desde SAC,,Cac,Usuario Importador,Carta Documento,,Consulta,Solucionado,,,,,AUI1 - AUTOMOTORES INSTITUCIONES,856074,,5318163,Facturación,,,,'2016-11-11 08:29:04','2016-11-11 08:29:04','2016-11-11 08:29:04',Atendido,,
161111-350985,,Incidente importado desde SAC,,Fleet Services,Usuario Importador,Telemarketing,,Consulta,Solucionado,,,,,AUT1 - AUTOMOTORES,856045,,1288672,Contacto del tercero,,,,'2016-11-11 08:29:03','2016-11-11 08:29:03','2016-11-11 08:29:03',Atendido,,
161111-350990,,Incidente importado desde SAC,,Cac,Usuario Importador,Telemarketing,,Consulta,Solucionado,,,,,APR1 - AUTOMOTORES,856050,,5331041,Post - Denuncia,,,,'2016-11-11 08:29:03','2016-11-11 08:29:03','2016-11-11 08:29:03',Atendido,,
161111-350991,,Incidente importado desde SAC,,Cac,Usuario Importador,Telemarketing,,Consulta,Solucionado,,,,,AUS1 - AUTOMOTORES,856051,,6727936,Modificaciones scoring,,,,'2016-11-11 08:29:03','2016-11-11 08:29:03','2016-11-11 08:29:03',Atendido,,
161111-350975,,Incidente importado desde SAC,,Cac,Usuario Importador,Carta Documento,,Consulta,Solucionado,,,,,AUS1 - AUTOMOTORES,856035,,5228427,Condiciones de póliza,,,,'2016-11-11 08:29:02','2016-11-11 08:29:02','2016-11-11 08:29:02',Atendido,,
161111-350976,,Incidente importado desde SAC,,Cac,Usuario Importador,Telemarketing,,Consulta,Solucionado,,,,,APL1 - AUTOMOTORES PLANES,856036,,4351525,Post - Denuncia,,,,'2016-11-11 08:29:02','2016-11-11 08:29:02','2016-11-11 08:29:02',Atendido,,
161111-350977,,Incidente importado desde SAC,,Cac,Usuario Importador,Telemarketing,,Consulta,Solucionado,,,,,AUS1 - AUTOMOTORES,856037,,4981202,Facturación,,,,'2016-11-11 08:29:02','2016-11-11 08:29:02','2016-11-11 08:29:02',Atendido,,
161111-350956,,Incidente importado desde SAC,,Cac,Usuario Importador,Carta Documento,,Consulta,Solucionado,,,,,APL1 - AUTOMOTORES PLANES,856016,,2613739,Certificado de cobertura,,,,'2016-11-11 08:29:01','2016-11-11 08:29:01','2016-11-11 08:29:01',Atendido,,
161111-350959,,Incidente importado desde SAC,,Cac,Usuario Importador,Telemarketing,,Consulta,Solucionado,,,,,AUS1 - AUTOMOTORES,856019,,3482244,Post - Denuncia,,,,'2016-11-11 08:29:01','2016-11-11 08:29:01','2016-11-11 08:29:01',Atendido,,
161111-350964,,Incidente importado desde SAC,,Cac,Usuario Importador,Telemarketing,,Consulta,Solucionado,,,,,AUS1 - AUTOMOTORES,856024,,613501,Facturación,,,,'2016-11-11 08:29:01','2016-11-11 08:29:01','2016-11-11 08:29:01',Atendido,,
161111-350965,,Incidente importado desde SAC,,Cac,Usuario Importador,Carta Documento,,Consulta,Solucionado,,,,,HOM1 - SEGURO DEL HOGAR,856025,,4206019,Denuncia Riesgos Varios,,,,'2016-11-11 08:29:01','2016-11-11 08:29:01','2016-11-11 08:29:01',Atendido,,
161111-350941,,Incidente importado desde SAC,,Cac,Usuario Importador,Carta Documento,,Consulta,Solucionado,,,,,AUS1 - AUTOMOTORES,856001,,5039182,Certificado de cobertura,,,,'2016-11-11 08:29:00','2016-11-11 08:29:00','2016-11-11 08:29:00',Atendido,,
161111-350947,,Incidente importado desde SAC,,Cac,Usuario Importador,Telemarketing,,Consulta,Solucionado,,,,,AUS1 - AUTOMOTORES,856007,,4389431,Facturación,,,,'2016-11-11 08:29:00','2016-11-11 08:29:00','2016-11-11 08:29:00',Atendido,,
161111-350950,,Incidente importado desde SAC,,Cac,Usuario Importador,Telemarketing,,Consulta,Solucionado,,,,,AUS1 - AUTOMOTORES,856010,,6714012,Bonificación,,,,'2016-11-11 08:29:00','2016-11-11 08:29:00','2016-11-11 08:29:00',Atendido,,
161111-350921,,Incidente importado desde SAC,,Emisión Masivos,Usuario Importador,Telemarketing,,Consulta,Solucionado,,,,,AUS1 - AUTOMOTORES,855981,,2405752,Baja de póliza,,,,'2016-11-11 08:28:59','2016-11-11 08:28:59','2016-11-11 08:28:59',Atendido,,
161111-350925,,Incidente importado desde SAC,,Cac,Usuario Importador,Telemarketing,,Consulta,Solucionado,,,,,AUA1 - AUTOMOTORES CARTERA GENERAL,855985,,3507217,Denuncia daños materiales,,,,'2016-11-11 08:28:59','2016-11-11 08:28:59','2016-11-11 08:28:59',Atendido,,
161111-350928,,Incidente importado desde SAC,,Cac,Usuario Importador,Telemarketing,,Consulta,Solucionado,,,,,HOM1 - SEGURO DEL HOGAR,855988,,7306368,Facturación,,,,'2016-11-11 08:28:59','2016-11-11 08:28:59','2016-11-11 08:28:59',Atendido,,
161111-350929,,Incidente importado desde SAC,,Emisión Masivos,Usuario Importador,Telemarketing,,Consulta,Solucionado,,,,,AUS1 - AUTOMOTORES,855989,,1756960,Baja de póliza,,,,'2016-11-11 08:28:59','2016-11-11 08:28:59','2016-11-11 08:28:59',Atendido,,
161111-350906,,Incidente importado desde SAC,,Cac,Usuario Importador,Telemarketing,,Consulta,Solucionado,,,,,AUS1 - AUTOMOTORES,855967,,3375976,Post - Denuncia,,,,'2016-11-11 08:28:58','2016-11-11 08:28:58','2016-11-11 08:28:58',Atendido,,
161111-350910,,Incidente importado desde SAC,,Emisión Masivos,Usuario Importador,Carta Documento,,Consulta,Solucionado,,,,,AUS1 - AUTOMOTORES,855970,,5372661,Baja de póliza,,,,'2016-11-11 08:28:58','2016-11-11 08:28:58','2016-11-11 08:28:58',Atendido,,
161111-350914,,Incidente importado desde SAC,,Cac,Usuario Importador,Telemarketing,,Consulta,Solucionado,,,,,AUS1 - AUTOMOTORES,855974,,5206742,Facturación,,,,'2016-11-11 08:28:58','2016-11-11 08:28:58','2016-11-11 08:28:58',Atendido,,
161111-350918,,Incidente importado desde SAC,,,Usuario Importador,Telemarketing,,Consulta,Solucionado,,,,,AUI1 - AUTOMOTORES INSTITUCIONES,855978,,3402727,Baja de póliza,,,,'2016-11-11 08:28:58','2016-11-11 08:28:58','2016-11-11 08:28:58',Atendido,,
161111-350904,,Incidente importado desde SAC,,Cac,Usuario Importador,Telemarketing,,Consulta,Solucionado,,,,,AUS1 - AUTOMOTORES,855965,,3411982,Reducción de cobertura,,,,'2016-11-11 08:28:57','2016-11-11 08:28:57','2016-11-11 08:28:57',Atendido,,
161111-350891,,Incidente importado desde SAC,,UPF,Usuario Importador,Telemarketing,,Accion Proactiva,Solucionado,,,,,AUT1 - AUTOMOTORES,855952,,1288672,Irregularidad siniestro - Acción Proactiva,,,,'2016-11-11 08:28:56','2016-11-11 08:28:56','2016-11-11 08:28:56',Resuelto,,
161111-350898,,Incidente importado desde SAC,,Daños Materiales Autos,Usuario Importador,Carta,,Consulta,Solucionado,,,,,AUS1 - AUTOMOTORES,855959,,3915747,Siniestro Jet,,,,'2016-11-11 08:28:56','2016-11-11 08:28:56','2016-11-11 08:28:56',Resuelto,,
161111-350889,,Incidente importado desde SAC,,Cac,Usuario Importador,Carta Documento,,Consulta,Solucionado,,,,,APL1 - AUTOMOTORES PLANES,855950,,3627890,Post - Denuncia,,,,'2016-11-11 08:28:55','2016-11-11 08:28:55','2016-11-11 08:28:55',Atendido,,
161111-350888,,Incidente importado desde SAC,,Fleet Services,Usuario Importador,Telemarketing,,Reclamo,Solucionado,,,,,AUS1 - AUTOMOTORES,855949,,7512947,Contacto del tercero,,,,'2016-11-11 08:28:54','2016-11-11 08:28:54','2016-11-11 08:28:54',Resuelto,,
161111-350865,,Incidente importado desde SAC,,Telecobranzas,Usuario Importador,Telemarketing,,Consulta,Solucionado,,,,,AUS1 - AUTOMOTORES,855926,,2941443,Reenvío al cobro,,,,'2016-11-11 08:28:53','2016-11-11 08:28:53','2016-11-11 08:28:53',Atendido,,
161111-350869,,Incidente importado desde SAC,,Prestadores,Usuario Importador,Carta,,Accion Proactiva,Solucionado,,,,,AUS1 - AUTOMOTORES,855930,,5396528,Reintegro Prestadores - Acción Proactiva,,,,'2016-11-11 08:28:53','2016-11-11 08:28:53','2016-11-11 08:28:53',Resuelto,,
161111-350870,,Incidente importado desde SAC,,Cac,Usuario Importador,Telemarketing,,Consulta,Solucionado,,,,,AUS1 - AUTOMOTORES,855931,,3148822,Reducción de cobertura,,,,'2016-11-11 08:28:53','2016-11-11 08:28:53','2016-11-11 08:28:53',Atendido,,
161111-350872,,Incidente importado desde SAC,,Gerencia Clientes,Usuario Importador,Telemarketing,,Reclamo,Solucionado,,,,,ATD1 - ROBO/USUAR.T.DEB-CRE,855933,,5194085,Venta con anomalías,,,,'2016-11-11 08:28:53','2016-11-11 08:28:53','2016-11-11 08:28:53',Resuelto,,
161111-350848,,Incidente importado desde SAC,,Cac,Usuario Importador,Telemarketing,,Consulta,Solucionado,,,,,AUS1 - AUTOMOTORES,855909,,2764459,Facturación,,,,'2016-11-11 08:28:52','2016-11-11 08:28:52','2016-11-11 08:28:52',Atendido,,
161111-350851,,Incidente importado desde SAC,,Cac,Usuario Importador,Carta Documento,,Consulta,Solucionado,,,,,AUI1 - AUTOMOTORES INSTITUCIONES,855912,,3194380,Modificación datos personales,,,,'2016-11-11 08:28:52','2016-11-11 08:28:52','2016-11-11 08:28:52',Atendido,,
161111-350853,,Incidente importado desde SAC,,Cac,Usuario Importador,Carta Documento,,Consulta,Solucionado,,,,,APL1 - AUTOMOTORES PLANES,855914,,5212516,Certificado de cobertura,,,,'2016-11-11 08:28:52','2016-11-11 08:28:52','2016-11-11 08:28:52',Atendido,,
161111-350854,,Incidente importado desde SAC,,Cac,Usuario Importador,Telemarketing,,Consulta,Solucionado,,,,,AUS1 - AUTOMOTORES,855915,,5157473,Facturación,,,,'2016-11-11 08:28:52','2016-11-11 08:28:52','2016-11-11 08:28:52',Atendido,,
161111-350858,,Incidente importado desde SAC,,Cleas,Usuario Importador,Carta,,Consulta,Solucionado,,,,,AUT1 - AUTOMOTORES,855919,,1328399,Siniestro Jet,,,,'2016-11-11 08:28:52','2016-11-11 08:28:52','2016-11-11 08:28:52',Resuelto,,
161111-350860,,Incidente importado desde SAC,,Cac,Usuario Importador,Telemarketing,,Consulta,Solucionado,,,,,AUS1 - AUTOMOTORES,855921,,449431,Facturación,,,,'2016-11-11 08:28:52','2016-11-11 08:28:52','2016-11-11 08:28:52',Atendido,,
161111-350862,,Incidente importado desde SAC,,Cac,Usuario Importador,Telemarketing,,Consulta,Solucionado,,,,,AUS1 - AUTOMOTORES,855923,,2838794,Facturación,,,,'2016-11-11 08:28:52','2016-11-11 08:28:52','2016-11-11 08:28:52',Atendido,,
161111-350863,,Incidente importado desde SAC,,Cac,Usuario Importador,Telemarketing,,Consulta,Solucionado,,,,,AUS1 - AUTOMOTORES,855924,,3477649,Facturación,,,,'2016-11-11 08:28:52','2016-11-11 08:28:52','2016-11-11 08:28:52',Atendido,,
161111-350829,,Incidente importado desde SAC,,Cac,Usuario Importador,Telemarketing,,Consulta,Solucionado,,,,,APL1 - AUTOMOTORES PLANES,855890,,5338375,Modificaciones datos del producto,,,,'2016-11-11 08:28:51','2016-11-11 08:28:51','2016-11-11 08:28:51',Atendido,,
161111-350834,,Incidente importado desde SAC,,Cac,Usuario Importador,Telemarketing,,Consulta,Solucionado,,,,,AUS1 - AUTOMOTORES,855895,,569960,Post - Denuncia,,,,'2016-11-11 08:28:51','2016-11-11 08:28:51','2016-11-11 08:28:51',Atendido,,
161111-350838,,Incidente importado desde SAC,,Cac,Usuario Importador,Telemarketing,,Consulta,Solucionado,,,,,APR1 - AUTOMOTORES,855899,,3410223,Post - Denuncia,,,,'2016-11-11 08:28:51','2016-11-11 08:28:51','2016-11-11 08:28:51',Atendido,,
161111-350841,,Incidente importado desde SAC,,Cac,Usuario Importador,Telemarketing,,Consulta,Solucionado,,,,,AUS1 - AUTOMOTORES,855902,,1419999,Condiciones de póliza,,,,'2016-11-11 08:28:51','2016-11-11 08:28:51','2016-11-11 08:28:51',Atendido,,
161111-350846,,Incidente importado desde SAC,,Cac,Usuario Importador,Telemarketing,,Consulta,Solucionado,,,,,HOM1 - SEGURO DEL HOGAR,855907,,4347649,Condiciones de póliza,,,,'2016-11-11 08:28:51','2016-11-11 08:28:51','2016-11-11 08:28:51',Atendido,,
161111-350847,,Incidente importado desde SAC,,Mailing,Usuario Importador,Telemarketing,,Reclamo,Solucionado,,,,,AUS1 - AUTOMOTORES,855908,,4692342,Cupón de pago,,,,'2016-11-11 08:28:51','2016-11-11 08:28:51','2016-11-11 08:28:51',Resuelto,,
161111-350817,,Incidente importado desde SAC,,Emisión Masivos,Usuario Importador,Carta Documento,,Consulta,Solucionado,,,,,AUS1 - AUTOMOTORES,855878,,7034977,Baja de póliza,,,,'2016-11-11 08:28:50','2016-11-11 08:28:50','2016-11-11 08:28:50',Atendido,,
161111-350818,,Incidente importado desde SAC,,Cac,Usuario Importador,Carta Documento,,Consulta,Solucionado,,,,,AUS1 - AUTOMOTORES,855879,,6811169,Certificado de cobertura,,,,'2016-11-11 08:28:50','2016-11-11 08:28:50','2016-11-11 08:28:50',Atendido,,
161111-350819,,Incidente importado desde SAC,,Cac,Usuario Importador,Telemarketing,,Consulta,Solucionado,,,,,AUS1 - AUTOMOTORES,855880,,3425476,Post - Denuncia,,,,'2016-11-11 08:28:50','2016-11-11 08:28:50','2016-11-11 08:28:50',Atendido,,
161111-350824,,Incidente importado desde SAC,,Cac,Usuario Importador,Telemarketing,,Consulta,Solucionado,,,,,APR1 - AUTOMOTORES,855885,,5129148,Modificaciones datos del producto,,,,'2016-11-11 08:28:50','2016-11-11 08:28:50','2016-11-11 08:28:50',Atendido,,
161111-350799,,Incidente importado desde SAC,,Cac,Usuario Importador,Telemarketing,,Consulta,Solucionado,,,,,APR1 - AUTOMOTORES,855860,,3013582,Modificaciones datos del producto,,,,'2016-11-11 08:28:49','2016-11-11 08:28:49','2016-11-11 08:28:49',Atendido,,
161111-350800,,Incidente importado desde SAC,,Gerencia Concesionaria,Usuario Importador,Carta Documento,,Accion Proactiva,Solucionado,,,,,APL1 - AUTOMOTORES PLANES,855861,,4268267,Irregularidad siniestro - Acción Proactiva,,,,'2016-11-11 08:28:49','2016-11-11 08:28:49','2016-11-11 08:28:49',Resuelto,,
161111-350805,,Incidente importado desde SAC,,Drive in Ciudadela,Usuario Importador,Carta Documento,,Consulta,Solucionado,,,,,AUT1 - AUTOMOTORES,855866,,5100919,Siniestro Jet,,,,'2016-11-11 08:28:49','2016-11-11 08:28:49','2016-11-11 08:28:49',Resuelto,,
161111-350812,,Incidente importado desde SAC,,Cac,Usuario Importador,Carta Documento,,Consulta,Solucionado,,,,,APR1 - AUTOMOTORES,855873,,3528776,Certificado de cobertura,,,,'2016-11-11 08:28:49','2016-11-11 08:28:49','2016-11-11 08:28:49',Atendido,,
161111-350814,,Incidente importado desde SAC,,Emisión Cartera Gral.,Usuario Importador,Carta Documento,,Consulta,Solucionado,,,,,AUA1 - AUTOMOTORES CARTERA GENERAL,855875,,3476583,Baja de póliza,,,,'2016-11-11 08:28:49','2016-11-11 08:28:49','2016-11-11 08:28:49',Atendido,,
161111-350792,,Incidente importado desde SAC,,Cac,Usuario Importador,Telemarketing,,Consulta,Solucionado,,,,,HOM1 - SEGURO DEL HOGAR,855853,,3998502,Facturación,,,,'2016-11-11 08:28:48','2016-11-11 08:28:48','2016-11-11 08:28:48',Atendido,,
161111-350779,,Incidente importado desde SAC,,Cac,Usuario Importador,Carta Documento,,Consulta,Solucionado,,,,,AUS1 - AUTOMOTORES,855840,,5137393,Reintegro - Automático,,,,'2016-11-11 08:28:47','2016-11-11 08:28:47','2016-11-11 08:28:47',Atendido,,
161111-350780,,Incidente importado desde SAC,,Cac,Usuario Importador,Telemarketing,,Consulta,Solucionado,,,,,APR1 - AUTOMOTORES,855841,,7248819,Modificaciones datos del producto,,,,'2016-11-11 08:28:47','2016-11-11 08:28:47','2016-11-11 08:28:47',Atendido,,
161111-350781,,Incidente importado desde SAC,,Fleet Services,Usuario Importador,Telemarketing,,Consulta,Solucionado,,,,,AUA1 - AUTOMOTORES CARTERA GENERAL,855842,,6991377,Contacto del tercero,,,,'2016-11-11 08:28:47','2016-11-11 08:28:47','2016-11-11 08:28:47',Atendido,,
161111-350782,,Incidente importado desde SAC,,Gerencia Clientes,Usuario Importador,Telemarketing,,Consulta,Solucionado,,,,,AUA1 - AUTOMOTORES CARTERA GENERAL,855843,,7396125,Certificado de cobertura,,,,'2016-11-11 08:28:47','2016-11-11 08:28:47','2016-11-11 08:28:47',Atendido,,
161111-350784,,Incidente importado desde SAC,,Cac,Usuario Importador,Carta Documento,,Consulta,Solucionado,,,,,APL1 - AUTOMOTORES PLANES,855845,,4792631,Certificado de cobertura,,,,'2016-11-11 08:28:47','2016-11-11 08:28:47','2016-11-11 08:28:47',Atendido,,
161111-350774,,Incidente importado desde SAC,,Cac,Usuario Importador,Carta Documento,,Consulta,Solucionado,,,,,HOM1 - SEGURO DEL HOGAR,855835,,2716414,Post - Denuncia,,,,'2016-11-11 08:28:46','2016-11-11 08:28:46','2016-11-11 08:28:46',Atendido,,
161111-350756,,Incidente importado desde SAC,,Mailing,Usuario Importador,Telemarketing,,Reclamo,Solucionado,,,,,AUS1 - AUTOMOTORES,855817,,2332859,Cupón de pago,,,,'2016-11-11 08:28:45','2016-11-11 08:28:45','2016-11-11 08:28:45',Resuelto,,
161111-350763,,Incidente importado desde SAC,,Cac,Usuario Importador,Telemarketing,,Consulta,Solucionado,,,,,AUS1 - AUTOMOTORES,855824,,7534065,Condiciones de póliza,,,,'2016-11-11 08:28:45','2016-11-11 08:28:45','2016-11-11 08:28:45',Atendido,,
161111-350751,,Incidente importado desde SAC,,Mailing,Usuario Importador,Telemarketing,,Reclamo,Solucionado,,,,,AUS1 - AUTOMOTORES,855812,,3116805,Cupón de pago,,,,'2016-11-11 08:28:44','2016-11-11 08:28:44','2016-11-11 08:28:44',Resuelto,,
161111-350741,,Incidente importado desde SAC,,Cac,Usuario Importador,Telemarketing,,Consulta,Solucionado,,,,,ATD1 - ROBO/USUAR.T.DEB-CRE,855802,,2691341,Baja de póliza,,,,'2016-11-11 08:28:43','2016-11-11 08:28:43','2016-11-11 08:28:43',Atendido,,
161111-350742,,Incidente importado desde SAC,,Cac,Usuario Importador,Telemarketing,,Consulta,Solucionado,,,,,EGE1 - EXT.GARANTIA ELECTRO,855803,,3479077,Atenc. Serv. Tecn (Stro ext. de gtías),,,,'2016-11-11 08:28:43','2016-11-11 08:28:43','2016-11-11 08:28:43',Atendido,,
161111-350726,,Incidente importado desde SAC,,Cac,Usuario Importador,Telemarketing,,Consulta,Solucionado,,,,,AUS1 - AUTOMOTORES,855787,,7469197,Post - Denuncia,,,,'2016-11-11 08:28:40','2016-11-11 08:28:40','2016-11-11 08:28:40',Atendido,,
161111-350703,,Incidente importado desde SAC,,Cac,Usuario Importador,Telemarketing,,Consulta,Solucionado,,,,,APL1 - AUTOMOTORES PLANES,855764,,724021,Post - Denuncia,,,,'2016-11-11 08:28:39','2016-11-11 08:28:39','2016-11-11 08:28:39',Atendido,,
161111-350710,,Incidente importado desde SAC,,Cac,Usuario Importador,Carta Documento,,Consulta,Solucionado,,,,,AUS1 - AUTOMOTORES,855771,,7438474,Certificado de cobertura,,,,'2016-11-11 08:28:39','2016-11-11 08:28:39','2016-11-11 08:28:39',Atendido,,
161111-350712,,Incidente importado desde SAC,,Cac,Usuario Importador,Telemarketing,,Reclamo,Solucionado,,,,,AUS1 - AUTOMOTORES,855773,,3891382,Contacto del tercero,,,,'2016-11-11 08:28:39','2016-11-11 08:28:39','2016-11-11 08:28:39',Anulado,,
161111-350714,,Incidente importado desde SAC,,Emisión Masivos,Usuario Importador,Telemarketing,,Consulta,Solucionado,,,,,HOM1 - SEGURO DEL HOGAR,855775,,1940220,Baja de póliza,,,,'2016-11-11 08:28:39','2016-11-11 08:28:39','2016-11-11 08:28:39',Atendido,,
161111-350691,,Incidente importado desde SAC,,Cac,Usuario Importador,Carta Documento,,Consulta,Solucionado,,,,,APR1 - AUTOMOTORES,855752,,2981340,Certificado de cobertura,,,,'2016-11-11 08:28:38','2016-11-11 08:28:38','2016-11-11 08:28:38',Atendido,,
161111-350696,,Incidente importado desde SAC,,Cac,Usuario Importador,Telemarketing,,Consulta,Solucionado,,,,,AUS1 - AUTOMOTORES,855757,,6617313,Post - Denuncia,,,,'2016-11-11 08:28:38','2016-11-11 08:28:38','2016-11-11 08:28:38',Atendido,,
161111-350681,,Incidente importado desde SAC,,Cac,Usuario Importador,Telemarketing,,Consulta,Solucionado,,,,,AUS1 - AUTOMOTORES,855742,,4451340,Post - Denuncia,,,,'2016-11-11 08:28:37','2016-11-11 08:28:37','2016-11-11 08:28:37',Atendido,,
161111-350685,,Incidente importado desde SAC,,Cac,Usuario Importador,Telemarketing,,Consulta,Solucionado,,,,,AUS1 - AUTOMOTORES,855746,,559590,Post - Denuncia,,,,'2016-11-11 08:28:37','2016-11-11 08:28:37','2016-11-11 08:28:37',Atendido,,
161111-350674,,Incidente importado desde SAC,,Fleet Services,Usuario Importador,Telemarketing,,Consulta,Solucionado,,,,,AUS1 - AUTOMOTORES,855735,,6097763,Contacto del tercero,,,,'2016-11-11 08:28:36','2016-11-11 08:28:36','2016-11-11 08:28:36',Atendido,,
161111-350679,,Incidente importado desde SAC,,Cac,Usuario Importador,Telemarketing,,Consulta,Solucionado,,,,,AUI1 - AUTOMOTORES INSTITUCIONES,855740,,6505997,Facturación,,,,'2016-11-11 08:28:36','2016-11-11 08:28:36','2016-11-11 08:28:36',Atendido,,
161111-350657,,Incidente importado desde SAC,,Emisión Masivos,Usuario Importador,Telemarketing,,Consulta,Solucionado,,,,,AUS1 - AUTOMOTORES,855718,,3386366,Baja de póliza,,,,'2016-11-11 08:28:35','2016-11-11 08:28:35','2016-11-11 08:28:35',Atendido,,
161111-350659,,Incidente importado desde SAC,,Cac,Usuario Importador,Telemarketing,,Consulta,Solucionado,,,,,ATD1 - ROBO/USUAR.T.DEB-CRE,855720,,3709085,Baja de póliza,,,,'2016-11-11 08:28:35','2016-11-11 08:28:35','2016-11-11 08:28:35',Atendido,,
161111-350638,,Incidente importado desde SAC,,Cac,Usuario Importador,Carta Documento,,Consulta,Solucionado,,,,,AUI1 - AUTOMOTORES INSTITUCIONES,855699,,3102278,Certificado de cobertura,,,,'2016-11-11 08:28:34','2016-11-11 08:28:34','2016-11-11 08:28:34',Atendido,,
161111-350640,,Incidente importado desde SAC,,Cac,Usuario Importador,Telemarketing,,Consulta,Solucionado,,,,,AUS1 - AUTOMOTORES,855701,,4517017,Modificaciones scoring,,,,'2016-11-11 08:28:34','2016-11-11 08:28:34','2016-11-11 08:28:34',Atendido,,
161111-350641,,Incidente importado desde SAC,,Cac,Usuario Importador,Telemarketing,,Consulta,Solucionado,,,,,AUI1 - AUTOMOTORES INSTITUCIONES,855702,,2484590,Facturación,,,,'2016-11-11 08:28:34','2016-11-11 08:28:34','2016-11-11 08:28:34',Atendido,,
161111-350649,,Incidente importado desde SAC,,Cac,Usuario Importador,Telemarketing,,Consulta,Solucionado,,,,,APR1 - AUTOMOTORES,855710,,3512119,Post - Denuncia,,,,'2016-11-11 08:28:34','2016-11-11 08:28:34','2016-11-11 08:28:34',Atendido,,
161111-350630,,Incidente importado desde SAC,,Emisión Masivos,Usuario Importador,Telemarketing,,Consulta,Solucionado,,,,,AUS1 - AUTOMOTORES,855691,,803929,Baja de póliza,,,,'2016-11-11 08:28:33','2016-11-11 08:28:33','2016-11-11 08:28:33',Atendido,,
161111-350632,,Incidente importado desde SAC,,Mailing,Usuario Importador,Telemarketing,,Reclamo,Solucionado,,,,,AUS1 - AUTOMOTORES,855693,,7688502,Cupón de pago,,,,'2016-11-11 08:28:33','2016-11-11 08:28:33','2016-11-11 08:28:33',Resuelto,,
161111-350615,,Incidente importado desde SAC,,Cac,Usuario Importador,Telemarketing,,Consulta,Solucionado,,,,,ATD1 - ROBO/USUAR.T.DEB-CRE,855677,,3871633,Baja de póliza,,,,'2016-11-11 08:28:32','2016-11-11 08:28:32','2016-11-11 08:28:32',Atendido,,
161111-350619,,Incidente importado desde SAC,,Robo / Destruccion Total,Usuario Importador,Carta,,Consulta,Solucionado,,,,,AUT1 - AUTOMOTORES,855681,,3950752,Siniestro Jet,,,,'2016-11-11 08:28:32','2016-11-11 08:28:32','2016-11-11 08:28:32',Resuelto,,
161111-350620,,Incidente importado desde SAC,,Cac,Usuario Importador,Telemarketing,,Consulta,Solucionado,,,,,AUS1 - AUTOMOTORES,855682,,5301492,Facturación,,,,'2016-11-11 08:28:32','2016-11-11 08:28:32','2016-11-11 08:28:32',Atendido,,
161111-350621,,Incidente importado desde SAC,,Cac,Usuario Importador,Telemarketing,,Consulta,Solucionado,,,,,APR1 - AUTOMOTORES,855683,,6208469,Modificaciones datos del producto,,,,'2016-11-11 08:28:32','2016-11-11 08:28:32','2016-11-11 08:28:32',Atendido,,
161111-350622,,Incidente importado desde SAC,,Cac,Usuario Importador,Carta Documento,,Consulta,Solucionado,,,,,AUI1 - AUTOMOTORES INSTITUCIONES,855684,,3391090,Certificado de cobertura,,,,'2016-11-11 08:28:32','2016-11-11 08:28:32','2016-11-11 08:28:32',Atendido,,
161111-350604,,Incidente importado desde SAC,,Riesgos Varios Casa Central,Usuario Importador,Telemarketing,,Reclamo,Solucionado,,,,,HOM1 - SEGURO DEL HOGAR,855666,,4439666,Riesgos Varios Casa Central,,,,'2016-11-11 08:28:31','2016-11-11 08:28:31','2016-11-11 08:28:31',Resuelto,,
161111-350610,,Incidente importado desde SAC,,Mailing,Usuario Importador,Telemarketing,,Reclamo,Solucionado,,,,,AUS1 - AUTOMOTORES,855672,,6161207,Cupón de pago,,,,'2016-11-11 08:28:31','2016-11-11 08:28:31','2016-11-11 08:28:31',Resuelto,,
161111-350612,,Incidente importado desde SAC,,Cac,Usuario Importador,Telemarketing,,Consulta,Solucionado,,,,,AUI1 - AUTOMOTORES INSTITUCIONES,855674,,6416272,Facturación,,,,'2016-11-11 08:28:31','2016-11-11 08:28:31','2016-11-11 08:28:31',Atendido,,
161111-350596,,Incidente importado desde SAC,,Cac,Usuario Importador,Telemarketing,,Consulta,Solucionado,,,,,AUS1 - AUTOMOTORES,855658,,157721,Bonificación,,,,'2016-11-11 08:28:29','2016-11-11 08:28:29','2016-11-11 08:28:29',Atendido,,
161111-350586,,Incidente importado desde SAC,,Emisión Masivos,Usuario Importador,Telemarketing,,Consulta,Solucionado,,,,,AUS1 - AUTOMOTORES,855648,,2244531,Baja de póliza,,,,'2016-11-11 08:28:27','2016-11-11 08:28:27','2016-11-11 08:28:27',Atendido,,
161111-350590,,Incidente importado desde SAC,,Gerencia Clientes,Usuario Importador,Telemarketing,,Disconformidad,Solucionado,,,,,HOM1 - SEGURO DEL HOGAR,855652,,5794488,Condiciones de póliza,,,,'2016-11-11 08:28:27','2016-11-11 08:28:27','2016-11-11 08:28:27',Atendido,,
161111-350565,,Incidente importado desde SAC,,Cac,Usuario Importador,Telemarketing,,Consulta,Solucionado,,,,,HOM1 - SEGURO DEL HOGAR,855627,,3655810,Facturación,,,,'2016-11-11 08:28:26','2016-11-11 08:28:26','2016-11-11 08:28:26',Atendido,,
161111-350567,,Incidente importado desde SAC,,Emisión Masivos,Usuario Importador,Telemarketing,,Consulta,Solucionado,,,,,AUS1 - AUTOMOTORES,855629,,4473939,Baja de póliza,,,,'2016-11-11 08:28:26','2016-11-11 08:28:26','2016-11-11 08:28:26',Atendido,,
161111-350569,,Incidente importado desde SAC,,Emisión Masivos,Usuario Importador,Telemarketing,,Consulta,Solucionado,,,,,HOM1 - SEGURO DEL HOGAR,855631,,3469898,Baja de póliza,,,,'2016-11-11 08:28:26','2016-11-11 08:28:26','2016-11-11 08:28:26',Atendido,,
161111-350572,,Incidente importado desde SAC,,Cac,Usuario Importador,Telemarketing,,Consulta,Solucionado,,,,,AUS1 - AUTOMOTORES,855634,,2679650,Cupón de pago,,,,'2016-11-11 08:28:26','2016-11-11 08:28:26','2016-11-11 08:28:26',Atendido,,
161111-350573,,Incidente importado desde SAC,,Fleet Services,Usuario Importador,Telemarketing,,Consulta,Solucionado,,,,,AUA1 - AUTOMOTORES CARTERA GENERAL,855635,,4575246,Contacto del tercero,,,,'2016-11-11 08:28:26','2016-11-11 08:28:26','2016-11-11 08:28:26',Atendido,,
161111-350576,,Incidente importado desde SAC,,Mailing,Usuario Importador,Telemarketing,,Reclamo,Solucionado,,,,,HOM1 - SEGURO DEL HOGAR,855638,,3517212,Cupón de pago,,,,'2016-11-11 08:28:26','2016-11-11 08:28:26','2016-11-11 08:28:26',Resuelto,,
161111-350554,,Incidente importado desde SAC,,Emisión Masivos,Usuario Importador,Telemarketing,,Consulta,Solucionado,,,,,HOM1 - SEGURO DEL HOGAR,855616,,7513347,Baja de póliza,,,,'2016-11-11 08:28:25','2016-11-11 08:28:25','2016-11-11 08:28:25',Atendido,,
161111-350557,,Incidente importado desde SAC,,Cac,Usuario Importador,Carta Documento,,Consulta,Solucionado,,,,,AUI1 - AUTOMOTORES INSTITUCIONES,855619,,3194380,Post - Denuncia,,,,'2016-11-11 08:28:25','2016-11-11 08:28:25','2016-11-11 08:28:25',Atendido,,
161111-350563,,Incidente importado desde SAC,,Cac,Usuario Importador,Telemarketing,,Consulta,Solucionado,,,,,APR1 - AUTOMOTORES,855625,,1013781,Modificaciones datos del producto,,,,'2016-11-11 08:28:25','2016-11-11 08:28:25','2016-11-11 08:28:25',Atendido,,
161111-350549,,Incidente importado desde SAC,,Cac,Usuario Importador,Telemarketing,,Consulta,Solucionado,,,,,HOC1 - SEGURO DEL HOGAR,855611,,1332573,Cartera general,,,,'2016-11-11 08:28:24','2016-11-11 08:28:24','2016-11-11 08:28:24',Atendido,,
161111-350550,,Incidente importado desde SAC,,Cac,Usuario Importador,Carta Documento,,Consulta,Solucionado,,,,,AUS1 - AUTOMOTORES,855612,,1775247,Certificado de cobertura,,,,'2016-11-11 08:28:24','2016-11-11 08:28:24','2016-11-11 08:28:24',Atendido,,
161111-350551,,Incidente importado desde SAC,,Cac,Usuario Importador,Carta Documento,,Consulta,Solucionado,,,,,ATD1 - ROBO/USUAR.T.DEB-CRE,855613,,3525984,Baja de póliza,,,,'2016-11-11 08:28:24','2016-11-11 08:28:24','2016-11-11 08:28:24',Atendido,,
161111-350552,,Incidente importado desde SAC,,Emisión Masivos,Usuario Importador,Telemarketing,,Consulta,Solucionado,,,,,HOM1 - SEGURO DEL HOGAR,855614,,7851040,Baja de póliza,,,,'2016-11-11 08:28:24','2016-11-11 08:28:24','2016-11-11 08:28:24',Atendido,,
161111-350528,,Incidente importado desde SAC,,Cac,Usuario Importador,Telemarketing,,Consulta,Solucionado,,,,,AUS1 - AUTOMOTORES,855590,,3411097,Facturación,,,,'2016-11-11 08:28:23','2016-11-11 08:28:23','2016-11-11 08:28:23',Atendido,,
161111-350529,,Incidente importado desde SAC,,Cac,Usuario Importador,Carta Documento,,Consulta,Solucionado,,,,,AUS1 - AUTOMOTORES,855591,,253857,Certificado de cobertura,,,,'2016-11-11 08:28:23','2016-11-11 08:28:23','2016-11-11 08:28:23',Atendido,,
161111-350533,,Incidente importado desde SAC,,Cac,Usuario Importador,Telemarketing,,Consulta,Solucionado,,,,,APL1 - AUTOMOTORES PLANES,855595,,3473407,Facturación,,,,'2016-11-11 08:28:23','2016-11-11 08:28:23','2016-11-11 08:28:23',Atendido,,
161111-350534,,Incidente importado desde SAC,,Daños Materiales Autos,Usuario Importador,Carta,,Consulta,Solucionado,,,,,AUI1 - AUTOMOTORES INSTITUCIONES,855596,,3098098,Siniestro Jet,,,,'2016-11-11 08:28:23','2016-11-11 08:28:23','2016-11-11 08:28:23',Resuelto,,
161111-350514,,Incidente importado desde SAC,,Cac,Usuario Importador,Carta Documento,,Consulta,Solucionado,,,,,AUS1 - AUTOMOTORES,855576,,7079920,Certificado de cobertura,,,,'2016-11-11 08:28:22','2016-11-11 08:28:22','2016-11-11 08:28:22',Atendido,,
161111-350515,,Incidente importado desde SAC,,,Usuario Importador,Telemarketing,,Consulta,Solucionado,,,,,AUI1 - AUTOMOTORES INSTITUCIONES,855577,,6218900,Baja de póliza,,,,'2016-11-11 08:28:22','2016-11-11 08:28:22','2016-11-11 08:28:22',Atendido,,
161111-350518,,Incidente importado desde SAC,,Cac,Usuario Importador,Telemarketing,,Consulta,Solucionado,,,,,APR1 - AUTOMOTORES,855580,,5224045,Post - Denuncia,,,,'2016-11-11 08:28:22','2016-11-11 08:28:22','2016-11-11 08:28:22',Atendido,,
161111-350500,,Incidente importado desde SAC,,Emisión Masivos,Usuario Importador,Telemarketing,,Consulta,Solucionado,,,,,HOM1 - SEGURO DEL HOGAR,855562,,2998513,Baja de póliza,,,,'2016-11-11 08:28:21','2016-11-11 08:28:21','2016-11-11 08:28:21',Atendido,,
161111-350507,,Incidente importado desde SAC,,Cac,Usuario Importador,Telemarketing,,Consulta,Solucionado,,,,,AUS1 - AUTOMOTORES,855569,,1884951,Facturación,,,,'2016-11-11 08:28:21','2016-11-11 08:28:21','2016-11-11 08:28:21',Atendido,,
161111-350513,,Incidente importado desde SAC,,Cac,Usuario Importador,Carta Documento,,Consulta,Solucionado,,,,,APL1 - AUTOMOTORES PLANES,855575,,5576254,Certificado de cobertura,,,,'2016-11-11 08:28:21','2016-11-11 08:28:21','2016-11-11 08:28:21',Atendido,,
161111-350484,,Incidente importado desde SAC,,Cac,Usuario Importador,Telemarketing,,Consulta,Solucionado,,,,,AUS1 - AUTOMOTORES,855546,,5261622,Facturación,,,,'2016-11-11 08:28:20','2016-11-11 08:28:20','2016-11-11 08:28:20',Atendido,,
161111-350486,,Incidente importado desde SAC,,Cac,Usuario Importador,Carta Documento,,Consulta,Solucionado,,,,,APL1 - AUTOMOTORES PLANES,855548,,3415125,Certificado de cobertura,,,,'2016-11-11 08:28:20','2016-11-11 08:28:20','2016-11-11 08:28:20',Atendido,,
161111-350489,,Incidente importado desde SAC,,Fleet Services,Usuario Importador,Telemarketing,,Consulta,Solucionado,,,,,AUS1 - AUTOMOTORES,855551,,7694721,Contacto del tercero,,,,'2016-11-11 08:28:20','2016-11-11 08:28:20','2016-11-11 08:28:20',Atendido,,
161111-350491,,Incidente importado desde SAC,,Cac,Usuario Importador,Telemarketing,,Consulta,Solucionado,,,,,APL1 - AUTOMOTORES PLANES,855553,,2849664,Post - Denuncia,,,,'2016-11-11 08:28:20','2016-11-11 08:28:20','2016-11-11 08:28:20',Atendido,,
161111-350496,,Incidente importado desde SAC,,Gerencia Clientes,Usuario Importador,Telemarketing,,Reclamo,Solucionado,,,,,AUS1 - AUTOMOTORES,855558,,4019091,Certificado de cobertura,,,,'2016-11-11 08:28:20','2016-11-11 08:28:20','2016-11-11 08:28:20',Resuelto,,
161111-350479,,Incidente importado desde SAC,,Cac,Usuario Importador,Carta Documento,,Consulta,Solucionado,,,,,AUS1 - AUTOMOTORES,855541,,3835555,Certificado de cobertura,,,,'2016-11-11 08:28:19','2016-11-11 08:28:19','2016-11-11 08:28:19',Atendido,,
161111-350480,,Incidente importado desde SAC,,Cac,Usuario Importador,Carta Documento,,Consulta,Solucionado,,,,,AUI1 - AUTOMOTORES INSTITUCIONES,855542,,2139195,Certificado de cobertura,,,,'2016-11-11 08:28:19','2016-11-11 08:28:19','2016-11-11 08:28:19',Atendido,,
161111-350462,,Incidente importado desde SAC,,Cac,Usuario Importador,Carta Documento,,Consulta,Solucionado,,,,,AUS1 - AUTOMOTORES,855524,,3160777,Condiciones de póliza,,,,'2016-11-11 08:28:18','2016-11-11 08:28:18','2016-11-11 08:28:18',Atendido,,
161111-350464,,Incidente importado desde SAC,,Cac,Usuario Importador,Telemarketing,,Consulta,Solucionado,,,,,AUS1 - AUTOMOTORES,855526,,6892312,Post - Denuncia,,,,'2016-11-11 08:28:18','2016-11-11 08:28:18','2016-11-11 08:28:18',Atendido,,
161111-350465,,Incidente importado desde SAC,,Cac,Usuario Importador,Telemarketing,,Consulta,Solucionado,,,,,HOM1 - SEGURO DEL HOGAR,855527,,2772211,Post - Denuncia,,,,'2016-11-11 08:28:18','2016-11-11 08:28:18','2016-11-11 08:28:18',Atendido,,
161111-350467,,Incidente importado desde SAC,,Cac,Usuario Importador,Telemarketing,,Consulta,Solucionado,,,,,APL1 - AUTOMOTORES PLANES,855529,,1361437,Facturación,,,,'2016-11-11 08:28:18','2016-11-11 08:28:18','2016-11-11 08:28:18',Atendido,,
161111-350468,,Incidente importado desde SAC,,Cac,Usuario Importador,Telemarketing,,Consulta,Solucionado,,,,,APR1 - AUTOMOTORES,855530,,6753479,Post - Denuncia,,,,'2016-11-11 08:28:18','2016-11-11 08:28:18','2016-11-11 08:28:18',Atendido,,
161111-350469,,Incidente importado desde SAC,,Gerencia Clientes,Usuario Importador,Carta Documento,,Consulta,Solucionado,,,,,AUA1 - AUTOMOTORES CARTERA GENERAL,855531,,3533827,Certificado de cobertura,,,,'2016-11-11 08:28:18','2016-11-11 08:28:18','2016-11-11 08:28:18',Atendido,,
161111-349052,,,,Emisión Masivos,Fiorella Beltrami,Llamada entrante,,Consulta,Solucionado,,,45805,,AUS1 - AUTOMOTORES,855514,,4944901,Venta,,,,'2016-11-11 08:28:17','2016-11-11 08:28:17','2016-11-11 08:28:17',Atendido,,
161111-350457,,Incidente importado desde SAC,,Robo / Destruccion Total,Usuario Importador,Carta,,Consulta,Solucionado,,,,,AUS1 - AUTOMOTORES,855519,,2852755,Siniestro Jet (Cobertura),,,,'2016-11-11 08:28:17','2016-11-11 08:28:17','2016-11-11 08:28:17',Resuelto,,
161111-350450,,Incidente importado desde SAC,,Cac,Usuario Importador,Telemarketing,,Consulta,Solucionado,,,,,AUS1 - AUTOMOTORES,855511,,4567167,Post - Denuncia,,,,'2016-11-11 08:28:15','2016-11-11 08:28:15','2016-11-11 08:28:15',Atendido,,
161111-350440,,Incidente importado desde SAC,,Fleet Services,Usuario Importador,Carta Documento,,Consulta,Solucionado,,,,,AUT1 - AUTOMOTORES,855501,,3249324,Contacto del tercero,,,,'2016-11-11 08:28:14','2016-11-11 08:28:14','2016-11-11 08:28:14',Resuelto,,
161111-350442,,Incidente importado desde SAC,,Cac,Usuario Importador,Telemarketing,,Consulta,Solucionado,,,,,AUA1 - AUTOMOTORES CARTERA GENERAL,855503,,1325644,Denuncia daños materiales,,,,'2016-11-11 08:28:14','2016-11-11 08:28:14','2016-11-11 08:28:14',Atendido,,
161111-350443,,Incidente importado desde SAC,,Mailing,Usuario Importador,Telemarketing,,Reclamo,Solucionado,,,,,AUS1 - AUTOMOTORES,855504,,2731901,Cupón de pago,,,,'2016-11-11 08:28:14','2016-11-11 08:28:14','2016-11-11 08:28:14',Resuelto,,
161111-350445,,Incidente importado desde SAC,,Cac,Usuario Importador,Telemarketing,,Reclamo,Solucionado,,,,,HOM1 - SEGURO DEL HOGAR,855506,,2969181,Facturación,,,,'2016-11-11 08:28:14','2016-11-11 08:28:14','2016-11-11 08:28:14',No Procedente,,
161111-350446,,Incidente importado desde SAC,,Fleet Services,Usuario Importador,Telemarketing,,Reclamo,Solucionado,,,,,AUT1 - AUTOMOTORES,855507,,1332331,Contacto del tercero,,,,'2016-11-11 08:28:14','2016-11-11 08:28:14','2016-11-11 08:28:14',Resuelto,,
161111-350426,,Incidente importado desde SAC,,Cac,Usuario Importador,Telemarketing,,Consulta,Solucionado,,,,,AUS1 - AUTOMOTORES,855487,,6506802,Bonificación,,,,'2016-11-11 08:28:13','2016-11-11 08:28:13','2016-11-11 08:28:13',Atendido,,
161111-350427,,Incidente importado desde SAC,,Cac,Usuario Importador,Telemarketing,,Consulta,Solucionado,,,,,APL1 - AUTOMOTORES PLANES,855488,,7844731,Post - Denuncia,,,,'2016-11-11 08:28:13','2016-11-11 08:28:13','2016-11-11 08:28:13',Atendido,,
161111-350412,,Incidente importado desde SAC,,Cac,Usuario Importador,Telemarketing,,Consulta,Solucionado,,,,,AUS1 - AUTOMOTORES,855473,,3923966,Facturación,,,,'2016-11-11 08:28:12','2016-11-11 08:28:12','2016-11-11 08:28:12',Atendido,,
161111-350413,,Incidente importado desde SAC,,Prestadores,Usuario Importador,Carta Documento,,Consulta,Solucionado,,,,,HOM1 - SEGURO DEL HOGAR,855474,,3490281,Reintegro Ibero,,,,'2016-11-11 08:28:12','2016-11-11 08:28:12','2016-11-11 08:28:12',Atendido,,
161111-350414,,Incidente importado desde SAC,,Cac,Usuario Importador,Telemarketing,,Consulta,Solucionado,,,,,APR1 - AUTOMOTORES,855475,,553030,Modificaciones datos del producto,,,,'2016-11-11 08:28:12','2016-11-11 08:28:12','2016-11-11 08:28:12',Atendido,,
161111-350416,,Incidente importado desde SAC,,,Usuario Importador,Carta Documento,,Consulta,Solucionado,,,,,AUI1 - AUTOMOTORES INSTITUCIONES,855477,,3424004,Baja de póliza,,,,'2016-11-11 08:28:12','2016-11-11 08:28:12','2016-11-11 08:28:12',Atendido,,
161111-350417,,Incidente importado desde SAC,,Cac,Usuario Importador,Telemarketing,,Consulta,Solucionado,,,,,HOM1 - SEGURO DEL HOGAR,855478,,540090,Post - Denuncia,,,,'2016-11-11 08:28:12','2016-11-11 08:28:12','2016-11-11 08:28:12',Atendido,,
161111-350419,,Incidente importado desde SAC,,Mailing,Usuario Importador,Telemarketing,,Reclamo,Solucionado,,,,,AUS1 - AUTOMOTORES,855480,,322681,Cupón de pago,,,,'2016-11-11 08:28:12','2016-11-11 08:28:12','2016-11-11 08:28:12',Resuelto,,
161111-350423,,Incidente importado desde SAC,,Cac,Usuario Importador,Telemarketing,,Consulta,Solucionado,,,,,HOM1 - SEGURO DEL HOGAR,855484,,1298425,Facturación,,,,'2016-11-11 08:28:12','2016-11-11 08:28:12','2016-11-11 08:28:12',Atendido,,
161111-350396,,Incidente importado desde SAC,,Cac,Usuario Importador,Telemarketing,,Consulta,Solucionado,,,,,AUS1 - AUTOMOTORES,855457,,6668257,Facturación,,,,'2016-11-11 08:28:11','2016-11-11 08:28:11','2016-11-11 08:28:11',Atendido,,
161111-350400,,Incidente importado desde SAC,,Cac,Usuario Importador,Telemarketing,,Consulta,Solucionado,,,,,AUS1 - AUTOMOTORES,855461,,5706649,Cupón de pago,,,,'2016-11-11 08:28:11','2016-11-11 08:28:11','2016-11-11 08:28:11',Atendido,,
161111-350386,,Incidente importado desde SAC,,Cac,Usuario Importador,Carta Documento,,Consulta,Solucionado,,,,,AUS1 - AUTOMOTORES,855447,,3614850,Modificación datos personales,,,,'2016-11-11 08:28:10','2016-11-11 08:28:10','2016-11-11 08:28:10',Atendido,,
161111-350390,,Incidente importado desde SAC,,Cac,Usuario Importador,Telemarketing,,Consulta,Solucionado,,,,,AUS1 - AUTOMOTORES,855451,,3416613,Facturación,,,,'2016-11-11 08:28:10','2016-11-11 08:28:10','2016-11-11 08:28:10',Atendido,,
161111-350391,,Incidente importado desde SAC,,Fleet Services,Usuario Importador,Telemarketing,,Consulta,Solucionado,,,,,AUS1 - AUTOMOTORES,855452,,5058589,Contacto del tercero,,,,'2016-11-11 08:28:10','2016-11-11 08:28:10','2016-11-11 08:28:10',Atendido,,
161111-350393,,Incidente importado desde SAC,,Emisión Masivos,Usuario Importador,Carta Documento,,Consulta,Solucionado,,,,,AUS1 - AUTOMOTORES,855454,,3877904,Baja de póliza,,,,'2016-11-11 08:28:10','2016-11-11 08:28:10','2016-11-11 08:28:10',Atendido,,
161111-350394,,Incidente importado desde SAC,,Cac,Usuario Importador,Telemarketing,,Consulta,Solucionado,,,,,AUS1 - AUTOMOTORES,855455,,3424287,Facturación,,,,'2016-11-11 08:28:10','2016-11-11 08:28:10','2016-11-11 08:28:10',Atendido,,
161111-350373,,Incidente importado desde SAC,,Emisión Masivos,Usuario Importador,Telemarketing,,Consulta,Solucionado,,,,,AUS1 - AUTOMOTORES,855434,,181908,Baja de póliza,,,,'2016-11-11 08:28:09','2016-11-11 08:28:09','2016-11-11 08:28:09',Atendido,,
161111-350361,,Incidente importado desde SAC,,Cac,Usuario Importador,Telemarketing,,Consulta,Solucionado,,,,,AUS1 - AUTOMOTORES,855422,,1119095,Facturación,,,,'2016-11-11 08:28:08','2016-11-11 08:28:08','2016-11-11 08:28:08',Atendido,,
161111-350362,,Incidente importado desde SAC,,Gerencia Clientes,Usuario Importador,Telemarketing,,Reclamo,Solucionado,,,,,ATD1 - ROBO/USUAR.T.DEB-CRE,855423,,3430856,Venta con anomalías,,,,'2016-11-11 08:28:08','2016-11-11 08:28:08','2016-11-11 08:28:08',Resuelto,,
161111-350363,,Incidente importado desde SAC,,Mailing,Usuario Importador,Telemarketing,,Reclamo,Solucionado,,,,,AUS1 - AUTOMOTORES,855424,,1063311,Cupón de pago,,,,'2016-11-11 08:28:08','2016-11-11 08:28:08','2016-11-11 08:28:08',Resuelto,,
161111-350364,,Incidente importado desde SAC,,Cac,Usuario Importador,Telemarketing,,Consulta,Solucionado,,,,,AUS1 - AUTOMOTORES,855425,,7642993,Post - Denuncia,,,,'2016-11-11 08:28:08','2016-11-11 08:28:08','2016-11-11 08:28:08',Atendido,,
161111-350365,,Incidente importado desde SAC,,Mailing,Usuario Importador,Telemarketing,,Reclamo,Solucionado,,,,,AUS1 - AUTOMOTORES,855426,,3458665,Cupón de pago,,,,'2016-11-11 08:28:08','2016-11-11 08:28:08','2016-11-11 08:28:08',Resuelto,,
161111-350370,,Incidente importado desde SAC,,Fleet Services,Usuario Importador,Telemarketing,,Consulta,Solucionado,,,,,AUT1 - AUTOMOTORES,855431,,3244299,Contacto del tercero,,,,'2016-11-11 08:28:08','2016-11-11 08:28:08','2016-11-11 08:28:08',Atendido,,
161111-350352,,Incidente importado desde SAC,,Cac,Usuario Importador,Telemarketing,,Consulta,Solucionado,,,,,AUS1 - AUTOMOTORES,855413,,7521279,Post - Denuncia,,,,'2016-11-11 08:28:07','2016-11-11 08:28:07','2016-11-11 08:28:07',Atendido,,
161111-350353,,Incidente importado desde SAC,,Cac,Usuario Importador,Telemarketing,,Consulta,Solucionado,,,,,AUS1 - AUTOMOTORES,855414,,2929887,Facturación,,,,'2016-11-11 08:28:07','2016-11-11 08:28:07','2016-11-11 08:28:07',Atendido,,
161111-350339,,Incidente importado desde SAC,,Cac,Usuario Importador,Telemarketing,,Consulta,Solucionado,,,,,AUS1 - AUTOMOTORES,855400,,6122417,Facturación,,,,'2016-11-11 08:28:06','2016-11-11 08:28:06','2016-11-11 08:28:06',Atendido,,
161111-350340,,Incidente importado desde SAC,,Fleet Services,Usuario Importador,Telemarketing,,Consulta,Solucionado,,,,,AUT1 - AUTOMOTORES,855401,,1872965,Contacto del tercero,,,,'2016-11-11 08:28:06','2016-11-11 08:28:06','2016-11-11 08:28:06',Resuelto,,
161111-350345,,Incidente importado desde SAC,,Cac,Usuario Importador,Telemarketing,,Consulta,Solucionado,,,,,HOM1 - SEGURO DEL HOGAR,855406,,558103,Post - Denuncia,,,,'2016-11-11 08:28:06','2016-11-11 08:28:06','2016-11-11 08:28:06',Atendido,,
161111-350348,,Incidente importado desde SAC,,Drive in Ciudadela,Usuario Importador,Carta,,Consulta,Solucionado,,,,,AUI1 - AUTOMOTORES INSTITUCIONES,855409,,3434596,Siniestro Jet (Cobertura),,,,'2016-11-11 08:28:06','2016-11-11 08:28:06','2016-11-11 08:28:06',Resuelto,,
161111-350350,,Incidente importado desde SAC,,Cac,Usuario Importador,Telemarketing,,Consulta,Solucionado,,,,,APR1 - AUTOMOTORES,855411,,3891552,Certificado de cobertura,,,,'2016-11-11 08:28:06','2016-11-11 08:28:06','2016-11-11 08:28:06',Atendido,,
161111-350326,,Incidente importado desde SAC,,Cac,Usuario Importador,Telemarketing,,Consulta,Solucionado,,,,,AUS1 - AUTOMOTORES,855387,,7345209,Facturación,,,,'2016-11-11 08:28:05','2016-11-11 08:28:05','2016-11-11 08:28:05',Atendido,,
161111-350333,,Incidente importado desde SAC,,Cac,Usuario Importador,Telemarketing,,Consulta,Solucionado,,,,,HOM1 - SEGURO DEL HOGAR,855394,,3265427,Post - Denuncia,,,,'2016-11-11 08:28:05','2016-11-11 08:28:05','2016-11-11 08:28:05',Atendido,,
161111-350334,,Incidente importado desde SAC,,Cac,Usuario Importador,Carta Documento,,Consulta,Solucionado,,,,,AUI1 - AUTOMOTORES INSTITUCIONES,855395,,2705879,Recotización,,,,'2016-11-11 08:28:05','2016-11-11 08:28:05','2016-11-11 08:28:05',Atendido,,
161111-350335,,Incidente importado desde SAC,,Fleet Services,Usuario Importador,Telemarketing,,Reclamo,Solucionado,,,,,AUT1 - AUTOMOTORES,855396,,1768167,Contacto del tercero,,,,'2016-11-11 08:28:05','2016-11-11 08:28:05','2016-11-11 08:28:05',Resuelto,,
161111-350336,,Incidente importado desde SAC,,Cac,Usuario Importador,Telemarketing,,Consulta,Solucionado,,,,,AUS1 - AUTOMOTORES,855397,,5880909,Certificado de cobertura,,,,'2016-11-11 08:28:05','2016-11-11 08:28:05','2016-11-11 08:28:05',Atendido,,
161111-350337,,Incidente importado desde SAC,,Cac,Usuario Importador,Llamada entrante,,Consulta,Solucionado,,,,,APL1 - AUTOMOTORES PLANES,855398,,3440319,Denuncia daños materiales,,,,'2016-11-11 08:28:05','2016-11-11 08:28:05','2016-11-11 08:28:05',Atendido,,
161111-350315,,Incidente importado desde SAC,,Mailing,Usuario Importador,Carta Documento,,Reclamo,Solucionado,,,,,HOM1 - SEGURO DEL HOGAR,855376,,5821876,Certificado de cobertura,,,,'2016-11-11 08:28:04','2016-11-11 08:28:04','2016-11-11 08:28:04',Resuelto,,
161111-350319,,Incidente importado desde SAC,,Mailing,Usuario Importador,Telemarketing,,Reclamo,Solucionado,,,,,AUS1 - AUTOMOTORES,855380,,3543692,Cupón de pago,,,,'2016-11-11 08:28:04','2016-11-11 08:28:04','2016-11-11 08:28:04',Resuelto,,
161111-350305,,Incidente importado desde SAC,,Emisión Masivos,Usuario Importador,Carta Documento,,Consulta,Solucionado,,,,,AUS1 - AUTOMOTORES,855366,,1367333,Baja de póliza,,,,'2016-11-11 08:28:02','2016-11-11 08:28:02','2016-11-11 08:28:02',Atendido,,
161111-350307,,Incidente importado desde SAC,,Emisión Masivos,Usuario Importador,Telemarketing,,Consulta,Solucionado,,,,,HOM1 - SEGURO DEL HOGAR,855368,,3815274,Baja de póliza,,,,'2016-11-11 08:28:02','2016-11-11 08:28:02','2016-11-11 08:28:02',Atendido,,
161111-350310,,Incidente importado desde SAC,,Emisión Masivos,Usuario Importador,Telemarketing,,Consulta,Solucionado,,,,,AUS1 - AUTOMOTORES,855371,,7002203,Baja de póliza,,,,'2016-11-11 08:28:02','2016-11-11 08:28:02','2016-11-11 08:28:02',Atendido,,
161111-350283,,Incidente importado desde SAC,,Cac,Usuario Importador,Telemarketing,,Consulta,Solucionado,,,,,APR1 - AUTOMOTORES,855345,,4418483,Post - Denuncia,,,,'2016-11-11 08:28:01','2016-11-11 08:28:01','2016-11-11 08:28:01',Atendido,,
161111-350285,,Incidente importado desde SAC,,Mailing,Usuario Importador,Telemarketing,,Reclamo,Solucionado,,,,,AUS1 - AUTOMOTORES,855347,,2490019,Certificado de cobertura,,,,'2016-11-11 08:28:01','2016-11-11 08:28:01','2016-11-11 08:28:01',Resuelto,,
161111-350286,,Incidente importado desde SAC,,Cac,Usuario Importador,Telemarketing,,Consulta,Solucionado,,,,,APR1 - AUTOMOTORES,855348,,5190465,Post - Denuncia,,,,'2016-11-11 08:28:01','2016-11-11 08:28:01','2016-11-11 08:28:01',Atendido,,
161111-350289,,Incidente importado desde SAC,,Cac,Usuario Importador,Telemarketing,,Consulta,Solucionado,,,,,APR1 - AUTOMOTORES,855351,,3272502,Modificaciones datos del producto,,,,'2016-11-11 08:28:01','2016-11-11 08:28:01','2016-11-11 08:28:01',Atendido,,
161111-350291,,Incidente importado desde SAC,,Emisión Masivos,Usuario Importador,Carta Documento,,Consulta,Solucionado,,,,,RCP1 - R.C.PATRONAL,855353,,3455078,,,,,'2016-11-11 08:28:01','2016-11-11 08:28:01','2016-11-11 08:28:01',Atendido,,
161111-350292,,Incidente importado desde SAC,,Emisión Masivos,Usuario Importador,Telemarketing,,Consulta,Solucionado,,,,,AUS1 - AUTOMOTORES,855354,,7287433,Baja de póliza,,,,'2016-11-11 08:28:01','2016-11-11 08:28:01','2016-11-11 08:28:01',Atendido,,
161111-350294,,Incidente importado desde SAC,,Fleet Services,Usuario Importador,Telemarketing,,Consulta,Solucionado,,,,,AUA1 - AUTOMOTORES CARTERA GENERAL,855356,,1287792,Contacto del tercero,,,,'2016-11-11 08:28:01','2016-11-11 08:28:01','2016-11-11 08:28:01',Atendido,,
161111-350297,,Incidente importado desde SAC,,Cac,Usuario Importador,Carta Documento,,Consulta,Solucionado,,,,,AUI1 - AUTOMOTORES INSTITUCIONES,855359,,2382339,Certificado de cobertura,,,,'2016-11-11 08:28:01','2016-11-11 08:28:01','2016-11-11 08:28:01',Atendido,,
161111-350301,,Incidente importado desde SAC,,Cac,Usuario Importador,Carta Documento,,Consulta,Solucionado,,,,,AUI1 - AUTOMOTORES INSTITUCIONES,855363,,2705879,Certificado de cobertura,,,,'2016-11-11 08:28:01','2016-11-11 08:28:01','2016-11-11 08:28:01',Atendido,,
161111-350303,,Incidente importado desde SAC,,Cobranzas Automático,Usuario Importador,Telemarketing,,Consulta,Solucionado,,,,,AUS1 - AUTOMOTORES,855365,,3394129,Reintegro - Automático,,,,'2016-11-11 08:28:01','2016-11-11 08:28:01','2016-11-11 08:28:01',Atendido,,
161111-350273,,Incidente importado desde SAC,,Fleet Services,Usuario Importador,Telemarketing,,Consulta,Solucionado,,,,,AUA1 - AUTOMOTORES CARTERA GENERAL,855335,,1362308,Contacto del tercero,,,,'2016-11-11 08:28:00','2016-11-11 08:28:00','2016-11-11 08:28:00',Atendido,,
161111-350275,,Incidente importado desde SAC,,Cac,Usuario Importador,Telemarketing,,Consulta,Solucionado,,,,,AUS1 - AUTOMOTORES,855337,,2584105,Facturación,,,,'2016-11-11 08:28:00','2016-11-11 08:28:00','2016-11-11 08:28:00',Atendido,,
161111-350280,,Incidente importado desde SAC,,Cac,Usuario Importador,Telemarketing,,Consulta,Solucionado,,,,,AUA1 - AUTOMOTORES CARTERA GENERAL,855342,,5367693,Denuncia daños materiales,,,,'2016-11-11 08:28:00','2016-11-11 08:28:00','2016-11-11 08:28:00',Atendido,,
161111-350282,,Incidente importado desde SAC,,Cac,Usuario Importador,Telemarketing,,Consulta,Solucionado,,,,,HOM1 - SEGURO DEL HOGAR,855344,,789329,Denuncia Riesgos Varios,,,,'2016-11-11 08:28:00','2016-11-11 08:28:00','2016-11-11 08:28:00',Atendido,,
161111-350263,,Incidente importado desde SAC,,Cac,Usuario Importador,Carta Documento,,Consulta,Solucionado,,,,,AUS1 - AUTOMOTORES,855325,,381785,Certificado de cobertura,,,,'2016-11-11 08:27:59','2016-11-11 08:27:59','2016-11-11 08:27:59',Atendido,,
161111-350268,,Incidente importado desde SAC,,Cac,Usuario Importador,Telemarketing,,Consulta,Solucionado,,,,,AUS1 - AUTOMOTORES,855330,,1283690,Facturación,,,,'2016-11-11 08:27:59','2016-11-11 08:27:59','2016-11-11 08:27:59',Atendido,,
161111-350269,,Incidente importado desde SAC,,Cac,Usuario Importador,Carta Documento,,Consulta,Solucionado,,,,,AUS1 - AUTOMOTORES,855331,,7814252,Certificado de cobertura,,,,'2016-11-11 08:27:59','2016-11-11 08:27:59','2016-11-11 08:27:59',Atendido,,
161111-350254,,Incidente importado desde SAC,,Cac,Usuario Importador,Telemarketing,,Consulta,Solucionado,,,,,CON1 - INTEGRAL CONSORCIO,855316,,4557863,Facturación,,,,'2016-11-11 08:27:58','2016-11-11 08:27:58','2016-11-11 08:27:58',Atendido,,
161111-350256,,Incidente importado desde SAC,,Cac,Usuario Importador,Telemarketing,,Consulta,Solucionado,,,,,AUS1 - AUTOMOTORES,855318,,5184585,Facturación,,,,'2016-11-11 08:27:58','2016-11-11 08:27:58','2016-11-11 08:27:58',Atendido,,
161111-350261,,Incidente importado desde SAC,,Cac,Usuario Importador,Telemarketing,,Consulta,Solucionado,,,,,AUS1 - AUTOMOTORES,855323,,1918261,Facturación,,,,'2016-11-11 08:27:58','2016-11-11 08:27:58','2016-11-11 08:27:58',Atendido,,
161111-350237,,Incidente importado desde SAC,,Cac,Usuario Importador,Telemarketing,,Consulta,Solucionado,,,,,AUS1 - AUTOMOTORES,855299,,1297232,Facturación,,,,'2016-11-11 08:27:57','2016-11-11 08:27:57','2016-11-11 08:27:57',Atendido,,
161111-350240,,Incidente importado desde SAC,,Cac,Usuario Importador,Telemarketing,,Consulta,Solucionado,,,,,AUS1 - AUTOMOTORES,855302,,5892595,Facturación,,,,'2016-11-11 08:27:57','2016-11-11 08:27:57','2016-11-11 08:27:57',Atendido,,
161111-350241,,Incidente importado desde SAC,,Mailing,Usuario Importador,Telemarketing,,Reclamo,Solucionado,,,,,AUS1 - AUTOMOTORES,855303,,1452273,Cupón de pago,,,,'2016-11-11 08:27:57','2016-11-11 08:27:57','2016-11-11 08:27:57',Resuelto,,
161111-350243,,Incidente importado desde SAC,,Cac,Usuario Importador,Carta Documento,,Consulta,Solucionado,,,,,RCG2 - RESPONSABILIDAD CIVIL,855305,,2609749,Cartera general,,,,'2016-11-11 08:27:57','2016-11-11 08:27:57','2016-11-11 08:27:57',Atendido,,
161111-350244,,Incidente importado desde SAC,,Robo / Destruccion Total,Usuario Importador,Carta,,Consulta,Solucionado,,,,,AUS1 - AUTOMOTORES,855306,,1525958,Siniestro Jet,,,,'2016-11-11 08:27:57','2016-11-11 08:27:57','2016-11-11 08:27:57',Resuelto,,
161111-350246,,Incidente importado desde SAC,,Emisión Masivos,Usuario Importador,Carta Documento,,Consulta,Solucionado,,,,,AUS1 - AUTOMOTORES,855308,,3821795,Baja de póliza,,,,'2016-11-11 08:27:57','2016-11-11 08:27:57','2016-11-11 08:27:57',Atendido,,
161111-350249,,Incidente importado desde SAC,,Fleet Services,Usuario Importador,Telemarketing,,Consulta,Solucionado,,,,,AUS1 - AUTOMOTORES,855311,,596258,Contacto del tercero,,,,'2016-11-11 08:27:57','2016-11-11 08:27:57','2016-11-11 08:27:57',Resuelto,,
161111-350250,,Incidente importado desde SAC,,Cac,Usuario Importador,Telemarketing,,Consulta,Solucionado,,,,,HOM1 - SEGURO DEL HOGAR,855312,,3182218,Facturación,,,,'2016-11-11 08:27:57','2016-11-11 08:27:57','2016-11-11 08:27:57',Atendido,,
161111-350219,,Incidente importado desde SAC,,Cac,Usuario Importador,Telemarketing,,Consulta,Solucionado,,,,,AUS1 - AUTOMOTORES,855281,,4172513,Facturación,,,,'2016-11-11 08:27:56','2016-11-11 08:27:56','2016-11-11 08:27:56',Atendido,,
161111-350224,,Incidente importado desde SAC,,Emisión Masivos,Usuario Importador,Telemarketing,,Consulta,Solucionado,,,,,HOM1 - SEGURO DEL HOGAR,855286,,6941789,Baja de póliza,,,,'2016-11-11 08:27:56','2016-11-11 08:27:56','2016-11-11 08:27:56',Atendido,,
161111-350227,,Incidente importado desde SAC,,Mailing,Usuario Importador,Telemarketing,,Reclamo,Solucionado,,,,,HOM1 - SEGURO DEL HOGAR,855289,,3434666,Cupón de pago,,,,'2016-11-11 08:27:56','2016-11-11 08:27:56','2016-11-11 08:27:56',Resuelto,,
161111-350232,,Incidente importado desde SAC,,Cac,Usuario Importador,Telemarketing,,Consulta,Solucionado,,,,,AUS1 - AUTOMOTORES,855294,,1002164,Facturación,,,,'2016-11-11 08:27:56','2016-11-11 08:27:56','2016-11-11 08:27:56',Atendido,,
161111-350233,,Incidente importado desde SAC,,Cac,Usuario Importador,Telemarketing,,Consulta,Solucionado,,,,,AUS1 - AUTOMOTORES,855295,,453044,Ampliación de Cobertura con inspección,,,,'2016-11-11 08:27:56','2016-11-11 08:27:56','2016-11-11 08:27:56',Atendido,,
161111-350212,,Incidente importado desde SAC,,Prestadores,Usuario Importador,Telemarketing,,Reclamo,Solucionado,,,,,AUS1 - AUTOMOTORES,855274,,6552030,SOS,,,,'2016-11-11 08:27:55','2016-11-11 08:27:55','2016-11-11 08:27:55',Resuelto,,
161111-350218,,Incidente importado desde SAC,,Emisión Masivos,Usuario Importador,Telemarketing,,Consulta,Solucionado,,,,,HOM1 - SEGURO DEL HOGAR,855280,,5081317,Baja de póliza,,,,'2016-11-11 08:27:55','2016-11-11 08:27:55','2016-11-11 08:27:55',Atendido,,
161111-350192,,Incidente importado desde SAC,,Cac,Usuario Importador,Telemarketing,,Consulta,Solucionado,,,,,AUS1 - AUTOMOTORES,855253,,6079856,Post - Denuncia,,,,'2016-11-11 08:27:54','2016-11-11 08:27:54','2016-11-11 08:27:54',Atendido,,
161111-350195,,Incidente importado desde SAC,,Cac,Usuario Importador,Carta Documento,,Consulta,Solucionado,,,,,APR1 - AUTOMOTORES,855256,,7177168,Certificado de cobertura,,,,'2016-11-11 08:27:54','2016-11-11 08:27:54','2016-11-11 08:27:54',Atendido,,
161111-349517,,,,Cac,Carolina Irigoyen,Llamada entrante,,Consulta,Solucionado,,,44236,,HOM1 - SEGURO DEL HOGAR,855257,,2138356,Post - Denuncia,,,,'2016-11-11 08:27:54','2016-11-11 08:27:54','2016-11-11 08:27:54',Atendido,,
161111-350198,,Incidente importado desde SAC,,Cac,Usuario Importador,Telemarketing,,Consulta,Solucionado,,,,,APR1 - AUTOMOTORES,855260,,3512073,Post - Denuncia,,,,'2016-11-11 08:27:54','2016-11-11 08:27:54','2016-11-11 08:27:54',Atendido,,
161111-350200,,Incidente importado desde SAC,,Emisión Masivos,Usuario Importador,Telemarketing,,Consulta,Solucionado,,,,,AUS1 - AUTOMOTORES,855262,,3952079,Baja de póliza,,,,'2016-11-11 08:27:54','2016-11-11 08:27:54','2016-11-11 08:27:54',Atendido,,
161111-350203,,Incidente importado desde SAC,,Cac,Usuario Importador,Telemarketing,,Consulta,Solucionado,,,,,APL1 - AUTOMOTORES PLANES,855265,,602001,Post - Denuncia,,,,'2016-11-11 08:27:54','2016-11-11 08:27:54','2016-11-11 08:27:54',Atendido,,
161111-350205,,Incidente importado desde SAC,,Cobranzas Automático,Usuario Importador,Telemarketing,,Consulta,Solucionado,,,,,AUS1 - AUTOMOTORES,855267,,5331859,Reintegro - Automático,,,,'2016-11-11 08:27:54','2016-11-11 08:27:54','2016-11-11 08:27:54',Atendido,,
161111-350178,,Incidente importado desde SAC,,Telecobranzas,Usuario Importador,Telemarketing,,Consulta,Solucionado,,,,,AUS1 - AUTOMOTORES,855239,,526898,Reenvío al cobro,,,,'2016-11-11 08:27:53','2016-11-11 08:27:53','2016-11-11 08:27:53',Atendido,,
161111-350184,,Incidente importado desde SAC,,Cac,Usuario Importador,Telemarketing,,Consulta,Solucionado,,,,,AUI1 - AUTOMOTORES INSTITUCIONES,855245,,3381889,Post - Denuncia,,,,'2016-11-11 08:27:53','2016-11-11 08:27:53','2016-11-11 08:27:53',Atendido,,
161111-350187,,Incidente importado desde SAC,,Suscripción AutoScoring,Usuario Importador,Telemarketing,,Disconformidad,Solucionado,,,,,APL1 - AUTOMOTORES PLANES,855248,,3399724,Aumento de precio,,,,'2016-11-11 08:27:53','2016-11-11 08:27:53','2016-11-11 08:27:53',Atendido,,
161111-350190,,Incidente importado desde SAC,,Fleet Services,Usuario Importador,Telemarketing,,Reclamo,Solucionado,,,,,AUT1 - AUTOMOTORES,855251,,1288670,Contacto del tercero,,,,'2016-11-11 08:27:53','2016-11-11 08:27:53','2016-11-11 08:27:53',Resuelto,,
161111-350174,,Incidente importado desde SAC,,Emisión Masivos,Usuario Importador,Telemarketing,,Consulta,Solucionado,,,,,HOM1 - SEGURO DEL HOGAR,855235,,6499881,Baja de póliza,,,,'2016-11-11 08:27:51','2016-11-11 08:27:51','2016-11-11 08:27:51',Atendido,,
161111-350175,,Incidente importado desde SAC,,Fleet Services,Usuario Importador,Telemarketing,,Consulta,Solucionado,,,,,AUS1 - AUTOMOTORES,855236,,5334525,Contacto del tercero,,,,'2016-11-11 08:27:51','2016-11-11 08:27:51','2016-11-11 08:27:51',Atendido,,
161111-350166,,Incidente importado desde SAC,,Emisión Masivos,Usuario Importador,Telemarketing,,Consulta,Solucionado,,,,,AUS1 - AUTOMOTORES,855227,,1977975,Baja de póliza,,,,'2016-11-11 08:27:50','2016-11-11 08:27:50','2016-11-11 08:27:50',Atendido,,
161111-350170,,Incidente importado desde SAC,,Cac,Usuario Importador,Telemarketing,,Consulta,Solucionado,,,,,AUS1 - AUTOMOTORES,855231,,2726301,Facturación,,,,'2016-11-11 08:27:50','2016-11-11 08:27:50','2016-11-11 08:27:50',Atendido,,
161111-350149,,Incidente importado desde SAC,,Cac,Usuario Importador,Telemarketing,,Consulta,Solucionado,,,,,AUS1 - AUTOMOTORES,855210,,1138594,Certificado de cobertura,,,,'2016-11-11 08:27:49','2016-11-11 08:27:49','2016-11-11 08:27:49',Atendido,,
161111-350154,,Incidente importado desde SAC,,Cac,Usuario Importador,Telemarketing,,Consulta,Solucionado,,,,,AUI1 - AUTOMOTORES INSTITUCIONES,855215,,1175157,Post - Denuncia,,,,'2016-11-11 08:27:49','2016-11-11 08:27:49','2016-11-11 08:27:49',Atendido,,
161111-350156,,Incidente importado desde SAC,,Fleet Services,Usuario Importador,Telemarketing,,Consulta,Solucionado,,,,,AUS1 - AUTOMOTORES,855217,,4141147,Contacto del tercero,,,,'2016-11-11 08:27:49','2016-11-11 08:27:49','2016-11-11 08:27:49',Atendido,,
161111-350162,,Incidente importado desde SAC,,Cac,Usuario Importador,Telemarketing,,Consulta,Solucionado,,,,,APR1 - AUTOMOTORES,855223,,6953562,Certificado de cobertura,,,,'2016-11-11 08:27:49','2016-11-11 08:27:49','2016-11-11 08:27:49',Atendido,,
161111-350137,,Incidente importado desde SAC,,Lesiones,Usuario Importador,Carta,,Consulta,Solucionado,,,,,AUT1 - AUTOMOTORES,855198,,3435156,Siniestro Jet,,,,'2016-11-11 08:27:48','2016-11-11 08:27:48','2016-11-11 08:27:48',Resuelto,,
161111-350143,,Incidente importado desde SAC,,Mailing,Usuario Importador,Telemarketing,,Reclamo,Solucionado,,,,,HOM1 - SEGURO DEL HOGAR,855204,,863739,Cupón de pago,,,,'2016-11-11 08:27:48','2016-11-11 08:27:48','2016-11-11 08:27:48',Resuelto,,
161111-350145,,Incidente importado desde SAC,,Drive in Ciudadela,Usuario Importador,Carta,,Consulta,Solucionado,,,,,AUT1 - AUTOMOTORES,855206,,6950577,Siniestro Jet,,,,'2016-11-11 08:27:48','2016-11-11 08:27:48','2016-11-11 08:27:48',Resuelto,,
161111-350123,,Incidente importado desde SAC,,Prestadores,Usuario Importador,Telemarketing,,Reclamo,Solucionado,,,,,APR1 - AUTOMOTORES,855184,,3070556,Demora servicio SOS,,,,'2016-11-11 08:27:47','2016-11-11 08:27:47','2016-11-11 08:27:47',No Procedente,,
161111-350124,,Incidente importado desde SAC,,Cac,Usuario Importador,Carta Documento,,Consulta,Solucionado,,,,,AUS1 - AUTOMOTORES,855185,,3709401,Inspección por previa,,,,'2016-11-11 08:27:47','2016-11-11 08:27:47','2016-11-11 08:27:47',Atendido,,
161111-350125,,Incidente importado desde SAC,,Cac,Usuario Importador,Telemarketing,,Consulta,Solucionado,,,,,AUS1 - AUTOMOTORES,855186,,1227895,Facturación,,,,'2016-11-11 08:27:47','2016-11-11 08:27:47','2016-11-11 08:27:47',Atendido,,
161111-350129,,Incidente importado desde SAC,,Cac,Usuario Importador,Telemarketing,,Consulta,Solucionado,,,,,AUS1 - AUTOMOTORES,855190,,5829540,Facturación,,,,'2016-11-11 08:27:47','2016-11-11 08:27:47','2016-11-11 08:27:47',Atendido,,
161111-350134,,Incidente importado desde SAC,,Emisión Masivos,Usuario Importador,Telemarketing,,Consulta,Solucionado,,,,,AUS1 - AUTOMOTORES,855195,,5415055,Baja de póliza,,,,'2016-11-11 08:27:47','2016-11-11 08:27:47','2016-11-11 08:27:47',Atendido,,
161111-350108,,Incidente importado desde SAC,,Cac,Usuario Importador,Telemarketing,,Consulta,Solucionado,,,,,AUS1 - AUTOMOTORES,855169,,1012034,Certificado de cobertura,,,,'2016-11-11 08:27:46','2016-11-11 08:27:46','2016-11-11 08:27:46',Atendido,,
161111-350111,,Incidente importado desde SAC,,Cac,Usuario Importador,Telemarketing,,Consulta,Solucionado,,,,,APL1 - AUTOMOTORES PLANES,855172,,1155693,Facturación,,,,'2016-11-11 08:27:46','2016-11-11 08:27:46','2016-11-11 08:27:46',Atendido,,
161111-350113,,Incidente importado desde SAC,,Cac,Usuario Importador,Telemarketing,,Consulta,Solucionado,,,,,AUS1 - AUTOMOTORES,855174,,485982,Facturación,,,,'2016-11-11 08:27:46','2016-11-11 08:27:46','2016-11-11 08:27:46',Atendido,,
161111-350119,,Incidente importado desde SAC,,Fleet Services,Usuario Importador,Telemarketing,,Consulta,Solucionado,,,,,AUA1 - AUTOMOTORES CARTERA GENERAL,855180,,2455278,Contacto del tercero,,,,'2016-11-11 08:27:46','2016-11-11 08:27:46','2016-11-11 08:27:46',Atendido,,
161111-350120,,Incidente importado desde SAC,,Cac,Usuario Importador,Telemarketing,,Consulta,Solucionado,,,,,AUI1 - AUTOMOTORES INSTITUCIONES,855181,,3700680,Facturación,,,,'2016-11-11 08:27:46','2016-11-11 08:27:46','2016-11-11 08:27:46',Atendido,,
161111-350121,,Incidente importado desde SAC,,Cobranzas Automático,Usuario Importador,Telemarketing,,Consulta,Solucionado,,,,,HOM1 - SEGURO DEL HOGAR,855182,,2035330,Reintegro - Automático,,,,'2016-11-11 08:27:46','2016-11-11 08:27:46','2016-11-11 08:27:46',Atendido,,
161111-350122,,Incidente importado desde SAC,,Drive in Ciudadela,Usuario Importador,Carta,,Consulta,Solucionado,,,,,APL1 - AUTOMOTORES PLANES,855183,,4042629,Siniestro Jet,,,,'2016-11-11 08:27:46','2016-11-11 08:27:46','2016-11-11 08:27:46',Resuelto,,
161111-350096,,Incidente importado desde SAC,,Emisión Masivos,Usuario Importador,Telemarketing,,Consulta,Solucionado,,,,,AUS1 - AUTOMOTORES,855157,,802521,Baja de póliza,,,,'2016-11-11 08:27:45','2016-11-11 08:27:45','2016-11-11 08:27:45',Atendido,,
161111-350103,,Incidente importado desde SAC,,Cac,Usuario Importador,Telemarketing,,Consulta,Solucionado,,,,,AUS1 - AUTOMOTORES,855164,,6770809,Post - Denuncia,,,,'2016-11-11 08:27:45','2016-11-11 08:27:45','2016-11-11 08:27:45',Atendido,,
161111-350106,,Incidente importado desde SAC,,Cac,Usuario Importador,Telemarketing,,Consulta,Solucionado,,,,,ATD1 - ROBO/USUAR.T.DEB-CRE,855167,,5637120,Baja de póliza,,,,'2016-11-11 08:27:45','2016-11-11 08:27:45','2016-11-11 08:27:45',Atendido,,
161111-350107,,Incidente importado desde SAC,,Cac,Usuario Importador,Telemarketing,,Consulta,Solucionado,,,,,AUI1 - AUTOMOTORES INSTITUCIONES,855168,,7263736,Post - Denuncia,,,,'2016-11-11 08:27:45','2016-11-11 08:27:45','2016-11-11 08:27:45',Atendido,,
161111-350080,,Incidente importado desde SAC,,Prestadores,Usuario Importador,Telemarketing,,Accion Proactiva,Solucionado,,,,,HOM1 - SEGURO DEL HOGAR,855141,,1317975,Reintegro Prestadores - Acción Proactiva,,,,'2016-11-11 08:27:44','2016-11-11 08:27:44','2016-11-11 08:27:44',Resuelto,,
161111-350084,,Incidente importado desde SAC,,Cac,Usuario Importador,Telemarketing,,Consulta,Solucionado,,,,,AUS1 - AUTOMOTORES,855145,,1770648,Facturación,,,,'2016-11-11 08:27:44','2016-11-11 08:27:44','2016-11-11 08:27:44',Atendido,,
161111-350092,,Incidente importado desde SAC,,Emisión Masivos,Usuario Importador,Telemarketing,,Consulta,Solucionado,,,,,AUS1 - AUTOMOTORES,855153,,468694,Baja de póliza,,,,'2016-11-11 08:27:44','2016-11-11 08:27:44','2016-11-11 08:27:44',Atendido,,
161111-350064,,Incidente importado desde SAC,,Cac,Usuario Importador,Telemarketing,,Consulta,Solucionado,,,,,AUS1 - AUTOMOTORES,855125,,2184788,Post - Denuncia,,,,'2016-11-11 08:27:43','2016-11-11 08:27:43','2016-11-11 08:27:43',Atendido,,
161111-350067,,Incidente importado desde SAC,,Cac,Usuario Importador,Telemarketing,,Consulta,Solucionado,,,,,APR1 - AUTOMOTORES,855128,,5205578,Post - Denuncia,,,,'2016-11-11 08:27:43','2016-11-11 08:27:43','2016-11-11 08:27:43',Atendido,,
161111-350070,,Incidente importado desde SAC,,Cac,Usuario Importador,Telemarketing,,Consulta,Solucionado,,,,,AUS1 - AUTOMOTORES,855131,,782030,Post - Denuncia,,,,'2016-11-11 08:27:43','2016-11-11 08:27:43','2016-11-11 08:27:43',Atendido,,
161111-350072,,Incidente importado desde SAC,,Emisión Masivos,Usuario Importador,Telemarketing,,Consulta,Solucionado,,,,,HOM1 - SEGURO DEL HOGAR,855133,,5440442,Baja de póliza,,,,'2016-11-11 08:27:43','2016-11-11 08:27:43','2016-11-11 08:27:43',Atendido,,
161111-350075,,Incidente importado desde SAC,,Cac,Usuario Importador,Telemarketing,,Consulta,Solucionado,,,,,AUS1 - AUTOMOTORES,855136,,6675936,Post - Denuncia,,,,'2016-11-11 08:27:43','2016-11-11 08:27:43','2016-11-11 08:27:43',Atendido,,
161111-350076,,Incidente importado desde SAC,,Cac,Usuario Importador,Telemarketing,,Consulta,Solucionado,,,,,ATD1 - ROBO/USUAR.T.DEB-CRE,855137,,3600383,Baja de póliza,,,,'2016-11-11 08:27:43','2016-11-11 08:27:43','2016-11-11 08:27:43',Atendido,,
161111-350077,,Incidente importado desde SAC,,Cac,Usuario Importador,Carta Documento,,Consulta,Solucionado,,,,,APR1 - AUTOMOTORES,855138,,2179422,Post - Denuncia,,,,'2016-11-11 08:27:43','2016-11-11 08:27:43','2016-11-11 08:27:43',Atendido,,
161111-350058,,Incidente importado desde SAC,,Emisión Masivos,Usuario Importador,Telemarketing,,Consulta,Solucionado,,,,,HOM1 - SEGURO DEL HOGAR,855119,,2200896,Baja de póliza,,,,'2016-11-11 08:27:42','2016-11-11 08:27:42','2016-11-11 08:27:42',Atendido,,
161111-350060,,Incidente importado desde SAC,,Cac,Usuario Importador,Telemarketing,,Consulta,Solucionado,,,,,AUS1 - AUTOMOTORES,855121,,1320392,Facturación,,,,'2016-11-11 08:27:42','2016-11-11 08:27:42','2016-11-11 08:27:42',Atendido,,
161111-350061,,Incidente importado desde SAC,,Daños Materiales Autos,Usuario Importador,Telemarketing,,Disconformidad,Solucionado,,,,,AUS1 - AUTOMOTORES,855122,,4090889,Con resolución de siniestro - Disconformidad,,,,'2016-11-11 08:27:42','2016-11-11 08:27:42','2016-11-11 08:27:42',Atendido,,
161111-350042,,Incidente importado desde SAC,,Daños Materiales Autos,Usuario Importador,Telemarketing,,Disconformidad,Solucionado,,,,,AUS1 - AUTOMOTORES,855103,,316122,Con resolución de siniestro - Disconformidad,,,,'2016-11-11 08:27:41','2016-11-11 08:27:41','2016-11-11 08:27:41',Atendido,,
161111-350037,,Incidente importado desde SAC,,Cac,Usuario Importador,Telemarketing,,Consulta,Solucionado,,,,,AUS1 - AUTOMOTORES,855098,,462491,Denuncia daños materiales,,,,'2016-11-11 08:27:39','2016-11-11 08:27:39','2016-11-11 08:27:39',Atendido,,
161111-350028,,Incidente importado desde SAC,,Cac,Usuario Importador,Telemarketing,,Consulta,Solucionado,,,,,AUS1 - AUTOMOTORES,855089,,4456042,Facturación,,,,'2016-11-11 08:27:38','2016-11-11 08:27:38','2016-11-11 08:27:38',Atendido,,
161111-350032,,Incidente importado desde SAC,,Cac,Usuario Importador,Telemarketing,,Consulta,Solucionado,,,,,AUS1 - AUTOMOTORES,855093,,2224815,Post - Denuncia,,,,'2016-11-11 08:27:38','2016-11-11 08:27:38','2016-11-11 08:27:38',Atendido,,
161111-350016,,Incidente importado desde SAC,,Lesiones,Usuario Importador,Carta,,Consulta,Solucionado,,,,,AUT1 - AUTOMOTORES,855077,,1086334,Siniestro Jet,,,,'2016-11-11 08:27:37','2016-11-11 08:27:37','2016-11-11 08:27:37',Resuelto,,
161111-350022,,Incidente importado desde SAC,,Cac,Usuario Importador,Telemarketing,,Consulta,Solucionado,,,,,AUS1 - AUTOMOTORES,855083,,5519016,Facturación,,,,'2016-11-11 08:27:37','2016-11-11 08:27:37','2016-11-11 08:27:37',Atendido,,
161111-350007,,Incidente importado desde SAC,,Fleet Services,Usuario Importador,Telemarketing,,Consulta,Solucionado,,,,,AUT1 - AUTOMOTORES,855068,,3328556,Contacto del tercero,,,,'2016-11-11 08:27:36','2016-11-11 08:27:36','2016-11-11 08:27:36',Atendido,,
161111-350009,,Incidente importado desde SAC,,Mailing,Usuario Importador,Telemarketing,,Reclamo,Solucionado,,,,,HOM1 - SEGURO DEL HOGAR,855070,,1355998,Cupón de pago,,,,'2016-11-11 08:27:36','2016-11-11 08:27:36','2016-11-11 08:27:36',Resuelto,,
161111-350010,,Incidente importado desde SAC,,Cac,Usuario Importador,Telemarketing,,Consulta,Solucionado,,,,,AUT1 - AUTOMOTORES,855071,,7849944,Facturación,,,,'2016-11-11 08:27:36','2016-11-11 08:27:36','2016-11-11 08:27:36',Atendido,,
161111-349987,,Incidente importado desde SAC,,Mailing,Usuario Importador,Telemarketing,,Reclamo,Solucionado,,,,,HOM1 - SEGURO DEL HOGAR,855048,,5190887,Cupón de pago,,,,'2016-11-11 08:27:35','2016-11-11 08:27:35','2016-11-11 08:27:35',Resuelto,,
161111-349990,,Incidente importado desde SAC,,Oficina Cordoba,Usuario Importador,Telemarketing,,Disconformidad,Solucionado,,,,,HOM1 - SEGURO DEL HOGAR,855051,,2340753,Con resolución de siniestro - Disconformidad,,,,'2016-11-11 08:27:35','2016-11-11 08:27:35','2016-11-11 08:27:35',Resuelto,,
161111-349993,,Incidente importado desde SAC,,Fleet Services,Usuario Importador,Telemarketing,,Consulta,Solucionado,,,,,APR1 - AUTOMOTORES,855054,,3072123,Contacto del tercero,,,,'2016-11-11 08:27:35','2016-11-11 08:27:35','2016-11-11 08:27:35',Atendido,,
161111-349998,,Incidente importado desde SAC,,Emisión Masivos,Usuario Importador,Telemarketing,,Consulta,Solucionado,,,,,AUS1 - AUTOMOTORES,855059,,5399489,Baja de póliza,,,,'2016-11-11 08:27:35','2016-11-11 08:27:35','2016-11-11 08:27:35',Atendido,,
161111-350000,,Incidente importado desde SAC,,Cac,Usuario Importador,Carta Documento,,Consulta,Solucionado,,,,,AUS1 - AUTOMOTORES,855061,,1366068,Condiciones de póliza,,,,'2016-11-11 08:27:35','2016-11-11 08:27:35','2016-11-11 08:27:35',Atendido,,
161111-350002,,Incidente importado desde SAC,,Mailing,Usuario Importador,Telemarketing,,Reclamo,Solucionado,,,,,HOM1 - SEGURO DEL HOGAR,855063,,3400642,Cupón de pago,,,,'2016-11-11 08:27:35','2016-11-11 08:27:35','2016-11-11 08:27:35',Resuelto,,
161111-349975,,Incidente importado desde SAC,,Cac,Usuario Importador,Carta Documento,,Consulta,Solucionado,,,,,AUS1 - AUTOMOTORES,855036,,3147510,Facturación,,,,'2016-11-11 08:27:34','2016-11-11 08:27:34','2016-11-11 08:27:34',Atendido,,
161111-349976,,Incidente importado desde SAC,,Cac,Usuario Importador,Carta Documento,,Consulta,Solucionado,,,,,AUS1 - AUTOMOTORES,855037,,4110560,Certificado de cobertura,,,,'2016-11-11 08:27:34','2016-11-11 08:27:34','2016-11-11 08:27:34',Atendido,,
161111-349978,,Incidente importado desde SAC,,Legales no Siniestros,Usuario Importador,Entes Reguladores,,Consulta,Solucionado,,,,,EGE1 - EXT.GARANTIA ELECTRO,855039,,2689774,Defensa del consumidor - Acción Proactiva,,,,'2016-11-11 08:27:34','2016-11-11 08:27:34','2016-11-11 08:27:34',Resuelto,,
161111-349968,,Incidente importado desde SAC,,Cac,Usuario Importador,Telemarketing,,Consulta,Solucionado,,,,,APL1 - AUTOMOTORES PLANES,855029,,6955840,Post - Denuncia,,,,'2016-11-11 08:27:33','2016-11-11 08:27:33','2016-11-11 08:27:33',Atendido,,
161111-349972,,Incidente importado desde SAC,,Cac,Usuario Importador,Telemarketing,,Consulta,Solucionado,,,,,AUS1 - AUTOMOTORES,855033,,4666242,Post - Denuncia,,,,'2016-11-11 08:27:33','2016-11-11 08:27:33','2016-11-11 08:27:33',Atendido,,
161111-349952,,Incidente importado desde SAC,,Cleas,Usuario Importador,Carta,,Consulta,Solucionado,,,,,APL1 - AUTOMOTORES PLANES,855014,,3060025,Siniestro Jet (Cobertura),,,,'2016-11-11 08:27:32','2016-11-11 08:27:32','2016-11-11 08:27:32',Resuelto,,
161111-349956,,Incidente importado desde SAC,,Cac,Usuario Importador,Telemarketing,,Consulta,Solucionado,,,,,AUS1 - AUTOMOTORES,855018,,7348554,Facturación,,,,'2016-11-11 08:27:32','2016-11-11 08:27:32','2016-11-11 08:27:32',Atendido,,
161111-349957,,Incidente importado desde SAC,,Fleet Services,Usuario Importador,Carta Documento,,Consulta,Solucionado,,,,,APL1 - AUTOMOTORES PLANES,855019,,6935150,Contacto del tercero,,,,'2016-11-11 08:27:32','2016-11-11 08:27:32','2016-11-11 08:27:32',Atendido,,
161111-349958,,Incidente importado desde SAC,,Cac,Usuario Importador,Carta Documento,,Consulta,Solucionado,,,,,APR1 - AUTOMOTORES,855020,,2682645,Modificaciones datos del producto,,,,'2016-11-11 08:27:32','2016-11-11 08:27:32','2016-11-11 08:27:32',Atendido,,
161111-349942,,Incidente importado desde SAC,,Cac,Usuario Importador,Telemarketing,,Consulta,Solucionado,,,,,APR1 - AUTOMOTORES,855004,,3283727,Facturación,,,,'2016-11-11 08:27:31','2016-11-11 08:27:31','2016-11-11 08:27:31',Atendido,,
161111-349944,,Incidente importado desde SAC,,Cac,Usuario Importador,Telemarketing,,Consulta,Solucionado,,,,,APR1 - AUTOMOTORES,855006,,5197424,Modificaciones datos del producto,,,,'2016-11-11 08:27:31','2016-11-11 08:27:31','2016-11-11 08:27:31',Atendido,,
161111-349930,,Incidente importado desde SAC,,Cac,Usuario Importador,Telemarketing,,Consulta,Solucionado,,,,,AUS1 - AUTOMOTORES,854992,,4125727,Post - Denuncia,,,,'2016-11-11 08:27:30','2016-11-11 08:27:30','2016-11-11 08:27:30',Atendido,,
161111-349938,,Incidente importado desde SAC,,Cac,Usuario Importador,Telemarketing,,Consulta,Solucionado,,,,,AUS1 - AUTOMOTORES,855000,,5879479,Recotización,,,,'2016-11-11 08:27:30','2016-11-11 08:27:30','2016-11-11 08:27:30',Atendido,,
161111-349913,,Incidente importado desde SAC,,Cac,Usuario Importador,Telemarketing,,Consulta,Solucionado,,,,,APR1 - AUTOMOTORES,854975,,630226,Facturación,,,,'2016-11-11 08:27:29','2016-11-11 08:27:29','2016-11-11 08:27:29',Atendido,,
161111-349914,,Incidente importado desde SAC,,Gerencia Clientes,Usuario Importador,Telemarketing,,Reclamo,Solucionado,,,,,AUS1 - AUTOMOTORES,854976,,3683934,Venta con anomalías,,,,'2016-11-11 08:27:29','2016-11-11 08:27:29','2016-11-11 08:27:29',No Procedente,,
161111-349917,,Incidente importado desde SAC,,Drive in San Isidro,Usuario Importador,Telemarketing,,Consulta,Solucionado,,,,,AUS1 - AUTOMOTORES,854979,,5953346,Siniestro Jet (Cobertura),,,,'2016-11-11 08:27:29','2016-11-11 08:27:29','2016-11-11 08:27:29',Resuelto,,
161111-349920,,Incidente importado desde SAC,,Emisión Masivos,Usuario Importador,Telemarketing,,Consulta,Solucionado,,,,,AUS1 - AUTOMOTORES,854982,,248619,Baja de póliza,,,,'2016-11-11 08:27:29','2016-11-11 08:27:29','2016-11-11 08:27:29',Atendido,,
161111-349923,,Incidente importado desde SAC,,Cac,Usuario Importador,Telemarketing,,Consulta,Solucionado,,,,,HOM1 - SEGURO DEL HOGAR,854985,,2833889,Denuncia Riesgos Varios,,,,'2016-11-11 08:27:29','2016-11-11 08:27:29','2016-11-11 08:27:29',Atendido,,
161111-349898,,Incidente importado desde SAC,,Emisión Masivos,Usuario Importador,Telemarketing,,Consulta,Solucionado,,,,,AUS1 - AUTOMOTORES,854960,,3770369,Baja de póliza,,,,'2016-11-11 08:27:27','2016-11-11 08:27:27','2016-11-11 08:27:27',Atendido,,
161111-349893,,Incidente importado desde SAC,,Cac,Usuario Importador,Carta Documento,,Consulta,Solucionado,,,,,APR1 - AUTOMOTORES,854955,,3283552,Certificado de cobertura,,,,'2016-11-11 08:27:26','2016-11-11 08:27:26','2016-11-11 08:27:26',Atendido,,
161111-349894,,Incidente importado desde SAC,,Emisión Masivos,Usuario Importador,Telemarketing,,Consulta,Solucionado,,,,,HOM1 - SEGURO DEL HOGAR,854956,,3704439,Baja de póliza,,,,'2016-11-11 08:27:26','2016-11-11 08:27:26','2016-11-11 08:27:26',Atendido,,
161111-349869,,Incidente importado desde SAC,,Cac,Usuario Importador,Telemarketing,,Consulta,Solucionado,,,,,AUS1 - AUTOMOTORES,854931,,2874132,Post - Denuncia,,,,'2016-11-11 08:27:23','2016-11-11 08:27:23','2016-11-11 08:27:23',Atendido,,
161111-349871,,Incidente importado desde SAC,,Cac,Usuario Importador,Llamada entrante,,Consulta,Solucionado,,,,,APR1 - AUTOMOTORES,854933,,4310766,Modificaciones datos del producto,,,,'2016-11-11 08:27:23','2016-11-11 08:27:23','2016-11-11 08:27:23',Atendido,,
161111-349859,,Incidente importado desde SAC,,Oficina Mendoza,Usuario Importador,Carta,,Consulta,Solucionado,,,,,AUT1 - AUTOMOTORES,854921,,1421265,Siniestro Jet,,,,'2016-11-11 08:27:22','2016-11-11 08:27:22','2016-11-11 08:27:22',Resuelto,,
161111-349861,,Incidente importado desde SAC,,Cac,Usuario Importador,Telemarketing,,Consulta,Solucionado,,,,,AUS1 - AUTOMOTORES,854923,,1272524,Certificado de cobertura,,,,'2016-11-11 08:27:22','2016-11-11 08:27:22','2016-11-11 08:27:22',Atendido,,
161111-349862,,Incidente importado desde SAC,,Cac,Usuario Importador,Carta Documento,,Consulta,Solucionado,,,,,AUS1 - AUTOMOTORES,854924,,6172381,Post - Denuncia,,,,'2016-11-11 08:27:22','2016-11-11 08:27:22','2016-11-11 08:27:22',Atendido,,
161111-349866,,Incidente importado desde SAC,,Cac,Usuario Importador,Telemarketing,,Consulta,Solucionado,,,,,AUS1 - AUTOMOTORES,854928,,3917590,Post - Denuncia,,,,'2016-11-11 08:27:22','2016-11-11 08:27:22','2016-11-11 08:27:22',Atendido,,
161111-349868,,Incidente importado desde SAC,,Cac,Usuario Importador,Telemarketing,,Consulta,Solucionado,,,,,AUS1 - AUTOMOTORES,854930,,1930716,Facturación,,,,'2016-11-11 08:27:22','2016-11-11 08:27:22','2016-11-11 08:27:22',Atendido,,
161111-349850,,Incidente importado desde SAC,,Cac,Usuario Importador,Carta Documento,,Consulta,Solucionado,,,,,APR1 - AUTOMOTORES,854912,,5264260,Modificaciones datos del producto,,,,'2016-11-11 08:27:21','2016-11-11 08:27:21','2016-11-11 08:27:21',Atendido,,
161111-349853,,Incidente importado desde SAC,,Cac,Usuario Importador,Carta Documento,,Consulta,Solucionado,,,,,AUS1 - AUTOMOTORES,854915,,2629742,Modificaciones scoring,,,,'2016-11-11 08:27:21','2016-11-11 08:27:21','2016-11-11 08:27:21',Atendido,,
161111-349855,,Incidente importado desde SAC,,Legales no Siniestros,Usuario Importador,Entes Reguladores,,Consulta,Solucionado,,,,,AUS1 - AUTOMOTORES,854917,,6685683,Defensa del consumidor - Acción Proactiva,,,,'2016-11-11 08:27:21','2016-11-11 08:27:21','2016-11-11 08:27:21',Resuelto,,
161111-349856,,Incidente importado desde SAC,,Cac,Usuario Importador,Telemarketing,,Consulta,Solucionado,,,,,APL1 - AUTOMOTORES PLANES,854918,,6209112,Certificado de cobertura,,,,'2016-11-11 08:27:21','2016-11-11 08:27:21','2016-11-11 08:27:21',Atendido,,
161111-349857,,Incidente importado desde SAC,,Cac,Usuario Importador,Telemarketing,,Consulta,Solucionado,,,,,AUI1 - AUTOMOTORES INSTITUCIONES,854919,,5442081,Facturación,,,,'2016-11-11 08:27:21','2016-11-11 08:27:21','2016-11-11 08:27:21',Atendido,,
161111-349858,,Incidente importado desde SAC,,Fleet Services,Usuario Importador,Telemarketing,,Consulta,Solucionado,,,,,AUT1 - AUTOMOTORES,854920,,1330323,Contacto del tercero,,,,'2016-11-11 08:27:21','2016-11-11 08:27:21','2016-11-11 08:27:21',Atendido,,
161111-349834,,Incidente importado desde SAC,,Cac,Usuario Importador,Telemarketing,,Consulta,Solucionado,,,,,AUS1 - AUTOMOTORES,854896,,6713901,Facturación,,,,'2016-11-11 08:27:20','2016-11-11 08:27:20','2016-11-11 08:27:20',Atendido,,
161111-349836,,Incidente importado desde SAC,,Oficina Cordoba,Usuario Importador,Carta Documento,,Consulta,Solucionado,,,,,AUT1 - AUTOMOTORES,854898,,5184328,Siniestro Jet,,,,'2016-11-11 08:27:20','2016-11-11 08:27:20','2016-11-11 08:27:20',Resuelto,,
161111-349838,,Incidente importado desde SAC,,Cac,Usuario Importador,Telemarketing,,Consulta,Solucionado,,,,,APL1 - AUTOMOTORES PLANES,854900,,3865244,Post - Denuncia,,,,'2016-11-11 08:27:20','2016-11-11 08:27:20','2016-11-11 08:27:20',Atendido,,
161111-349842,,Incidente importado desde SAC,,Emisión Cartera Gral.,Usuario Importador,Telemarketing,,Consulta,Solucionado,,,,,ATD1 - ROBO/USUAR.T.DEB-CRE,854904,,3915679,Baja de póliza,,,,'2016-11-11 08:27:20','2016-11-11 08:27:20','2016-11-11 08:27:20',Atendido,,
161111-349846,,Incidente importado desde SAC,,Cac,Usuario Importador,Telemarketing,,Consulta,Solucionado,,,,,AUS1 - AUTOMOTORES,854908,,4422851,Facturación,,,,'2016-11-11 08:27:20','2016-11-11 08:27:20','2016-11-11 08:27:20',Atendido,,
161111-349848,,Incidente importado desde SAC,,Cac,Usuario Importador,Telemarketing,,Consulta,Solucionado,,,,,EGE1 - EXT.GARANTIA ELECTRO,854910,,3359849,Atenc. Serv. Tecn (Stro ext. de gtías),,,,'2016-11-11 08:27:20','2016-11-11 08:27:20','2016-11-11 08:27:20',Atendido,,
161111-349818,,Incidente importado desde SAC,,Cac,Usuario Importador,Telemarketing,,Consulta,Solucionado,,,,,AUS1 - AUTOMOTORES,854880,,5632363,Post - Denuncia,,,,'2016-11-11 08:27:19','2016-11-11 08:27:19','2016-11-11 08:27:19',Atendido,,
161111-349825,,Incidente importado desde SAC,,Cac,Usuario Importador,Telemarketing,,Consulta,Solucionado,,,,,AUI1 - AUTOMOTORES INSTITUCIONES,854887,,641362,Facturación,,,,'2016-11-11 08:27:19','2016-11-11 08:27:19','2016-11-11 08:27:19',Atendido,,
161111-349806,,Incidente importado desde SAC,,Cac,Usuario Importador,Telemarketing,,Consulta,Solucionado,,,,,AUS1 - AUTOMOTORES,854868,,393408,Facturación,,,,'2016-11-11 08:27:18','2016-11-11 08:27:18','2016-11-11 08:27:18',Atendido,,
161111-349810,,Incidente importado desde SAC,,Cac,Usuario Importador,Telemarketing,,Consulta,Solucionado,,,,,AUS1 - AUTOMOTORES,854872,,377333,Facturación,,,,'2016-11-11 08:27:18','2016-11-11 08:27:18','2016-11-11 08:27:18',Atendido,,
161111-349786,,Incidente importado desde SAC,,Cac,Usuario Importador,Telemarketing,,Consulta,Solucionado,,,,,AUI1 - AUTOMOTORES INSTITUCIONES,854848,,4445679,Facturación,,,,'2016-11-11 08:27:17','2016-11-11 08:27:17','2016-11-11 08:27:17',Atendido,,
161111-349791,,Incidente importado desde SAC,,Cac,Usuario Importador,Telemarketing,,Consulta,Solucionado,,,,,AUS1 - AUTOMOTORES,854853,,7844744,Post - Denuncia,,,,'2016-11-11 08:27:17','2016-11-11 08:27:17','2016-11-11 08:27:17',Atendido,,
161111-349792,,Incidente importado desde SAC,,Cac,Usuario Importador,Telemarketing,,Consulta,Solucionado,,,,,AUI1 - AUTOMOTORES INSTITUCIONES,854854,,555523,Imputación de cobranzas - Automático,,,,'2016-11-11 08:27:17','2016-11-11 08:27:17','2016-11-11 08:27:17',Atendido,,
161111-349793,,Incidente importado desde SAC,,Cac,Usuario Importador,Carta Documento,,Consulta,Solucionado,,,,,HOM1 - SEGURO DEL HOGAR,854855,,5213490,Facturación,,,,'2016-11-11 08:27:17','2016-11-11 08:27:17','2016-11-11 08:27:17',Atendido,,
161111-349797,,Incidente importado desde SAC,,Cac,Usuario Importador,Telemarketing,,Consulta,Solucionado,,,,,APL1 - AUTOMOTORES PLANES,854859,,2623222,Facturación,,,,'2016-11-11 08:27:17','2016-11-11 08:27:17','2016-11-11 08:27:17',Atendido,,
161111-349798,,Incidente importado desde SAC,,Cac,Usuario Importador,Telemarketing,,Consulta,Solucionado,,,,,APR1 - AUTOMOTORES,854860,,3477166,Post - Denuncia,,,,'2016-11-11 08:27:17','2016-11-11 08:27:17','2016-11-11 08:27:17',Atendido,,
161111-349782,,Incidente importado desde SAC,,Gerencia Clientes,Usuario Importador,Carta Documento,,Reclamo,Solucionado,,,,,AUS1 - AUTOMOTORES,854844,,5185361,Cupón de pago,,,,'2016-11-11 08:27:16','2016-11-11 08:27:16','2016-11-11 08:27:16',Resuelto,,
161111-349765,,Incidente importado desde SAC,,Cac,Usuario Importador,Carta Documento,,Consulta,Solucionado,,,,,APR1 - AUTOMOTORES,854827,,1779559,Certificado de cobertura,,,,'2016-11-11 08:27:15','2016-11-11 08:27:15','2016-11-11 08:27:15',Atendido,,
161111-349767,,Incidente importado desde SAC,,Mailing,Usuario Importador,Telemarketing,,Reclamo,Solucionado,,,,,AUS1 - AUTOMOTORES,854829,,3209242,Cupón de pago,,,,'2016-11-11 08:27:15','2016-11-11 08:27:15','2016-11-11 08:27:15',Resuelto,,
161111-349760,,Incidente importado desde SAC,,Emisión Masivos,Usuario Importador,Telemarketing,,Consulta,Solucionado,,,,,AUS1 - AUTOMOTORES,854822,,586336,Baja de póliza,,,,'2016-11-11 08:27:14','2016-11-11 08:27:14','2016-11-11 08:27:14',Atendido,,
161111-349748,,Incidente importado desde SAC,,Cac,Usuario Importador,Telemarketing,,Consulta,Solucionado,,,,,APR1 - AUTOMOTORES,854811,,3477808,Facturación,,,,'2016-11-11 08:27:12','2016-11-11 08:27:12','2016-11-11 08:27:12',Atendido,,
161111-349749,,Incidente importado desde SAC,,Emisión Masivos,Usuario Importador,Telemarketing,,Consulta,Solucionado,,,,,AUS1 - AUTOMOTORES,854812,,341698,Baja de póliza,,,,'2016-11-11 08:27:12','2016-11-11 08:27:12','2016-11-11 08:27:12',Atendido,,
161111-349753,,Incidente importado desde SAC,,Cac,Usuario Importador,Telemarketing,,Consulta,Solucionado,,,,,ATD1 - ROBO/USUAR.T.DEB-CRE,854816,,6217150,Baja de póliza,,,,'2016-11-11 08:27:12','2016-11-11 08:27:12','2016-11-11 08:27:12',Atendido,,
161111-349738,,Incidente importado desde SAC,,Daños Materiales Autos,Usuario Importador,Telemarketing,,Reclamo,Solucionado,,,,,AUS1 - AUTOMOTORES,854801,,5359596,Daños materiales Casa Central,,,,'2016-11-11 08:27:10','2016-11-11 08:27:10','2016-11-11 08:27:10',Resuelto,,
161111-349745,,Incidente importado desde SAC,,Cac,Usuario Importador,Telemarketing,,Consulta,Solucionado,,,,,AUS1 - AUTOMOTORES,854808,,2941307,Post - Denuncia,,,,'2016-11-11 08:27:10','2016-11-11 08:27:10','2016-11-11 08:27:10',Atendido,,
161111-349724,,Incidente importado desde SAC,,Cac,Usuario Importador,Telemarketing,,Consulta,Solucionado,,,,,APR1 - AUTOMOTORES,854787,,3485822,Facturación,,,,'2016-11-11 08:27:09','2016-11-11 08:27:09','2016-11-11 08:27:09',Atendido,,
161111-349728,,Incidente importado desde SAC,,Fleet Services,Usuario Importador,Telemarketing,,Consulta,Solucionado,,,,,AUT1 - AUTOMOTORES,854791,,7728707,Contacto del tercero,,,,'2016-11-11 08:27:09','2016-11-11 08:27:09','2016-11-11 08:27:09',Atendido,,
161111-349733,,Incidente importado desde SAC,,Cac,Usuario Importador,Carta Documento,,Consulta,Solucionado,,,,,AUS1 - AUTOMOTORES,854796,,7627324,Condiciones de póliza,,,,'2016-11-11 08:27:09','2016-11-11 08:27:09','2016-11-11 08:27:09',Atendido,,
161111-349698,,Incidente importado desde SAC,,Cac,Usuario Importador,Telemarketing,,Consulta,Solucionado,,,,,ATD1 - ROBO/USUAR.T.DEB-CRE,854761,,1973443,Baja de póliza,,,,'2016-11-11 08:27:07','2016-11-11 08:27:07','2016-11-11 08:27:07',Atendido,,
161111-349703,,Incidente importado desde SAC,,Daños Materiales Autos,Usuario Importador,Carta,,Consulta,Solucionado,,,,,AUT1 - AUTOMOTORES,854766,,6502762,Siniestro Jet,,,,'2016-11-11 08:27:07','2016-11-11 08:27:07','2016-11-11 08:27:07',Resuelto,,
161111-349704,,Incidente importado desde SAC,,Cac,Usuario Importador,Telemarketing,,Consulta,Solucionado,,,,,AUS1 - AUTOMOTORES,854767,,3564745,Post - Denuncia,,,,'2016-11-11 08:27:07','2016-11-11 08:27:07','2016-11-11 08:27:07',Atendido,,
161111-349681,,Incidente importado desde SAC,,Fleet Services,Usuario Importador,Carta Documento,,Consulta,Solucionado,,,,,AUT1 - AUTOMOTORES,854744,,6686949,Siniestro Jet,,,,'2016-11-11 08:27:06','2016-11-11 08:27:06','2016-11-11 08:27:06',Resuelto,,
161111-349684,,Incidente importado desde SAC,,Fleet Services,Usuario Importador,Telemarketing,,Consulta,Solucionado,,,,,AUT1 - AUTOMOTORES,854747,,2097839,Contacto del tercero,,,,'2016-11-11 08:27:06','2016-11-11 08:27:06','2016-11-11 08:27:06',Atendido,,
161111-349685,,Incidente importado desde SAC,,Cac,Usuario Importador,Telemarketing,,Consulta,Solucionado,,,,,APR1 - AUTOMOTORES,854748,,6911902,Modificaciones datos del producto,,,,'2016-11-11 08:27:06','2016-11-11 08:27:06','2016-11-11 08:27:06',Atendido,,
161111-349687,,Incidente importado desde SAC,,Robo / Destruccion Total,Usuario Importador,Carta,,Consulta,Solucionado,,,,,AUT1 - AUTOMOTORES,854750,,7003861,Siniestro Jet,,,,'2016-11-11 08:27:06','2016-11-11 08:27:06','2016-11-11 08:27:06',Resuelto,,
161111-349689,,Incidente importado desde SAC,,Fleet Services,Usuario Importador,Telemarketing,,Consulta,Solucionado,,,,,AUA1 - AUTOMOTORES CARTERA GENERAL,854752,,2246328,Contacto del tercero,,,,'2016-11-11 08:27:06','2016-11-11 08:27:06','2016-11-11 08:27:06',Atendido,,
161111-349694,,Incidente importado desde SAC,,Cac,Usuario Importador,Telemarketing,,Consulta,Solucionado,,,,,AUS1 - AUTOMOTORES,854757,,7266522,Post - Denuncia,,,,'2016-11-11 08:27:06','2016-11-11 08:27:06','2016-11-11 08:27:06',Atendido,,
161111-349695,,Incidente importado desde SAC,,Fleet Services,Usuario Importador,Telemarketing,,Consulta,Solucionado,,,,,AUT1 - AUTOMOTORES,854758,,7504523,Contacto del tercero,,,,'2016-11-11 08:27:06','2016-11-11 08:27:06','2016-11-11 08:27:06',Atendido,,
161111-349672,,Incidente importado desde SAC,,Cac,Usuario Importador,Telemarketing,,Consulta,Solucionado,,,,,APL1 - AUTOMOTORES PLANES,854735,,635592,Denuncia daños materiales,,,,'2016-11-11 08:27:05','2016-11-11 08:27:05','2016-11-11 08:27:05',Atendido,,
161111-349676,,Incidente importado desde SAC,,Cac,Usuario Importador,Telemarketing,,Consulta,Solucionado,,,,,APL1 - AUTOMOTORES PLANES,854739,,3447355,Modificaciones datos del producto,,,,'2016-11-11 08:27:05','2016-11-11 08:27:05','2016-11-11 08:27:05',Atendido,,
161111-349652,,Incidente importado desde SAC,,Cac,Usuario Importador,Telemarketing,,Consulta,Solucionado,,,,,AUS1 - AUTOMOTORES,854715,,7342649,Post - Denuncia,,,,'2016-11-11 08:27:04','2016-11-11 08:27:04','2016-11-11 08:27:04',Atendido,,
161111-349658,,Incidente importado desde SAC,,Cac,Usuario Importador,Carta Documento,,Consulta,Solucionado,,,,,AUI1 - AUTOMOTORES INSTITUCIONES,854721,,5162322,Certificado de cobertura,,,,'2016-11-11 08:27:04','2016-11-11 08:27:04','2016-11-11 08:27:04',Atendido,,
161111-349661,,Incidente importado desde SAC,,Cac,Usuario Importador,Telemarketing,,Consulta,Solucionado,,,,,AUS1 - AUTOMOTORES,854724,,5289787,Facturación,,,,'2016-11-11 08:27:04','2016-11-11 08:27:04','2016-11-11 08:27:04',Atendido,,
161111-349665,,Incidente importado desde SAC,,Cac,Usuario Importador,Telemarketing,,Consulta,Solucionado,,,,,AUS1 - AUTOMOTORES,854728,,5136037,Facturación,,,,'2016-11-11 08:27:04','2016-11-11 08:27:04','2016-11-11 08:27:04',Atendido,,
161111-349637,,Incidente importado desde SAC,,Fleet Services,Usuario Importador,Telemarketing,,Consulta,Solucionado,,,,,AUT1 - AUTOMOTORES,854700,,3521818,Contacto del tercero,,,,'2016-11-11 08:27:03','2016-11-11 08:27:03','2016-11-11 08:27:03',Atendido,,
161111-349640,,Incidente importado desde SAC,,Cac,Usuario Importador,Telemarketing,,Consulta,Solucionado,,,,,HOM1 - SEGURO DEL HOGAR,854703,,1300154,Certificado de cobertura,,,,'2016-11-11 08:27:03','2016-11-11 08:27:03','2016-11-11 08:27:03',Atendido,,
161111-349643,,Incidente importado desde SAC,,Emisión Masivos,Usuario Importador,Telemarketing,,Consulta,Solucionado,,,,,AUS1 - AUTOMOTORES,854706,,3533416,Baja de póliza,,,,'2016-11-11 08:27:03','2016-11-11 08:27:03','2016-11-11 08:27:03',Atendido,,
161111-349644,,Incidente importado desde SAC,,Cac,Usuario Importador,Telemarketing,,Consulta,Solucionado,,,,,AUS1 - AUTOMOTORES,854707,,4029030,Facturación,,,,'2016-11-11 08:27:03','2016-11-11 08:27:03','2016-11-11 08:27:03',Atendido,,
161111-349646,,Incidente importado desde SAC,,Lesiones,Usuario Importador,Telemarketing,,Reclamo,Solucionado,,,,,APL1 - AUTOMOTORES PLANES,854709,,3405345,Lesiones,,,,'2016-11-11 08:27:03','2016-11-11 08:27:03','2016-11-11 08:27:03',Resuelto,,
161111-349627,,Incidente importado desde SAC,,Cac,Usuario Importador,Telemarketing,,Consulta,Solucionado,,,,,AUS1 - AUTOMOTORES,854690,,652136,Post - Denuncia,,,,'2016-11-11 08:27:02','2016-11-11 08:27:02','2016-11-11 08:27:02',Atendido,,
161111-349628,,Incidente importado desde SAC,,Cac,Usuario Importador,Telemarketing,,Consulta,Solucionado,,,,,AUS1 - AUTOMOTORES,854691,,7671433,Facturación,,,,'2016-11-11 08:27:02','2016-11-11 08:27:02','2016-11-11 08:27:02',Atendido,,
161111-349632,,Incidente importado desde SAC,,Cac,Usuario Importador,Telemarketing,,Consulta,Solucionado,,,,,APR1 - AUTOMOTORES,854695,,3515241,Post - Denuncia,,,,'2016-11-11 08:27:02','2016-11-11 08:27:02','2016-11-11 08:27:02',Atendido,,
161111-349617,,Incidente importado desde SAC,,Cac,Usuario Importador,Telemarketing,,Consulta,Solucionado,,,,,AUS1 - AUTOMOTORES,854680,,6701286,Certificado de cobertura,,,,'2016-11-11 08:27:01','2016-11-11 08:27:01','2016-11-11 08:27:01',Atendido,,
161111-349618,,Incidente importado desde SAC,,Gerencia Clientes,Usuario Importador,Carta Documento,,Reclamo,Solucionado,,,,,AUS1 - AUTOMOTORES,854681,,2069974,Baja de póliza,,,,'2016-11-11 08:27:01','2016-11-11 08:27:01','2016-11-11 08:27:01',Resuelto,,
161111-349626,,Incidente importado desde SAC,,Emisión Masivos,Usuario Importador,Telemarketing,,Consulta,Solucionado,,,,,AUS1 - AUTOMOTORES,854689,,1741044,Baja de póliza,,,,'2016-11-11 08:27:01','2016-11-11 08:27:01','2016-11-11 08:27:01',Atendido,,
161111-349613,,Incidente importado desde SAC,,Cac,Usuario Importador,Telemarketing,,Consulta,Solucionado,,,,,APL1 - AUTOMOTORES PLANES,854677,,5528916,Post - Denuncia,,,,'2016-11-11 08:27:00','2016-11-11 08:27:00','2016-11-11 08:27:00',Atendido,,
161111-349609,,Incidente importado desde SAC,,Gerencia Clientes,Usuario Importador,Carta Documento,,Reclamo,Solucionado,,,,,AUS1 - AUTOMOTORES,854673,,2617629,Venta con anomalías,,,,'2016-11-11 08:26:59','2016-11-11 08:26:59','2016-11-11 08:26:59',No Procedente,,
161111-349605,,Incidente importado desde SAC,,Mailing,Usuario Importador,Carta Documento,,Reclamo,Solucionado,,,,,AUS1 - AUTOMOTORES,854669,,4879556,Certificado de cobertura,,,,'2016-11-11 08:26:58','2016-11-11 08:26:58','2016-11-11 08:26:58',Resuelto,,
161111-349606,,Incidente importado desde SAC,,Cac,Usuario Importador,Telemarketing,,Consulta,Solucionado,,,,,APR1 - AUTOMOTORES,854670,,3933448,Modificaciones datos del producto,,,,'2016-11-11 08:26:58','2016-11-11 08:26:58','2016-11-11 08:26:58',Atendido,,
161111-349601,,Incidente importado desde SAC,,Mailing,Usuario Importador,Telemarketing,,Reclamo,Solucionado,,,,,AUS1 - AUTOMOTORES,854665,,3668397,Cupón de pago,,,,'2016-11-11 08:26:57','2016-11-11 08:26:57','2016-11-11 08:26:57',Resuelto,,
161111-349604,,Incidente importado desde SAC,,Cac,Usuario Importador,Telemarketing,,Consulta,Solucionado,,,,,APL1 - AUTOMOTORES PLANES,854668,,2601136,Post - Denuncia,,,,'2016-11-11 08:26:57','2016-11-11 08:26:57','2016-11-11 08:26:57',Atendido,,
161111-349579,,Incidente importado desde SAC,,Gerencia Clientes,Usuario Importador,Carta Documento,,Consulta,Solucionado,,,,,EEQ1 - SEGURO INGENIERIA,854643,,6502458,Certificado de cobertura,,,,'2016-11-11 08:26:56','2016-11-11 08:26:56','2016-11-11 08:26:56',Atendido,,
161111-349589,,Incidente importado desde SAC,,Emisión Masivos,Usuario Importador,Telemarketing,,Consulta,Solucionado,,,,,AUS1 - AUTOMOTORES,854653,,2511963,Baja de póliza,,,,'2016-11-11 08:26:56','2016-11-11 08:26:56','2016-11-11 08:26:56',Atendido,,
161111-349590,,Incidente importado desde SAC,,Cac,Usuario Importador,Carta Documento,,Consulta,Solucionado,,,,,AUS1 - AUTOMOTORES,854654,,5258930,Certificado de cobertura,,,,'2016-11-11 08:26:56','2016-11-11 08:26:56','2016-11-11 08:26:56',Atendido,,
161111-349570,,Incidente importado desde SAC,,Cac,Usuario Importador,Carta Documento,,Consulta,Solucionado,,,,,AUS1 - AUTOMOTORES,854634,,2350670,Certificado de cobertura,,,,'2016-11-11 08:26:55','2016-11-11 08:26:55','2016-11-11 08:26:55',Atendido,,
161111-349572,,Incidente importado desde SAC,,Riesgos Varios Casa Central,Usuario Importador,Carta,,Consulta,Solucionado,,,,,TRO2 - T.RIESGO OPERATIVO,854636,,3446301,Siniestro Jet,,,,'2016-11-11 08:26:55','2016-11-11 08:26:55','2016-11-11 08:26:55',Resuelto,,
161111-349575,,Incidente importado desde SAC,,Cac,Usuario Importador,Carta Documento,,Consulta,Solucionado,,,,,AUS1 - AUTOMOTORES,854639,,3255253,Certificado de cobertura,,,,'2016-11-11 08:26:55','2016-11-11 08:26:55','2016-11-11 08:26:55',Atendido,,
161111-349549,,Incidente importado desde SAC,,Cac,Usuario Importador,Telemarketing,,Consulta,Solucionado,,,,,AUS1 - AUTOMOTORES,854613,,7541105,Post - Denuncia,,,,'2016-11-11 08:26:54','2016-11-11 08:26:54','2016-11-11 08:26:54',Atendido,,
161111-349559,,Incidente importado desde SAC,,Robo / Destruccion Total,Usuario Importador,Carta,,Consulta,Solucionado,,,,,AUT1 - AUTOMOTORES,854623,,2772635,Siniestro Jet,,,,'2016-11-11 08:26:54','2016-11-11 08:26:54','2016-11-11 08:26:54',Resuelto,,
161111-349560,,Incidente importado desde SAC,,Cac,Usuario Importador,Telemarketing,,Consulta,Solucionado,,,,,HOM1 - SEGURO DEL HOGAR,854624,,7712042,Post - Denuncia,,,,'2016-11-11 08:26:54','2016-11-11 08:26:54','2016-11-11 08:26:54',Atendido,,
161111-349564,,Incidente importado desde SAC,,Emisión Masivos,Usuario Importador,Telemarketing,,Consulta,Solucionado,,,,,HOM1 - SEGURO DEL HOGAR,854628,,1213889,Baja de póliza,,,,'2016-11-11 08:26:54','2016-11-11 08:26:54','2016-11-11 08:26:54',Atendido,,
161111-349544,,Incidente importado desde SAC,,Cac,Usuario Importador,Carta Documento,,Consulta,Solucionado,,,,,AUS1 - AUTOMOTORES,854607,,1755411,Facturación,,,,'2016-11-11 08:26:53','2016-11-11 08:26:53','2016-11-11 08:26:53',Atendido,,
161111-349529,,Incidente importado desde SAC,,Cac,Usuario Importador,Telemarketing,,Consulta,Solucionado,,,,,AUS1 - AUTOMOTORES,854592,,1274601,Post - Denuncia,,,,'2016-11-11 08:26:52','2016-11-11 08:26:52','2016-11-11 08:26:52',Atendido,,
161111-349531,,Incidente importado desde SAC,,Cac,Usuario Importador,Telemarketing,,Consulta,Solucionado,,,,,APR1 - AUTOMOTORES,854594,,554651,Post - Denuncia,,,,'2016-11-11 08:26:52','2016-11-11 08:26:52','2016-11-11 08:26:52',Atendido,,
161111-349519,,Incidente importado desde SAC,,Cac,Usuario Importador,Telemarketing,,Consulta,Solucionado,,,,,ATD1 - ROBO/USUAR.T.DEB-CRE,854582,,5875141,Baja de póliza,,,,'2016-11-11 08:26:51','2016-11-11 08:26:51','2016-11-11 08:26:51',Atendido,,
161111-349526,,Incidente importado desde SAC,,Cac,Usuario Importador,Telemarketing,,Consulta,Solucionado,,,,,AUS1 - AUTOMOTORES,854589,,6443130,Denuncia Robos,,,,'2016-11-11 08:26:51','2016-11-11 08:26:51','2016-11-11 08:26:51',Atendido,,
161111-349528,,Incidente importado desde SAC,,Cac,Usuario Importador,Telemarketing,,Consulta,Solucionado,,,,,APR1 - AUTOMOTORES,854591,,2587552,Post - Denuncia,,,,'2016-11-11 08:26:51','2016-11-11 08:26:51','2016-11-11 08:26:51',Atendido,,
161111-349506,,Incidente importado desde SAC,,Cac,Usuario Importador,Telemarketing,,Consulta,Solucionado,,,,,AUS1 - AUTOMOTORES,854570,,7142821,Post - Denuncia,,,,'2016-11-11 08:26:50','2016-11-11 08:26:50','2016-11-11 08:26:50',Atendido,,
161111-349513,,Incidente importado desde SAC,,Emisión Cartera Gral.,Usuario Importador,Telemarketing,,Consulta,Solucionado,,,,,AUA1 - AUTOMOTORES CARTERA GENERAL,854577,,3520098,Baja de póliza,,,,'2016-11-11 08:26:50','2016-11-11 08:26:50','2016-11-11 08:26:50',Atendido,,
161111-349489,,Incidente importado desde SAC,,Cac,Usuario Importador,Telemarketing,,Consulta,Solucionado,,,,,AUS1 - AUTOMOTORES,854553,,1903262,Facturación,,,,'2016-11-11 08:26:49','2016-11-11 08:26:49','2016-11-11 08:26:49',Atendido,,
161111-349495,,Incidente importado desde SAC,,Gerencia Clientes,Usuario Importador,Carta Documento,,Consulta,Solucionado,,,,,AUT1 - AUTOMOTORES,854559,,2367836,Certificado de cobertura,,,,'2016-11-11 08:26:49','2016-11-11 08:26:49','2016-11-11 08:26:49',Atendido,,
161111-349479,,Incidente importado desde SAC,,Telecobranzas,Usuario Importador,Telemarketing,,Consulta,Solucionado,,,,,HOM1 - SEGURO DEL HOGAR,854543,,5490461,Reenvío al cobro,,,,'2016-11-11 08:26:48','2016-11-11 08:26:48','2016-11-11 08:26:48',Atendido,,
161111-349484,,Incidente importado desde SAC,,Cac,Usuario Importador,Telemarketing,,Consulta,Solucionado,,,,,AUS1 - AUTOMOTORES,854548,,6721281,Facturación,,,,'2016-11-11 08:26:48','2016-11-11 08:26:48','2016-11-11 08:26:48',Atendido,,
161111-349466,,Incidente importado desde SAC,,Cac,Usuario Importador,Telemarketing,,Consulta,Solucionado,,,,,AUS1 - AUTOMOTORES,854530,,7416937,Facturación,,,,'2016-11-11 08:26:46','2016-11-11 08:26:46','2016-11-11 08:26:46',Atendido,,
161111-349470,,Incidente importado desde SAC,,Oficina Rosario,Usuario Importador,Telemarketing,,Accion Proactiva,Solucionado,,,,,HOM1 - SEGURO DEL HOGAR,854534,,4791723,Irregularidad siniestro - Acción Proactiva,,,,'2016-11-11 08:26:46','2016-11-11 08:26:46','2016-11-11 08:26:46',Resuelto,,
161111-349457,,Incidente importado desde SAC,,Cac,Usuario Importador,Carta Documento,,Consulta,Solucionado,,,,,AUS1 - AUTOMOTORES,854521,,3805260,Certificado de cobertura,,,,'2016-11-11 08:26:44','2016-11-11 08:26:44','2016-11-11 08:26:44',Atendido,,
161111-349458,,Incidente importado desde SAC,,Robo / Destruccion Total,Usuario Importador,Carta,,Consulta,Solucionado,,,,,AUS1 - AUTOMOTORES,854522,,7341796,Siniestro Jet,,,,'2016-11-11 08:26:44','2016-11-11 08:26:44','2016-11-11 08:26:44',Resuelto,,
161111-349460,,Incidente importado desde SAC,,Cac,Usuario Importador,Telemarketing,,Consulta,Solucionado,,,,,AUT1 - AUTOMOTORES,854524,,3755563,Denuncia daños materiales,,,,'2016-11-11 08:26:44','2016-11-11 08:26:44','2016-11-11 08:26:44',Atendido,,
161111-349461,,Incidente importado desde SAC,,Cac,Usuario Importador,Telemarketing,,Consulta,Solucionado,,,,,AUS1 - AUTOMOTORES,854525,,1332871,Post - Denuncia,,,,'2016-11-11 08:26:44','2016-11-11 08:26:44','2016-11-11 08:26:44',Atendido,,
161111-349462,,Incidente importado desde SAC,,Cac,Usuario Importador,Telemarketing,,Consulta,Solucionado,,,,,AUS1 - AUTOMOTORES,854526,,674152,Facturación,,,,'2016-11-11 08:26:44','2016-11-11 08:26:44','2016-11-11 08:26:44',Atendido,,
161111-349446,,Incidente importado desde SAC,,Cac,Usuario Importador,Telemarketing,,Consulta,Solucionado,,,,,AUS1 - AUTOMOTORES,854510,,4085205,Facturación,,,,'2016-11-11 08:26:43','2016-11-11 08:26:43','2016-11-11 08:26:43',Atendido,,
161111-349451,,Incidente importado desde SAC,,Cac,Usuario Importador,Telemarketing,,Consulta,Solucionado,,,,,APR1 - AUTOMOTORES,854515,,3408096,Modificaciones datos del producto,,,,'2016-11-11 08:26:43','2016-11-11 08:26:43','2016-11-11 08:26:43',Atendido,,
161111-349452,,Incidente importado desde SAC,,Emisión Masivos,Usuario Importador,Carta Documento,,Consulta,Solucionado,,,,,HOM1 - SEGURO DEL HOGAR,854516,,4485593,Baja de póliza,,,,'2016-11-11 08:26:43','2016-11-11 08:26:43','2016-11-11 08:26:43',Atendido,,
161111-349429,,Incidente importado desde SAC,,Cac,Usuario Importador,Telemarketing,,Consulta,Solucionado,,,,,AUS1 - AUTOMOTORES,854493,,2918311,Baja de póliza,,,,'2016-11-11 08:26:42','2016-11-11 08:26:42','2016-11-11 08:26:42',Atendido,,
161111-349430,,Incidente importado desde SAC,,Cac,Usuario Importador,Telemarketing,,Consulta,Solucionado,,,,,AUS1 - AUTOMOTORES,854494,,3288534,Imputación de cobranzas - Automático,,,,'2016-11-11 08:26:42','2016-11-11 08:26:42','2016-11-11 08:26:42',Atendido,,
161111-349431,,Incidente importado desde SAC,,Mailing,Usuario Importador,Telemarketing,,Reclamo,Solucionado,,,,,HOM1 - SEGURO DEL HOGAR,854495,,7375280,Cupón de pago,,,,'2016-11-11 08:26:42','2016-11-11 08:26:42','2016-11-11 08:26:42',Resuelto,,
161111-349433,,Incidente importado desde SAC,,Cac,Usuario Importador,Telemarketing,,Consulta,Solucionado,,,,,AUS1 - AUTOMOTORES,854497,,2725722,Post - Denuncia,,,,'2016-11-11 08:26:42','2016-11-11 08:26:42','2016-11-11 08:26:42',Atendido,,
161111-349436,,Incidente importado desde SAC,,Gerencia Clientes,Usuario Importador,Telemarketing,,Reclamo,Solucionado,,,,,AUS1 - AUTOMOTORES,854500,,4235818,Venta con anomalías,,,,'2016-11-11 08:26:42','2016-11-11 08:26:42','2016-11-11 08:26:42',Resuelto,,
161111-349440,,Incidente importado desde SAC,,Cac,Usuario Importador,Carta Documento,,Consulta,Solucionado,,,,,AUS1 - AUTOMOTORES,854504,,7124228,Certificado de cobertura,,,,'2016-11-11 08:26:42','2016-11-11 08:26:42','2016-11-11 08:26:42',Atendido,,
161111-349443,,Incidente importado desde SAC,,Cac,Usuario Importador,Carta Documento,,Consulta,Solucionado,,,,,APL1 - AUTOMOTORES PLANES,854507,,5046917,Certificado de cobertura,,,,'2016-11-11 08:26:42','2016-11-11 08:26:42','2016-11-11 08:26:42',Atendido,,
161111-349415,,Incidente importado desde SAC,,Cac,Usuario Importador,Telemarketing,,Consulta,Solucionado,,,,,HOM1 - SEGURO DEL HOGAR,854479,,3472491,Facturación,,,,'2016-11-11 08:26:41','2016-11-11 08:26:41','2016-11-11 08:26:41',Atendido,,
161111-349417,,Incidente importado desde SAC,,Cac,Usuario Importador,Telemarketing,,Consulta,Solucionado,,,,,AUS1 - AUTOMOTORES,854481,,2016869,Facturación,,,,'2016-11-11 08:26:41','2016-11-11 08:26:41','2016-11-11 08:26:41',Atendido,,
161111-349419,,Incidente importado desde SAC,,Cac,Usuario Importador,Telemarketing,,Consulta,Solucionado,,,,,AUS1 - AUTOMOTORES,854483,,7233677,Facturación,,,,'2016-11-11 08:26:41','2016-11-11 08:26:41','2016-11-11 08:26:41',Atendido,,
161111-349425,,Incidente importado desde SAC,,Cac,Usuario Importador,Telemarketing,,Consulta,Solucionado,,,,,AUS1 - AUTOMOTORES,854489,,4394589,Post - Denuncia,,,,'2016-11-11 08:26:41','2016-11-11 08:26:41','2016-11-11 08:26:41',Atendido,,
161111-349428,,Incidente importado desde SAC,,Cac,Usuario Importador,Telemarketing,,Consulta,Solucionado,,,,,APR1 - AUTOMOTORES,854492,,258152,Post - Denuncia,,,,'2016-11-11 08:26:41','2016-11-11 08:26:41','2016-11-11 08:26:41',Atendido,,
161111-349406,,Incidente importado desde SAC,,Cac,Usuario Importador,Carta Documento,,Consulta,Solucionado,,,,,APR1 - AUTOMOTORES,854470,,3389203,Certificado de cobertura,,,,'2016-11-11 08:26:40','2016-11-11 08:26:40','2016-11-11 08:26:40',Atendido,,
161111-349409,,Incidente importado desde SAC,,Cac,Usuario Importador,Telemarketing,,Consulta,Solucionado,,,,,AUS1 - AUTOMOTORES,854473,,7566016,Post - Denuncia,,,,'2016-11-11 08:26:40','2016-11-11 08:26:40','2016-11-11 08:26:40',Atendido,,
161111-349410,,Incidente importado desde SAC,,Cac,Usuario Importador,Telemarketing,,Consulta,Solucionado,,,,,AUS1 - AUTOMOTORES,854474,,3529899,Post - Denuncia,,,,'2016-11-11 08:26:40','2016-11-11 08:26:40','2016-11-11 08:26:40',Atendido,,
161111-349411,,Incidente importado desde SAC,,Cac,Usuario Importador,Telemarketing,,Consulta,Solucionado,,,,,AUI1 - AUTOMOTORES INSTITUCIONES,854475,,3381889,Denuncia daños materiales,,,,'2016-11-11 08:26:40','2016-11-11 08:26:40','2016-11-11 08:26:40',Atendido,,
161111-349412,,Incidente importado desde SAC,,Gerencia Clientes,Usuario Importador,Carta Documento,,Consulta,Solucionado,,,,,AUT1 - AUTOMOTORES,854476,,7732049,Certificado de cobertura,,,,'2016-11-11 08:26:40','2016-11-11 08:26:40','2016-11-11 08:26:40',Atendido,,
161111-349413,,Incidente importado desde SAC,,Emisión Masivos,Usuario Importador,Telemarketing,,Consulta,Solucionado,,,,,HOM1 - SEGURO DEL HOGAR,854477,,4553197,Baja de póliza,,,,'2016-11-11 08:26:40','2016-11-11 08:26:40','2016-11-11 08:26:40',Atendido,,
161111-349414,,Incidente importado desde SAC,,Cac,Usuario Importador,Telemarketing,,Consulta,Solucionado,,,,,APL1 - AUTOMOTORES PLANES,854478,,5802920,Post - Denuncia,,,,'2016-11-11 08:26:40','2016-11-11 08:26:40','2016-11-11 08:26:40',Atendido,,
161111-349386,,Incidente importado desde SAC,,Cac,Usuario Importador,Telemarketing,,Consulta,Solucionado,,,,,AUS1 - AUTOMOTORES,854450,,3991559,Facturación,,,,'2016-11-11 08:26:39','2016-11-11 08:26:39','2016-11-11 08:26:39',Atendido,,
161111-349392,,Incidente importado desde SAC,,Cac,Usuario Importador,Telemarketing,,Consulta,Solucionado,,,,,AUS1 - AUTOMOTORES,854456,,1322008,Post - Denuncia,,,,'2016-11-11 08:26:39','2016-11-11 08:26:39','2016-11-11 08:26:39',Atendido,,
161111-349393,,Incidente importado desde SAC,,Cac,Usuario Importador,Telemarketing,,Consulta,Solucionado,,,,,AUS1 - AUTOMOTORES,854457,,5283565,Facturación,,,,'2016-11-11 08:26:39','2016-11-11 08:26:39','2016-11-11 08:26:39',Atendido,,
161111-349396,,Incidente importado desde SAC,,Cac,Usuario Importador,Telemarketing,,Consulta,Solucionado,,,,,APR1 - AUTOMOTORES,854460,,3346729,Denuncia daños materiales,,,,'2016-11-11 08:26:39','2016-11-11 08:26:39','2016-11-11 08:26:39',Atendido,,
161111-349399,,Incidente importado desde SAC,,Cac,Usuario Importador,Telemarketing,,Consulta,Solucionado,,,,,HOC1 - SEGURO DEL HOGAR,854463,,1050585,Facturación,,,,'2016-11-11 08:26:39','2016-11-11 08:26:39','2016-11-11 08:26:39',Atendido,,
161111-349372,,Incidente importado desde SAC,,Cac,Usuario Importador,Telemarketing,,Consulta,Solucionado,,,,,AUT1 - AUTOMOTORES,854436,,4842819,Facturación,,,,'2016-11-11 08:26:38','2016-11-11 08:26:38','2016-11-11 08:26:38',Atendido,,
161111-349374,,Incidente importado desde SAC,,Drive in Ciudadela,Usuario Importador,Carta Documento,,Consulta,Solucionado,,,,,AUT1 - AUTOMOTORES,854438,,3009612,Siniestro Jet,,,,'2016-11-11 08:26:38','2016-11-11 08:26:38','2016-11-11 08:26:38',Resuelto,,
161111-349376,,Incidente importado desde SAC,,Mailing,Usuario Importador,Telemarketing,,Reclamo,Solucionado,,,,,AUS1 - AUTOMOTORES,854440,,5177408,Cupón de pago,,,,'2016-11-11 08:26:38','2016-11-11 08:26:38','2016-11-11 08:26:38',Resuelto,,
161111-349378,,Incidente importado desde SAC,,Cac,Usuario Importador,Canal productor,,Consulta,Solucionado,,,,,AUS1 - AUTOMOTORES,854442,,6697958,Modificación de canal de cobro por única vez,,,,'2016-11-11 08:26:38','2016-11-11 08:26:38','2016-11-11 08:26:38',Atendido,,
161111-349383,,Incidente importado desde SAC,,Cac,Usuario Importador,Carta Documento,,Consulta,Solucionado,,,,,AUI1 - AUTOMOTORES INSTITUCIONES,854447,,1416060,Certificado de cobertura,,,,'2016-11-11 08:26:38','2016-11-11 08:26:38','2016-11-11 08:26:38',Atendido,,
161111-349384,,Incidente importado desde SAC,,Cac,Usuario Importador,Telemarketing,,Consulta,Solucionado,,,,,AUS1 - AUTOMOTORES,854448,,288092,Facturación,,,,'2016-11-11 08:26:38','2016-11-11 08:26:38','2016-11-11 08:26:38',Atendido,,
161111-349358,,Incidente importado desde SAC,,Cac,Usuario Importador,Carta Documento,,Consulta,Solucionado,,,,,AUS1 - AUTOMOTORES,854422,,2855128,Condiciones de póliza,,,,'2016-11-11 08:26:37','2016-11-11 08:26:37','2016-11-11 08:26:37',Atendido,,
161111-349365,,Incidente importado desde SAC,,Cac,Usuario Importador,Carta Documento,,Consulta,Solucionado,,,,,AUS1 - AUTOMOTORES,854429,,5898770,Certificado de cobertura,,,,'2016-11-11 08:26:37','2016-11-11 08:26:37','2016-11-11 08:26:37',Atendido,,
161111-349367,,Incidente importado desde SAC,,Cac,Usuario Importador,Telemarketing,,Consulta,Solucionado,,,,,AUS1 - AUTOMOTORES,854431,,5603924,Post - Denuncia,,,,'2016-11-11 08:26:37','2016-11-11 08:26:37','2016-11-11 08:26:37',Atendido,,
161111-349346,,Incidente importado desde SAC,,Fleet Services,Usuario Importador,Telemarketing,,Consulta,Solucionado,,,,,AUT1 - AUTOMOTORES,854410,,5303610,Contacto del tercero,,,,'2016-11-11 08:26:36','2016-11-11 08:26:36','2016-11-11 08:26:36',Atendido,,
161111-349347,,Incidente importado desde SAC,,Cac,Usuario Importador,Carta Documento,,Consulta,Solucionado,,,,,APR1 - AUTOMOTORES,854411,,3390993,Certificado de cobertura,,,,'2016-11-11 08:26:36','2016-11-11 08:26:36','2016-11-11 08:26:36',Atendido,,
161111-349351,,Incidente importado desde SAC,,Cac,Usuario Importador,Carta Documento,,Consulta,Solucionado,,,,,AUS1 - AUTOMOTORES,854415,,2640314,Certificado de cobertura,,,,'2016-11-11 08:26:36','2016-11-11 08:26:36','2016-11-11 08:26:36',Atendido,,
161111-349355,,Incidente importado desde SAC,,Gerencia Clientes,Usuario Importador,Carta Documento,,Consulta,Solucionado,,,,,AUT1 - AUTOMOTORES,854419,,1093670,Certificado de cobertura,,,,'2016-11-11 08:26:36','2016-11-11 08:26:36','2016-11-11 08:26:36',Atendido,,
161111-349334,,Incidente importado desde SAC,,Fleet Services,Usuario Importador,Carta Documento,,Consulta,Solucionado,,,,,AUA1 - AUTOMOTORES CARTERA GENERAL,854398,,6489665,Contacto del tercero,,,,'2016-11-11 08:26:35','2016-11-11 08:26:35','2016-11-11 08:26:35',Resuelto,,
161111-349335,,Incidente importado desde SAC,,Cac,Usuario Importador,Telemarketing,,Reclamo,Solucionado,,,,,AUS1 - AUTOMOTORES,854399,,1262060,Daños materiales Cleas,,,,'2016-11-11 08:26:35','2016-11-11 08:26:35','2016-11-11 08:26:35',No Procedente,,
161111-349338,,Incidente importado desde SAC,,Drive in Libertador,Usuario Importador,Telemarketing,,Reclamo,Solucionado,,,,,AUS1 - AUTOMOTORES,854402,,6221660,Daños materiales drive in Libertador,,,,'2016-11-11 08:26:35','2016-11-11 08:26:35','2016-11-11 08:26:35',Resuelto,,
161111-349339,,Incidente importado desde SAC,,Cac,Usuario Importador,Carta Documento,,Consulta,Solucionado,,,,,AUS1 - AUTOMOTORES,854403,,3426259,Modificación datos personales,,,,'2016-11-11 08:26:35','2016-11-11 08:26:35','2016-11-11 08:26:35',Atendido,,
161111-349342,,Incidente importado desde SAC,,Cac,Usuario Importador,Telemarketing,,Consulta,Solucionado,,,,,AUS1 - AUTOMOTORES,854406,,1414726,Certificado de cobertura,,,,'2016-11-11 08:26:35','2016-11-11 08:26:35','2016-11-11 08:26:35',Atendido,,
161111-349324,,Incidente importado desde SAC,,Mailing,Usuario Importador,Telemarketing,,Reclamo,Solucionado,,,,,HOM1 - SEGURO DEL HOGAR,854388,,5504355,Cupón de pago,,,,'2016-11-11 08:26:34','2016-11-11 08:26:34','2016-11-11 08:26:34',Resuelto,,
161111-349325,,Incidente importado desde SAC,,Cac,Usuario Importador,Telemarketing,,Consulta,Solucionado,,,,,AUS1 - AUTOMOTORES,854389,,5222259,Baja de póliza,,,,'2016-11-11 08:26:34','2016-11-11 08:26:34','2016-11-11 08:26:34',Atendido,,
161111-349326,,Incidente importado desde SAC,,Cac,Usuario Importador,Telemarketing,,Consulta,Solucionado,,,,,AUS1 - AUTOMOTORES,854390,,6631807,Facturación,,,,'2016-11-11 08:26:34','2016-11-11 08:26:34','2016-11-11 08:26:34',Atendido,,
161111-349327,,Incidente importado desde SAC,,Cac,Usuario Importador,Carta Documento,,Consulta,Solucionado,,,,,AUS1 - AUTOMOTORES,854391,,7500802,Certificado de cobertura,,,,'2016-11-11 08:26:34','2016-11-11 08:26:34','2016-11-11 08:26:34',Atendido,,
161111-349318,,Incidente importado desde SAC,,Cac,Usuario Importador,Telemarketing,,Consulta,Solucionado,,,,,AUS1 - AUTOMOTORES,854382,,5100480,Facturación,,,,'2016-11-11 08:26:33','2016-11-11 08:26:33','2016-11-11 08:26:33',Atendido,,
161111-349313,,Incidente importado desde SAC,,Cac,Usuario Importador,Carta Documento,,Consulta,Solucionado,,,,,HOM1 - SEGURO DEL HOGAR,854377,,1218899,Post - Denuncia,,,,'2016-11-11 08:26:32','2016-11-11 08:26:32','2016-11-11 08:26:32',Atendido,,
161111-349314,,Incidente importado desde SAC,,Cac,Usuario Importador,Telemarketing,,Consulta,Solucionado,,,,,AUS1 - AUTOMOTORES,854378,,7637262,Facturación,,,,'2016-11-11 08:26:32','2016-11-11 08:26:32','2016-11-11 08:26:32',Atendido,,
161111-349315,,Incidente importado desde SAC,,Telecobranzas,Usuario Importador,Telemarketing,,Consulta,Solucionado,,,,,HOM1 - SEGURO DEL HOGAR,854379,,3436595,Reenvío al cobro,,,,'2016-11-11 08:26:32','2016-11-11 08:26:32','2016-11-11 08:26:32',Atendido,,
161111-349311,,Incidente importado desde SAC,,Cac,Usuario Importador,Telemarketing,,Consulta,Solucionado,,,,,APR1 - AUTOMOTORES,854375,,3419632,Post - Denuncia,,,,'2016-11-11 08:26:31','2016-11-11 08:26:31','2016-11-11 08:26:31',Atendido,,
161111-349293,,Incidente importado desde SAC,,Cac,Usuario Importador,Carta Documento,,Consulta,Solucionado,,,,,AUS1 - AUTOMOTORES,854357,,587903,Certificado de cobertura,,,,'2016-11-11 08:26:30','2016-11-11 08:26:30','2016-11-11 08:26:30',Atendido,,
161111-349303,,Incidente importado desde SAC,,Fleet Services,Usuario Importador,Telemarketing,,Consulta,Solucionado,,,,,AUT1 - AUTOMOTORES,854367,,4695327,Contacto del tercero,,,,'2016-11-11 08:26:30','2016-11-11 08:26:30','2016-11-11 08:26:30',Atendido,,
161111-349304,,Incidente importado desde SAC,,Cac,Usuario Importador,Telemarketing,,Consulta,Solucionado,,,,,APR1 - AUTOMOTORES,854368,,679889,Certificado de cobertura,,,,'2016-11-11 08:26:30','2016-11-11 08:26:30','2016-11-11 08:26:30',Atendido,,
161111-349306,,Incidente importado desde SAC,,Emisión Masivos,Usuario Importador,Telemarketing,,Consulta,Solucionado,,,,,AUS1 - AUTOMOTORES,854370,,5911908,Baja de póliza,,,,'2016-11-11 08:26:30','2016-11-11 08:26:30','2016-11-11 08:26:30',Atendido,,
161111-349308,,Incidente importado desde SAC,,Emisión Masivos,Usuario Importador,Telemarketing,,Consulta,Solucionado,,,,,AUS1 - AUTOMOTORES,854372,,7532587,Baja de póliza,,,,'2016-11-11 08:26:30','2016-11-11 08:26:30','2016-11-11 08:26:30',Atendido,,
161111-349287,,Incidente importado desde SAC,,Cac,Usuario Importador,Telemarketing,,Consulta,Solucionado,,,,,AUS1 - AUTOMOTORES,854351,,6463897,Facturación,,,,'2016-11-11 08:26:29','2016-11-11 08:26:29','2016-11-11 08:26:29',Atendido,,
161111-349290,,Incidente importado desde SAC,,Emisión Masivos,Usuario Importador,Telemarketing,,Consulta,Solucionado,,,,,AUS1 - AUTOMOTORES,854354,,654127,Baja de póliza,,,,'2016-11-11 08:26:29','2016-11-11 08:26:29','2016-11-11 08:26:29',Atendido,,
161111-349291,,Incidente importado desde SAC,,Mailing,Usuario Importador,Telemarketing,,Reclamo,Solucionado,,,,,AUS1 - AUTOMOTORES,854355,,2901308,Certificado de cobertura,,,,'2016-11-11 08:26:29','2016-11-11 08:26:29','2016-11-11 08:26:29',Resuelto,,
161111-349275,,Incidente importado desde SAC,,Cac,Usuario Importador,Carta Documento,,Consulta,Solucionado,,,,,AUS1 - AUTOMOTORES,854339,,5786714,Certificado de cobertura,,,,'2016-11-11 08:26:28','2016-11-11 08:26:28','2016-11-11 08:26:28',Atendido,,
161111-349256,,Incidente importado desde SAC,,Cac,Usuario Importador,Telemarketing,,Consulta,Solucionado,,,,,HOM1 - SEGURO DEL HOGAR,854320,,4451896,Ampliación de Cobertura con inspección,,,,'2016-11-11 08:26:27','2016-11-11 08:26:27','2016-11-11 08:26:27',Atendido,,
161111-349260,,Incidente importado desde SAC,,Fleet Services,Usuario Importador,Telemarketing,,Consulta,Solucionado,,,,,AUT1 - AUTOMOTORES,854324,,5317797,Contacto del tercero,,,,'2016-11-11 08:26:27','2016-11-11 08:26:27','2016-11-11 08:26:27',Atendido,,
161111-349245,,Incidente importado desde SAC,,Emisión Masivos,Usuario Importador,Telemarketing,,Consulta,Solucionado,,,,,AUS1 - AUTOMOTORES,854309,,647366,Baja de póliza,,,,'2016-11-11 08:26:26','2016-11-11 08:26:26','2016-11-11 08:26:26',Atendido,,
161111-349253,,Incidente importado desde SAC,,Prestadores,Usuario Importador,Telemarketing,,Accion Proactiva,Solucionado,,,,,HOM1 - SEGURO DEL HOGAR,854317,,1310701,Reintegro Prestadores - Acción Proactiva,,,,'2016-11-11 08:26:26','2016-11-11 08:26:26','2016-11-11 08:26:26',Resuelto,,
161111-349236,,Incidente importado desde SAC,,Cac,Usuario Importador,Carta Documento,,Consulta,Solucionado,,,,,AUS1 - AUTOMOTORES,854300,,4484843,Post - Denuncia,,,,'2016-11-11 08:26:25','2016-11-11 08:26:25','2016-11-11 08:26:25',Atendido,,
161111-349239,,Incidente importado desde SAC,,Cac,Usuario Importador,Telemarketing,,Consulta,Solucionado,,,,,APL1 - AUTOMOTORES PLANES,854303,,5206691,Post - Denuncia,,,,'2016-11-11 08:26:25','2016-11-11 08:26:25','2016-11-11 08:26:25',Atendido,,
161111-349227,,Incidente importado desde SAC,,Cac,Usuario Importador,Telemarketing,,Consulta,Solucionado,,,,,AUS1 - AUTOMOTORES,854291,,5348377,Post - Denuncia,,,,'2016-11-11 08:26:23','2016-11-11 08:26:23','2016-11-11 08:26:23',Atendido,,
161111-349201,,Incidente importado desde SAC,,Emisión Masivos,Usuario Importador,Telemarketing,,Consulta,Solucionado,,,,,AUS1 - AUTOMOTORES,854265,,3869938,Baja de póliza,,,,'2016-11-11 08:26:22','2016-11-11 08:26:22','2016-11-11 08:26:22',Atendido,,
161111-349203,,Incidente importado desde SAC,,Cac,Usuario Importador,Telemarketing,,Consulta,Solucionado,,,,,ATD1 - ROBO/USUAR.T.DEB-CRE,854267,,5412092,Baja de póliza,,,,'2016-11-11 08:26:22','2016-11-11 08:26:22','2016-11-11 08:26:22',Atendido,,
161111-349207,,Incidente importado desde SAC,,Cac,Usuario Importador,Telemarketing,,Consulta,Solucionado,,,,,HOM1 - SEGURO DEL HOGAR,854271,,5410579,Facturación,,,,'2016-11-11 08:26:22','2016-11-11 08:26:22','2016-11-11 08:26:22',Atendido,,
161111-349212,,Incidente importado desde SAC,,Emisión Masivos,Usuario Importador,Carta Documento,,Consulta,Solucionado,,,,,AUS1 - AUTOMOTORES,854276,,7113986,Baja de póliza,,,,'2016-11-11 08:26:22','2016-11-11 08:26:22','2016-11-11 08:26:22',Atendido,,
161111-349193,,Incidente importado desde SAC,,Cac,Usuario Importador,Telemarketing,,Consulta,Solucionado,,,,,HOM1 - SEGURO DEL HOGAR,854257,,1041928,Ampliación de Cobertura con inspección,,,,'2016-11-11 08:26:21','2016-11-11 08:26:21','2016-11-11 08:26:21',Atendido,,
161111-349195,,Incidente importado desde SAC,,Cac,Usuario Importador,Telemarketing,,Consulta,Solucionado,,,,,AUS1 - AUTOMOTORES,854259,,7065530,Post - Denuncia,,,,'2016-11-11 08:26:21','2016-11-11 08:26:21','2016-11-11 08:26:21',Atendido,,
161111-349198,,Incidente importado desde SAC,,Cac,Usuario Importador,Telemarketing,,Consulta,Solucionado,,,,,AUS1 - AUTOMOTORES,854262,,3297714,Facturación,,,,'2016-11-11 08:26:21','2016-11-11 08:26:21','2016-11-11 08:26:21',Atendido,,
161111-349180,,Incidente importado desde SAC,,Daños Materiales Autos,Usuario Importador,Carta,,Consulta,Solucionado,,,,,AUT1 - AUTOMOTORES,854244,,1323920,Siniestro Jet,,,,'2016-11-11 08:26:20','2016-11-11 08:26:20','2016-11-11 08:26:20',Resuelto,,
161111-349176,,Incidente importado desde SAC,,Cac,Usuario Importador,Telemarketing,,Consulta,Solucionado,,,,,AUS1 - AUTOMOTORES,854240,,4366244,Facturación,,,,'2016-11-11 08:26:19','2016-11-11 08:26:19','2016-11-11 08:26:19',Atendido,,
161111-349169,,Incidente importado desde SAC,,Cac,Usuario Importador,Telemarketing,,Consulta,Solucionado,,,,,AUS1 - AUTOMOTORES,854233,,2797844,Facturación,,,,'2016-11-11 08:26:17','2016-11-11 08:26:17','2016-11-11 08:26:17',Atendido,,
161111-349172,,Incidente importado desde SAC,,Cac,Usuario Importador,Telemarketing,,Consulta,Solucionado,,,,,APL1 - AUTOMOTORES PLANES,854236,,2593929,Post - Denuncia,,,,'2016-11-11 08:26:17','2016-11-11 08:26:17','2016-11-11 08:26:17',Atendido,,
161111-349173,,Incidente importado desde SAC,,Cac,Usuario Importador,Carta Documento,,Consulta,Solucionado,,,,,AUS1 - AUTOMOTORES,854237,,4920527,Certificado de cobertura,,,,'2016-11-11 08:26:17','2016-11-11 08:26:17','2016-11-11 08:26:17',Atendido,,
161111-349156,,Incidente importado desde SAC,,Cac,Usuario Importador,Carta Documento,,Consulta,Solucionado,,,,,APR1 - AUTOMOTORES,854220,,3631620,Certificado de cobertura,,,,'2016-11-11 08:26:16','2016-11-11 08:26:16','2016-11-11 08:26:16',Atendido,,
161111-349153,,Incidente importado desde SAC,,Cac,Usuario Importador,Telemarketing,,Consulta,Solucionado,,,,,APR1 - AUTOMOTORES,854217,,5322659,Modificaciones datos del producto,,,,'2016-11-11 08:26:15','2016-11-11 08:26:15','2016-11-11 08:26:15',Atendido,,
161111-349126,,Incidente importado desde SAC,,Cac,Usuario Importador,Telemarketing,,Consulta,Solucionado,,,,,AUI1 - AUTOMOTORES INSTITUCIONES,854190,,2691549,Post - Denuncia,,,,'2016-11-11 08:26:14','2016-11-11 08:26:14','2016-11-11 08:26:14',Atendido,,
161111-349127,,Incidente importado desde SAC,,Cac,Usuario Importador,Carta Documento,,Consulta,Solucionado,,,,,APR1 - AUTOMOTORES,854191,,2910204,Certificado de cobertura,,,,'2016-11-11 08:26:14','2016-11-11 08:26:14','2016-11-11 08:26:14',Atendido,,
161111-349132,,Incidente importado desde SAC,,Cac,Usuario Importador,Telemarketing,,Consulta,Solucionado,,,,,APL1 - AUTOMOTORES PLANES,854196,,1843953,Post - Denuncia,,,,'2016-11-11 08:26:14','2016-11-11 08:26:14','2016-11-11 08:26:14',Atendido,,
161111-349135,,Incidente importado desde SAC,,Cac,Usuario Importador,Telemarketing,,Consulta,Solucionado,,,,,APR1 - AUTOMOTORES,854199,,3829573,Modificaciones datos del producto,,,,'2016-11-11 08:26:14','2016-11-11 08:26:14','2016-11-11 08:26:14',Atendido,,
161111-349136,,Incidente importado desde SAC,,Cac,Usuario Importador,Telemarketing,,Consulta,Solucionado,,,,,AUS1 - AUTOMOTORES,854200,,3339952,Denuncia daños materiales,,,,'2016-11-11 08:26:14','2016-11-11 08:26:14','2016-11-11 08:26:14',Atendido,,
161111-349137,,Incidente importado desde SAC,,Cac,Usuario Importador,Telemarketing,,Consulta,Solucionado,,,,,AUS1 - AUTOMOTORES,854201,,1089005,Denuncia Robos,,,,'2016-11-11 08:26:14','2016-11-11 08:26:14','2016-11-11 08:26:14',Atendido,,
161111-349138,,Incidente importado desde SAC,,Cac,Usuario Importador,Telemarketing,,Consulta,Solucionado,,,,,AUS1 - AUTOMOTORES,854202,,2573721,Facturación,,,,'2016-11-11 08:26:14','2016-11-11 08:26:14','2016-11-11 08:26:14',Atendido,,
